1,60.618588,0
2,43.975268,0
6,0.843131,0
7,0.199038,0
9,0.842053,0
10,0.190469,0
12,0.842288,0
13,0.179872,0
15,0.842028,0
16,0.200970,0
18,0.841300,0
19,0.200947,0
21,0.843523,0
22,0.211462,0
24,0.843288,0
25,0.200007,0
27,0.844408,0
28,0.145016,0
30,0.845090,0
31,0.204349,0
33,0.845327,0
34,0.191320,0
36,0.844792,0
37,0.208948,0
39,0.844419,0
40,0.189563,0
42,0.843926,0
43,0.162498,0
45,0.845576,0
46,0.207506,0
48,0.843899,0
49,0.212906,0
51,0.844882,0
52,0.228577,0
54,0.847126,0
55,0.223663,0
57,0.848056,0
58,0.165520,0
60,0.849659,0
61,0.222717,0
63,0.850874,0
64,0.244862,0
65,0.002761,0
67,0.849462,0
68,0.200850,0
70,0.851119,0
71,0.230815,0
73,0.853113,0
74,0.160817,0
76,0.852193,0
77,0.204444,0
79,0.853544,0
80,0.196947,0
82,0.209709,0
84,0.200623,0
86,0.133723,0
88,0.193163,0
90,0.242748,0
91,0.000547,0
93,0.236390,0
95,0.252883,0
96,0.633153,0
97,0.005589,0
99,0.181587,0
101,0.225253,0
102,0.624608,0
103,0.015334,0
105,0.228108,0
106,0.628446,0
108,0.226751,0
109,0.628052,0
110,0.002551,0
112,0.249191,0
113,0.626481,0
114,0.001684,0
116,0.210848,0
118,0.212244,0
119,0.636207,0
120,0.012008,0
122,0.271380,0
123,0.647458,0
124,0.020269,0
126,0.272363,0
127,0.652532,0
128,0.043078,0
130,0.266438,0
131,0.675087,0
132,0.028350,0
134,0.260092,0
135,0.044259,0
137,0.253008,0
138,0.682987,0
139,0.030985,0
141,0.294774,0
142,0.685573,0
143,0.022285,0
145,0.301396,0
146,0.689869,0
147,0.089406,0
149,0.280821,0
150,0.690169,0
151,0.081028,0
153,0.307903,0
154,0.025096,0
156,0.282913,0
157,0.710063,0
158,0.076295,0
160,0.313657,0
161,0.714950,0
162,0.008915,0
164,0.282731,0
165,0.721356,0
166,0.037034,0
168,0.305824,0
169,0.725082,0
170,0.051894,0
172,0.726844,0
173,0.296275,0
174,0.057120,0
176,0.328494,0
177,0.742501,0
178,0.039691,0
180,0.338431,0
181,0.750173,0
182,0.087432,0
184,0.348340,0
185,0.764779,0
186,0.075158,0
188,0.356643,0
189,0.772602,0
190,0.121048,0
192,0.770715,0
193,0.365347,0
194,0.051371,0
196,0.338764,0
197,0.780837,0
198,0.144920,0
200,0.367547,0
201,0.788391,0
202,0.156218,0
204,0.358131,0
205,0.791567,0
206,0.086492,0
208,0.390886,0
209,0.799420,0
210,0.121969,0
212,0.796381,0
213,0.399626,0
214,0.084781,0
216,0.401234,0
217,0.808317,0
218,0.109373,0
220,0.410978,0
221,0.813460,0
222,0.143411,0
224,0.399607,0
225,0.816302,0
226,0.138600,0
228,0.425797,0
229,0.820450,0
230,0.104988,0
232,0.828634,0
233,0.437077,0
234,0.175329,0
236,0.450242,0
237,0.834445,0
238,0.159734,0
240,0.436046,0
241,0.837877,0
242,0.193479,0
243,0.042146,0
245,0.443474,0
246,0.195532,0
247,0.031431,0
249,0.452262,0
250,0.213933,0
251,0.003789,0
253,0.460203,0
254,0.195176,0
256,0.454672,0
257,0.195470,0
258,0.001589,0
260,0.467183,0
261,0.259264,0
263,0.460837,0
264,0.267763,0
265,0.090309,0
267,0.487867,0
268,0.270550,0
269,0.088964,0
271,0.485582,0
272,0.281435,0
273,0.068553,0
275,0.503821,0
276,0.285485,0
277,0.100971,0
279,0.514022,0
280,0.310845,0
281,0.052974,0
283,0.526404,0
284,0.318494,0
285,0.083726,0
287,0.523715,0
288,0.313416,0
289,0.148769,0
291,0.520301,0
292,0.320162,0
293,0.058036,0
295,0.548603,0
296,0.333935,0
297,0.155725,0
299,0.547882,0
300,0.339406,0
301,0.134722,0
303,0.564441,0
304,0.348234,0
305,0.165905,0
307,0.570798,0
308,0.377876,0
309,0.178399,0
311,0.568378,0
312,0.344944,0
313,0.092880,0
315,0.587273,0
316,0.376488,0
317,0.211270,0
319,0.585209,0
320,0.386422,0
321,0.188257,0
323,0.594442,0
324,0.392864,0
325,0.196608,0
327,0.611625,0
328,0.395889,0
329,0.190693,0
331,0.607525,0
332,0.392077,0
333,0.183918,0
335,0.615187,0
336,0.415452,0
337,0.235181,0
339,0.632600,0
340,0.430629,0
341,0.255141,0
342,0.007687,0
344,0.636863,0
345,0.425362,0
346,0.272353,0
348,0.645302,0
349,0.431061,0
350,0.298194,0
352,0.658091,0
353,0.445175,0
354,0.285048,0
356,0.658854,0
357,0.440640,0
358,0.302540,0
359,0.043447,0
361,0.672872,0
362,0.471777,0
363,0.286857,0
365,0.681437,0
366,0.482742,0
367,0.330178,0
368,0.002105,0
370,0.688626,0
371,0.478529,0
372,0.309183,0
373,0.016290,0
375,0.697417,0
376,0.493365,0
377,0.312619,0
378,0.005083,0
380,0.699098,0
381,0.485553,0
382,0.343215,0
383,0.041168,0
385,0.710667,0
386,0.510940,0
387,0.317980,0
388,0.053313,0
390,0.720128,0
391,0.524236,0
392,0.348986,0
393,0.057739,0
395,0.728883,0
396,0.522603,0
397,0.344259,0
398,0.069089,0
400,0.729026,0
401,0.521815,0
402,0.356002,0
403,0.036949,0
405,0.745895,0
406,0.540295,0
407,0.370201,0
408,0.128859,0
410,0.747983,0
411,0.552540,0
412,0.387132,0
413,0.129034,0
415,0.754425,0
416,0.559125,0
417,0.397433,0
418,0.101333,0
420,0.765857,0
421,0.566821,0
422,0.413104,0
423,0.130926,0
425,0.408685,0
426,0.770547,0
427,0.566385,0
428,0.129944,0
430,0.772632,0
431,0.581954,0
432,0.401548,0
433,0.155006,0
435,0.787843,0
436,0.584742,0
437,0.440389,0
438,0.156417,0
440,0.789057,0
441,0.597986,0
442,0.441895,0
443,0.171368,0
445,0.799855,0
446,0.610050,0
447,0.448331,0
448,0.199363,0
450,0.803970,0
451,0.619373,0
452,0.443134,0
453,0.155591,0
455,0.808177,0
456,0.616702,0
457,0.451250,0
458,0.180934,0
460,0.813266,0
461,0.631707,0
462,0.480426,0
463,0.155520,0
465,0.822447,0
466,0.637983,0
467,0.468363,0
468,0.167522,0
470,0.828602,0
471,0.642716,0
472,0.480882,0
473,0.164017,0
475,0.831905,0
476,0.647716,0
477,0.493021,0
478,0.172110,0
480,0.657192,0
481,0.500548,0
482,0.177161,0
484,0.662402,0
485,0.500669,0
486,0.222033,0
488,0.675736,0
489,0.508704,0
490,0.228570,0
492,0.682516,0
493,0.514059,0
494,0.253260,0
496,0.695460,0
497,0.532195,0
498,0.240875,0
500,0.691984,0
501,0.533366,0
502,0.243997,0
504,0.703140,0
505,0.539391,0
506,0.242273,0
508,0.715248,0
509,0.543937,0
510,0.298181,0
512,0.714623,0
513,0.555136,0
514,0.262684,0
516,0.723672,0
517,0.572778,0
518,0.270507,0
520,0.731004,0
521,0.568277,0
522,0.311732,0
524,0.743663,0
525,0.584172,0
526,0.316168,0
528,0.749838,0
529,0.593142,0
530,0.312126,0
532,0.753534,0
533,0.603468,0
534,0.320122,0
536,0.759416,0
537,0.617921,0
538,0.347240,0
540,0.765285,0
541,0.613598,0
542,0.335829,0
544,0.773257,0
545,0.619475,0
546,0.346312,0
548,0.783597,0
549,0.639287,0
550,0.356118,0
552,0.789457,0
553,0.636257,0
554,0.361932,0
556,0.800094,0
557,0.644943,0
558,0.349408,0
560,0.804511,0
561,0.646933,0
562,0.387444,0
563,0.012743,0
565,0.810242,0
566,0.665042,0
567,0.381164,0
568,0.035064,0
570,0.815957,0
571,0.664385,0
572,0.399368,0
574,0.828058,0
575,0.681659,0
576,0.413920,0
577,0.026569,0
579,0.831708,0
580,0.686438,0
581,0.410407,0
582,0.015647,0
584,0.833774,0
585,0.688256,0
586,0.433171,0
587,0.043712,0
589,0.834662,0
590,0.696972,0
591,0.434880,0
592,0.041278,0
594,0.702951,0
595,0.438000,0
596,0.033154,0
598,0.713668,0
599,0.451543,0
600,0.021803,0
602,0.724337,0
603,0.450699,0
604,0.030645,0
606,0.731647,0
607,0.468549,0
608,0.055174,0
610,0.742509,0
611,0.475535,0
612,0.050200,0
614,0.747388,0
615,0.482486,0
616,0.089620,0
618,0.755354,0
619,0.473861,0
620,0.080117,0
622,0.760737,0
623,0.494942,0
624,0.094000,0
626,0.768066,0
627,0.507933,0
628,0.108496,0
630,0.772855,0
631,0.509486,0
632,0.137040,0
634,0.777969,0
635,0.520665,0
636,0.141325,0
638,0.786812,0
639,0.543341,0
640,0.135850,0
642,0.799023,0
643,0.529524,0
644,0.124270,0
646,0.800949,0
647,0.554891,0
648,0.162042,0
650,0.808197,0
651,0.558930,0
652,0.194168,0
654,0.809823,0
655,0.556828,0
656,0.180092,0
658,0.812680,0
659,0.574302,0
660,0.216069,0
662,0.833137,0
663,0.565979,0
664,0.170351,0
666,0.831627,0
667,0.580785,0
668,0.205579,0
670,0.601905,0
671,0.212216,0
673,0.598809,0
674,0.219970,0
676,0.612685,0
677,0.254244,0
679,0.613948,0
680,0.242718,0
682,0.625008,0
683,0.260225,0
685,0.624211,0
686,0.268595,0
688,0.631357,0
689,0.272357,0
691,0.640534,0
692,0.291176,0
694,0.655787,0
695,0.267236,0
697,0.663510,0
698,0.300375,0
700,0.662792,0
701,0.286611,0
703,0.673963,0
704,0.305929,0
706,0.682681,0
707,0.306714,0
709,0.689456,0
710,0.318012,0
712,0.690135,0
713,0.317594,0
715,0.710350,0
716,0.325672,0
718,0.711978,0
719,0.339220,0
721,0.724196,0
722,0.337460,0
724,0.730673,0
725,0.349949,0
727,0.730976,0
728,0.364258,0
730,0.737378,0
731,0.378772,0
733,0.739648,0
734,0.393493,0
736,0.747411,0
737,0.387705,0
739,0.760432,0
740,0.378833,0
742,0.764848,0
743,0.404774,0
745,0.765106,0
746,0.417612,0
748,0.772664,0
749,0.419793,0
751,0.787762,0
752,0.434307,0
754,0.433367,0
756,0.448547,0
758,0.448032,0
760,0.455707,0
762,0.469066,0
764,0.468286,0
766,0.485512,0
768,0.484714,0
770,0.499478,0
772,0.501624,0
774,0.508601,0
776,0.523371,0
778,0.533176,0
780,0.541938,0
782,0.541121,0
784,0.548147,0
786,0.554865,0
788,0.569930,0
790,0.584299,0
792,0.585153,0
794,0.602737,0
796,0.600210,0
797,0.394729,0
799,0.616736,0
800,0.411359,0
802,0.626991,0
803,0.413903,0
805,0.623828,0
806,0.406942,0
808,0.639306,0
809,0.436726,0
811,0.639728,0
812,0.444120,0
814,0.658313,0
815,0.451552,0
817,0.668955,0
818,0.446820,0
820,0.663530,0
821,0.451544,0
823,0.684251,0
824,0.477560,0
826,0.676469,0
827,0.467874,0
829,0.688019,0
830,0.489018,0
832,0.704428,0
833,0.480146,0
835,0.707601,0
836,0.504041,0
838,0.708425,0
839,0.496223,0
841,0.731137,0
842,0.524274,0
844,0.736790,0
845,0.523943,0
847,0.739582,0
848,0.533982,0
850,0.748880,0
851,0.545851,0
853,0.535043,0
854,0.759583,0
856,0.763176,0
857,0.557137,0
859,0.769467,0
860,0.563351,0
862,0.782051,0
863,0.562672,0
865,0.782606,0
866,0.572241,0
868,0.579101,0
870,0.585200,0
872,0.600576,0
874,0.610751,0
876,0.610945,0
878,0.621618,0
880,0.624030,0
882,0.635628,0
884,0.645990,0
886,0.650801,0
888,0.664729,0
889,0.431256,0
891,0.675495,0
892,0.440722,0
894,0.672201,0
895,0.444717,0
897,0.689189,0
898,0.462053,0
900,0.693330,0
901,0.466870,0
903,0.699287,0
904,0.463153,0
906,0.712706,0
907,0.478544,0
909,0.708330,0
910,0.483379,0
912,0.723361,0
913,0.495119,0
915,0.727867,0
916,0.503461,0
918,0.738614,0
919,0.498128,0
921,0.749725,0
922,0.502374,0
924,0.750908,0
925,0.521572,0
927,0.759471,0
928,0.508796,0
930,0.759150,0
931,0.537947,0
933,0.765576,0
934,0.538602,0
936,0.776554,0
937,0.546089,0
939,0.555841,0
941,0.575372,0
943,0.573320,0
945,0.568946,0
947,0.585431,0
949,0.591314,0
951,0.595131,0
953,0.598145,0
955,0.628909,0
957,0.622966,0
959,0.629881,0
961,0.629866,0
963,0.636380,0
965,0.659673,0
967,0.656645,0
969,0.662628,0
971,0.677096,0
973,0.678859,0
975,0.689513,0
977,0.688048,0
979,0.705934,0
981,0.716608,0
983,0.732407,0
984,0.489869,0
986,0.730266,0
987,0.495261,0
989,0.742622,0
990,0.503937,0
992,0.744364,0
993,0.491255,0
995,0.754201,0
996,0.480250,0
998,0.768599,0
999,0.500761,0
1001,0.762726,0
1002,0.518418,0
1004,0.775341,0
1005,0.512875,0
1007,0.778496,0
1008,0.526926,0
1010,0.781601,0
1011,0.526030,0
1013,0.798342,0
1014,0.544954,0
1016,0.543159,0
1018,0.554524,0
1020,0.558608,0
1022,0.563286,0
1024,0.573706,0
1026,0.566440,0
1028,0.586304,0
1030,0.591424,0
1032,0.602101,0
1034,0.609045,0
1036,0.596939,0
1038,0.626401,0
1040,0.636696,0
1042,0.641461,0
1044,0.655131,0
1046,0.646827,0
1048,0.667299,0
1049,0.465623,0
1051,0.665549,0
1052,0.478777,0
1054,0.681290,0
1055,0.504762,0
1057,0.693878,0
1058,0.508735,0
1060,0.692731,0
1061,0.494479,0
1063,0.707679,0
1064,0.502519,0
1066,0.720367,0
1067,0.529169,0
1069,0.725964,0
1070,0.530602,0
1072,0.729808,0
1073,0.528542,0
1075,0.725021,0
1076,0.526749,0
1078,0.746011,0
1079,0.555345,0
1081,0.744899,0
1082,0.555691,0
1084,0.754758,0
1085,0.566429,0
1087,0.756012,0
1088,0.575872,0
1090,0.770867,0
1091,0.571263,0
1093,0.776742,0
1094,0.587965,0
1096,0.781682,0
1097,0.600791,0
1099,0.797522,0
1100,0.602950,0
1102,0.794844,0
1103,0.601266,0
1105,0.611213,0
1107,0.626837,0
1109,0.626813,0
1111,0.644060,0
1113,0.647335,0
1115,0.652081,0
1117,0.657492,0
1119,0.665278,0
1121,0.681053,0
1123,0.681532,0
1125,0.685787,0
1127,0.697532,0
1128,0.425765,0
1130,0.704409,0
1131,0.449111,0
1133,0.709163,0
1134,0.447780,0
1136,0.715415,0
1137,0.451792,0
1139,0.729157,0
1140,0.459578,0
1142,0.730171,0
1143,0.472456,0
1145,0.739838,0
1146,0.489585,0
1148,0.749254,0
1149,0.482594,0
1151,0.748538,0
1152,0.485887,0
1154,0.754144,0
1155,0.509912,0
1157,0.759207,0
1158,0.500381,0
1160,0.763833,0
1161,0.506771,0
1163,0.767020,0
1164,0.494309,0
1166,0.774231,0
1167,0.513310,0
1169,0.792996,0
1170,0.538651,0
1172,0.538395,0
1174,0.558165,0
1176,0.563780,0
1178,0.562116,0
1180,0.563359,0
1182,0.587455,0
1184,0.598175,0
1186,0.592165,0
1188,0.606296,0
1190,0.606929,0
1192,0.617640,0
1194,0.630552,0
1196,0.633670,0
1198,0.644136,0
1200,0.639651,0
1201,0.439125,0
1203,0.652043,0
1204,0.456566,0
1206,0.667422,0
1207,0.466111,0
1209,0.677581,0
1210,0.474483,0
1212,0.680901,0
1213,0.473241,0
1215,0.686417,0
1216,0.493609,0
1218,0.707523,0
1219,0.482088,0
1221,0.715057,0
1222,0.480093,0
1224,0.715454,0
1225,0.504361,0
1227,0.721430,0
1228,0.508488,0
1230,0.738770,0
1231,0.518626,0
1233,0.739048,0
1234,0.526394,0
1236,0.751759,0
1237,0.532234,0
1239,0.755857,0
1240,0.545253,0
1242,0.759832,0
1243,0.547892,0
1245,0.761302,0
1246,0.556802,0
1248,0.778010,0
1249,0.573308,0
1251,0.791114,0
1252,0.566837,0
1254,0.578283,0
1256,0.589499,0
1258,0.598817,0
1260,0.601762,0
1262,0.617232,0
1264,0.611666,0
1266,0.629706,0
1268,0.634485,0
1270,0.644141,0
1272,0.651451,0
1274,0.654550,0
1276,0.666696,0
1278,0.671278,0
1280,0.681858,0
1281,0.396034,0
1283,0.687180,0
1284,0.432116,0
1286,0.696208,0
1287,0.428337,0
1289,0.709342,0
1290,0.440015,0
1292,0.446444,0
1294,0.724590,0
1295,0.458873,0
1297,0.731278,0
1298,0.460388,0
1300,0.741432,0
1301,0.474192,0
1303,0.745576,0
1304,0.484310,0
1306,0.755131,0
1307,0.471238,0
1309,0.763076,0
1310,0.496758,0
1312,0.768045,0
1313,0.506502,0
1315,0.778664,0
1316,0.505627,0
1318,0.785994,0
1319,0.504213,0
1321,0.791524,0
1322,0.511044,0
1324,0.544163,0
1326,0.541932,0
1328,0.556659,0
1330,0.561020,0
1332,0.554190,0
1334,0.575985,0
1336,0.588835,0
1338,0.590415,0
1340,0.600870,0
1342,0.592287,0
1343,0.454100,0
1345,0.622021,0
1346,0.477761,0
1348,0.624601,0
1349,0.478145,0
1351,0.628917,0
1352,0.485880,0
1354,0.643246,0
1355,0.498145,0
1357,0.650873,0
1358,0.486694,0
1360,0.660280,0
1361,0.503814,0
1363,0.679756,0
1364,0.516623,0
1366,0.681844,0
1367,0.521468,0
1369,0.687809,0
1370,0.526861,0
1372,0.699700,0
1373,0.528155,0
1375,0.710435,0
1376,0.541547,0
1378,0.714950,0
1379,0.547799,0
1381,0.723111,0
1382,0.559699,0
1384,0.736992,0
1385,0.569019,0
1387,0.741495,0
1388,0.582207,0
1390,0.750442,0
1391,0.591622,0
1393,0.765981,0
1394,0.596825,0
1396,0.772018,0
1397,0.599202,0
1399,0.775902,0
1400,0.602441,0
1402,0.796207,0
1403,0.614750,0
1405,0.626620,0
1406,0.253178,0
1408,0.639312,0
1409,0.276932,0
1411,0.647584,0
1412,0.278227,0
1414,0.652507,0
1415,0.280335,0
1417,0.666195,0
1418,0.276882,0
1420,0.668354,0
1421,0.289847,0
1423,0.679218,0
1424,0.315998,0
1426,0.686597,0
1427,0.321707,0
1429,0.699087,0
1430,0.323547,0
1432,0.704717,0
1433,0.321256,0
1435,0.712227,0
1436,0.343702,0
1438,0.724770,0
1439,0.341396,0
1441,0.734285,0
1442,0.348602,0
1444,0.738572,0
1445,0.356297,0
1447,0.744881,0
1448,0.356396,0
1450,0.758236,0
1451,0.375879,0
1453,0.765473,0
1454,0.382199,0
1456,0.766730,0
1457,0.382628,0
1459,0.775062,0
1460,0.386764,0
1462,0.784431,0
1463,0.384335,0
1465,0.791203,0
1466,0.411855,0
1468,0.800610,0
1469,0.434048,0
1471,0.809342,0
1472,0.434703,0
1473,0.007221,0
1475,0.810302,0
1476,0.442684,0
1478,0.813111,0
1479,0.443012,0
1481,0.460819,0
1482,0.000349,0
1484,0.473070,0
1485,0.022254,0
1487,0.463043,0
1488,0.034940,0
1490,0.478253,0
1491,0.035901,0
1493,0.485528,0
1495,0.499418,0
1496,0.078057,0
1498,0.516503,0
1499,0.083578,0
1501,0.523301,0
1502,0.086355,0
1504,0.536023,0
1505,0.096717,0
1507,0.530751,0
1508,0.066007,0
1510,0.548063,0
1511,0.078086,0
1513,0.550015,0
1514,0.073351,0
1516,0.566658,0
1517,0.128402,0
1519,0.573556,0
1520,0.148704,0
1522,0.584879,0
1523,0.102323,0
1525,0.592388,0
1526,0.158727,0
1528,0.600116,0
1529,0.138547,0
1531,0.612491,0
1532,0.158852,0
1534,0.621983,0
1535,0.171199,0
1537,0.629901,0
1538,0.104814,0
1540,0.633448,0
1541,0.166441,0
1543,0.639228,0
1544,0.169111,0
1546,0.654799,0
1547,0.219826,0
1549,0.657321,0
1550,0.219182,0
1552,0.675821,0
1553,0.221672,0
1555,0.685280,0
1556,0.227818,0
1558,0.695955,0
1559,0.251551,0
1561,0.707647,0
1562,0.258235,0
1564,0.711452,0
1565,0.269193,0
1567,0.719959,0
1568,0.241857,0
1570,0.728150,0
1571,0.277118,0
1573,0.736633,0
1574,0.312729,0
1576,0.747046,0
1577,0.298594,0
1579,0.755104,0
1580,0.306312,0
1582,0.775200,0
1583,0.342504,0
1585,0.764989,0
1586,0.346032,0
1588,0.780010,0
1589,0.355039,0
1591,0.781245,0
1592,0.346364,0
1594,0.791970,0
1595,0.361879,0
1597,0.806278,0
1598,0.374072,0
1600,0.811083,0
1601,0.376807,0
1603,0.816285,0
1604,0.390899,0
1606,0.828722,0
1607,0.409706,0
1609,0.832136,0
1610,0.405612,0
1612,0.839546,0
1613,0.393700,0
1615,0.438464,0
1617,0.441760,0
1619,0.439162,0
1621,0.443962,0
1623,0.453860,0
1625,0.468643,0
1627,0.484187,0
1629,0.496156,0
1630,0.004981,0
1632,0.502365,0
1634,0.510927,0
1635,0.008629,0
1637,0.524339,0
1638,0.010759,0
1640,0.541379,0
1641,0.066203,0
1643,0.544457,0
1644,0.076386,0
1646,0.557163,0
1647,0.083911,0
1649,0.564780,0
1651,0.576096,0
1652,0.092114,0
1654,0.590999,0
1655,0.098474,0
1657,0.596727,0
1658,0.123429,0
1660,0.605776,0
1661,0.125639,0
1663,0.615891,0
1664,0.056339,0
1666,0.625711,0
1667,0.165334,0
1669,0.637156,0
1670,0.148579,0
1672,0.646920,0
1673,0.163466,0
1675,0.650671,0
1676,0.173075,0
1678,0.668086,0
1679,0.158410,0
1681,0.666293,0
1682,0.210710,0
1684,0.682545,0
1685,0.205112,0
1687,0.693305,0
1688,0.201547,0
1690,0.697631,0
1691,0.229634,0
1693,0.710640,0
1694,0.172596,0
1696,0.716464,0
1697,0.249435,0
1699,0.730756,0
1700,0.247975,0
1702,0.732039,0
1703,0.260567,0
1705,0.743706,0
1706,0.274065,0
1708,0.754465,0
1709,0.270230,0
1711,0.759961,0
1712,0.312420,0
1714,0.768525,0
1715,0.321919,0
1717,0.774867,0
1718,0.314587,0
1720,0.792710,0
1721,0.345835,0
1723,0.796022,0
1724,0.341765,0
1726,0.795330,0
1727,0.369782,0
1729,0.805877,0
1730,0.364719,0
1732,0.813795,0
1733,0.363147,0
1735,0.819442,0
1736,0.374098,0
1738,0.828813,0
1739,0.351940,0
1741,0.831486,0
1742,0.404286,0
1744,0.389279,0
1746,0.414400,0
1748,0.429202,0
1750,0.442027,0
1752,0.434702,0
1754,0.448200,0
1756,0.468907,0
1758,0.471059,0
1760,0.500122,0
1762,0.498399,0
1764,0.504350,0
1766,0.513099,0
1768,0.520575,0
1769,0.012285,0
1771,0.527187,0
1772,0.023944,0
1774,0.543717,0
1775,0.022921,0
1777,0.562532,0
1778,0.053220,0
1780,0.562807,0
1781,0.026168,0
1783,0.577858,0
1784,0.039279,0
1786,0.592473,0
1787,0.013588,0
1789,0.596896,0
1790,0.027491,0
1792,0.611072,0
1793,0.076695,0
1795,0.620813,0
1796,0.086774,0
1798,0.626549,0
1799,0.093925,0
1801,0.633159,0
1802,0.114068,0
1804,0.651729,0
1805,0.162048,0
1807,0.649976,0
1808,0.136391,0
1810,0.662808,0
1811,0.190213,0
1813,0.672938,0
1814,0.186486,0
1816,0.681612,0
1817,0.160359,0
1819,0.694061,0
1820,0.251507,0
1822,0.703626,0
1823,0.225521,0
1825,0.711838,0
1826,0.197108,0
1828,0.720724,0
1829,0.225785,0
1831,0.730983,0
1832,0.194635,0
1834,0.741206,0
1835,0.245840,0
1837,0.755594,0
1838,0.279825,0
1840,0.769216,0
1841,0.270546,0
1843,0.775027,0
1844,0.290155,0
1846,0.782716,0
1847,0.336070,0
1849,0.797979,0
1850,0.288647,0
1852,0.796068,0
1853,0.329295,0
1855,0.802424,0
1856,0.338774,0
1858,0.811926,0
1859,0.354402,0
1861,0.818263,0
1862,0.354421,0
1864,0.825754,0
1865,0.360651,0
1867,0.835420,0
1868,0.369381,0
1870,0.842392,0
1871,0.397547,0
1873,0.376328,0
1875,0.398681,0
1877,0.419830,0
1879,0.434034,0
1881,0.427328,0
1883,0.444346,0
1885,0.428031,0
1887,0.458874,0
1889,0.470066,0
1891,0.488076,0
1892,0.016995,0
1894,0.488473,0
1896,0.512136,0
1897,0.015709,0
1899,0.516026,0
1900,0.056135,0
1902,0.532153,0
1903,0.030085,0
1905,0.537898,0
1906,0.023210,0
1908,0.554312,0
1909,0.034104,0
1911,0.549502,0
1912,0.057133,0
1914,0.565922,0
1915,0.052656,0
1917,0.571177,0
1918,0.085353,0
1920,0.592525,0
1921,0.123312,0
1923,0.601222,0
1924,0.119766,0
1926,0.606694,0
1927,0.134982,0
1929,0.621227,0
1930,0.167260,0
1932,0.637575,0
1933,0.185768,0
1935,0.643773,0
1936,0.176559,0
1938,0.645954,0
1939,0.167968,0
1941,0.654473,0
1942,0.146934,0
1944,0.668972,0
1945,0.212437,0
1947,0.673121,0
1948,0.218127,0
1950,0.691245,0
1951,0.239190,0
1953,0.697697,0
1954,0.224335,0
1956,0.705748,0
1957,0.216566,0
1959,0.714722,0
1960,0.246681,0
1962,0.726157,0
1963,0.264646,0
1965,0.735880,0
1966,0.287284,0
1968,0.748951,0
1969,0.289189,0
1971,0.755428,0
1972,0.253309,0
1974,0.762213,0
1975,0.308431,0
1977,0.772273,0
1978,0.302164,0
1980,0.782323,0
1981,0.334879,0
1983,0.787684,0
1984,0.329453,0
1986,0.788288,0
1987,0.364302,0
1989,0.804005,0
1990,0.340923,0
1992,0.809846,0
1993,0.351568,0
1995,0.817923,0
1996,0.372832,0
1998,0.392239,0
2000,0.393727,0
2002,0.418396,0
2004,0.428889,0
2006,0.416614,0
2008,0.437297,0
2010,0.434459,0
2012,0.453287,0
2014,0.447427,0
2016,0.464417,0
2018,0.472897,0
2020,0.499954,0
2022,0.501891,0
2023,0.000417,0
2025,0.506626,0
2027,0.535093,0
2028,0.013389,0
2030,0.545374,0
2031,0.061981,0
2033,0.552997,0
2034,0.008959,0
2036,0.558058,0
2037,0.052448,0
2039,0.565820,0
2040,0.092113,0
2042,0.573097,0
2043,0.101113,0
2045,0.595897,0
2046,0.152822,0
2048,0.593972,0
2049,0.123913,0
2051,0.612241,0
2052,0.123726,0
2054,0.612340,0
2055,0.118730,0
2057,0.625439,0
2058,0.112586,0
2060,0.625182,0
2061,0.175133,0
2063,0.651347,0
2064,0.150292,0
2066,0.651244,0
2067,0.175787,0
2069,0.667079,0
2070,0.180657,0
2072,0.673105,0
2073,0.143486,0
2075,0.678622,0
2076,0.215894,0
2078,0.698179,0
2079,0.167587,0
2080,0.049455,0
2082,0.695352,0
2083,0.224104,0
2084,0.020947,0
2086,0.702442,0
2087,0.209615,0
2088,0.044787,0
2090,0.710542,0
2091,0.247607,0
2092,0.070285,0
2094,0.715794,0
2095,0.254335,0
2096,0.089493,0
2098,0.735785,0
2099,0.217622,0
2100,0.065736,0
2102,0.736682,0
2103,0.278099,0
2104,0.135644,0
2106,0.740117,0
2107,0.309410,0
2108,0.103353,0
2110,0.751252,0
2111,0.341267,0
2112,0.086609,0
2114,0.757363,0
2115,0.325068,0
2116,0.107972,0
2118,0.766943,0
2119,0.322207,0
2120,0.102219,0
2122,0.776852,0
2123,0.348340,0
2124,0.163301,0
2126,0.792381,0
2127,0.345342,0
2128,0.138139,0
2130,0.795895,0
2131,0.370777,0
2132,0.102996,0
2134,0.797927,0
2135,0.357659,0
2136,0.135034,0
2138,0.813038,0
2139,0.156345,0
2141,0.822234,0
2142,0.393683,0
2143,0.155296,0
2145,0.356471,0
2146,0.214916,0
2148,0.394814,0
2149,0.199602,0
2151,0.391544,0
2152,0.199811,0
2154,0.407136,0
2155,0.261888,0
2157,0.436784,0
2158,0.261363,0
2160,0.463868,0
2161,0.276863,0
2163,0.455164,0
2164,0.282984,0
2166,0.460553,0
2167,0.272544,0
2169,0.449044,0
2170,0.285579,0
2171,0.028080,0
2173,0.478119,0
2174,0.300766,0
2175,0.086141,0
2177,0.489177,0
2178,0.300983,0
2179,0.032041,0
2181,0.493968,0
2182,0.326515,0
2183,0.030755,0
2185,0.515424,0
2186,0.340666,0
2187,0.052053,0
2189,0.492642,0
2190,0.331097,0
2191,0.135671,0
2193,0.521109,0
2194,0.368955,0
2195,0.084695,0
2197,0.529350,0
2198,0.369831,0
2199,0.137265,0
2201,0.549389,0
2202,0.382207,0
2203,0.050030,0
2205,0.554602,0
2206,0.358250,0
2207,0.118737,0
2209,0.550713,0
2210,0.146677,0
2212,0.557761,0
2213,0.360187,0
2214,0.206643,0
2216,0.575128,0
2217,0.368761,0
2218,0.180160,0
2220,0.565666,0
2221,0.373801,0
2222,0.184219,0
2224,0.587507,0
2225,0.406057,0
2226,0.225220,0
2228,0.436823,0
2229,0.598121,0
2230,0.173531,0
2232,0.604105,0
2233,0.411653,0
2234,0.217116,0
2236,0.611054,0
2237,0.438149,0
2238,0.237165,0
2240,0.619701,0
2241,0.432153,0
2242,0.207338,0
2244,0.634889,0
2245,0.432351,0
2246,0.204417,0
2248,0.649404,0
2249,0.442454,0
2250,0.215330,0
2252,0.638603,0
2253,0.456777,0
2254,0.252277,0
2256,0.656984,0
2257,0.480414,0
2258,0.268058,0
2260,0.673178,0
2261,0.479664,0
2262,0.247359,0
2264,0.679056,0
2265,0.508993,0
2266,0.300091,0
2268,0.691419,0
2269,0.497275,0
2270,0.329943,0
2272,0.689977,0
2273,0.510036,0
2274,0.323636,0
2276,0.706150,0
2277,0.518087,0
2278,0.317840,0
2280,0.711169,0
2281,0.534933,0
2282,0.318539,0
2284,0.714312,0
2285,0.546247,0
2286,0.341008,0
2288,0.721910,0
2289,0.538270,0
2290,0.307229,0
2292,0.736294,0
2293,0.552810,0
2294,0.323576,0
2295,0.029561,0
2297,0.742736,0
2298,0.563606,0
2299,0.313978,0
2301,0.751297,0
2302,0.578204,0
2303,0.336899,0
2304,0.040623,0
2306,0.759409,0
2307,0.576320,0
2308,0.343619,0
2310,0.766998,0
2311,0.589820,0
2312,0.352640,0
2314,0.771536,0
2315,0.594827,0
2316,0.374538,0
2317,0.045450,0
2319,0.783542,0
2320,0.603584,0
2321,0.390814,0
2322,0.020226,0
2324,0.784616,0
2325,0.608620,0
2326,0.397617,0
2327,0.043871,0
2329,0.800118,0
2330,0.608380,0
2331,0.398433,0
2333,0.804520,0
2334,0.624981,0
2335,0.397412,0
2336,0.018372,0
2338,0.814744,0
2339,0.632297,0
2340,0.415997,0
2341,0.057395,0
2343,0.817737,0
2344,0.641013,0
2345,0.429742,0
2346,0.096408,0
2348,0.826474,0
2349,0.647672,0
2350,0.427513,0
2351,0.139321,0
2353,0.831732,0
2354,0.655767,0
2355,0.451610,0
2356,0.055404,0
2358,0.658213,0
2359,0.428941,0
2360,0.021182,0
2362,0.666958,0
2363,0.460873,0
2364,0.135705,0
2366,0.672066,0
2367,0.452060,0
2368,0.143429,0
2370,0.467612,0
2371,0.685552,0
2372,0.150359,0
2374,0.474488,0
2375,0.689522,0
2376,0.115763,0
2378,0.700425,0
2379,0.469704,0
2380,0.116278,0
2382,0.481051,0
2383,0.702871,0
2384,0.150795,0
2386,0.490127,0
2387,0.712071,0
2388,0.047296,0
2390,0.493572,0
2391,0.717456,0
2392,0.152902,0
2394,0.724322,0
2395,0.500969,0
2396,0.166910,0
2398,0.728973,0
2399,0.484408,0
2400,0.191846,0
2402,0.743005,0
2403,0.510581,0
2404,0.179176,0
2406,0.741571,0
2407,0.519112,0
2408,0.157910,0
2410,0.752994,0
2411,0.520579,0
2412,0.196585,0
2414,0.762226,0
2415,0.526650,0
2416,0.204406,0
2418,0.761821,0
2419,0.536317,0
2420,0.208291,0
2422,0.772404,0
2423,0.546835,0
2424,0.216253,0
2426,0.777054,0
2427,0.547644,0
2428,0.243032,0
2430,0.778485,0
2431,0.551579,0
2432,0.226041,0
2434,0.786551,0
2435,0.565313,0
2436,0.236662,0
2438,0.798768,0
2439,0.555389,0
2441,0.801109,0
2442,0.568426,0
2443,0.232192,0
2445,0.806299,0
2446,0.569387,0
2447,0.281224,0
2449,0.814515,0
2450,0.584710,0
2451,0.271611,0
2453,0.821066,0
2454,0.587861,0
2455,0.250887,0
2457,0.827071,0
2458,0.591274,0
2460,0.827775,0
2461,0.605448,0
2462,0.237911,0
2464,0.602149,0
2465,0.256634,0
2466,0.060782,0
2468,0.611217,0
2469,0.300687,0
2471,0.610672,0
2472,0.240056,0
2474,0.617644,0
2475,0.686875,0
2476,0.240531,0
2478,0.615828,0
2479,0.267386,0
2481,0.625232,0
2482,0.323686,0
2484,0.634597,0
2485,0.335175,0
2487,0.640350,0
2488,0.327266,0
2489,0.013694,0
2491,0.655393,0
2492,0.328213,0
2494,0.662863,0
2495,0.342829,0
2496,0.066679,0
2498,0.670919,0
2499,0.368700,0
2500,0.023576,0
2502,0.682413,0
2503,0.354333,0
2504,0.023124,0
2506,0.691101,0
2507,0.383685,0
2508,0.104615,0
2510,0.694001,0
2511,0.378609,0
2513,0.697848,0
2514,0.399309,0
2515,0.106665,0
2517,0.706499,0
2518,0.402328,0
2519,0.088811,0
2521,0.714060,0
2522,0.415190,0
2523,0.176463,0
2525,0.723178,0
2526,0.421610,0
2527,0.096392,0
2529,0.727062,0
2530,0.436074,0
2531,0.161549,0
2533,0.736060,0
2534,0.446538,0
2535,0.158514,0
2537,0.741931,0
2538,0.454893,0
2539,0.158487,0
2541,0.754759,0
2542,0.449712,0
2543,0.174021,0
2545,0.755588,0
2546,0.482909,0
2547,0.148252,0
2549,0.767258,0
2550,0.487554,0
2552,0.780402,0
2553,0.485376,0
2554,0.190046,0
2556,0.784370,0
2557,0.497772,0
2558,0.179944,0
2560,0.784410,0
2561,0.497060,0
2562,0.206764,0
2564,0.798317,0
2565,0.529831,0
2566,0.219679,0
2567,0.009278,0
2569,0.523889,0
2571,0.531040,0
2572,0.278373,0
2573,0.013546,0
2575,0.569308,0
2576,0.287357,0
2577,0.062409,0
2579,0.566038,0
2580,0.304564,0
2581,0.040365,0
2583,0.565652,0
2584,0.326949,0
2585,0.048529,0
2587,0.577220,0
2588,0.259056,0
2590,0.590552,0
2591,0.341816,0
2593,0.596773,0
2594,0.336042,0
2596,0.612570,0
2597,0.354390,0
2599,0.621191,0
2600,0.363755,0
2602,0.384867,0
2604,0.640495,0
2605,0.405519,0
2607,0.645394,0
2608,0.417512,0
2610,0.662259,0
2611,0.412799,0
2613,0.674481,0
2614,0.421602,0
2616,0.683232,0
2617,0.442533,0
2619,0.689706,0
2620,0.430655,0
2622,0.693817,0
2623,0.435808,0
2625,0.709837,0
2626,0.478552,0
2628,0.721916,0
2629,0.470503,0
2631,0.730597,0
2632,0.509099,0
2634,0.740769,0
2635,0.495671,0
2637,0.741329,0
2638,0.486101,0
2640,0.752207,0
2641,0.505415,0
2643,0.761892,0
2644,0.534538,0
2646,0.544571,0
2648,0.545459,0
2650,0.547783,0
2652,0.333154,0
2653,0.563283,0
2655,0.366301,0
2656,0.581836,0
2658,0.581274,0
2659,0.344061,0
2661,0.364718,0
2662,0.592999,0
2664,0.396656,0
2665,0.603628,0
2667,0.628546,0
2668,0.384858,0
2670,0.631000,0
2671,0.395023,0
2673,0.637406,0
2674,0.405634,0
2676,0.637002,0
2677,0.400117,0
2679,0.643966,0
2680,0.398963,0
2682,0.656785,0
2683,0.428406,0
2685,0.667491,0
2686,0.449188,0
2688,0.680953,0
2689,0.421670,0
2691,0.675820,0
2692,0.461129,0
2694,0.691465,0
2695,0.465495,0
2697,0.702376,0
2698,0.475198,0
2700,0.706165,0
2701,0.478378,0
2703,0.712772,0
2704,0.481285,0
2706,0.718550,0
2707,0.497465,0
2709,0.723664,0
2710,0.484270,0
2712,0.731864,0
2713,0.500238,0
2715,0.746002,0
2716,0.516565,0
2718,0.750279,0
2719,0.517270,0
2721,0.755210,0
2722,0.526973,0
2724,0.759240,0
2725,0.512928,0
2727,0.771481,0
2728,0.526713,0
2730,0.547691,0
2732,0.537855,0
2734,0.561676,0
2736,0.567405,0
2738,0.574168,0
2740,0.584062,0
2742,0.581767,0
2744,0.592044,0
2746,0.593728,0
2748,0.606839,0
2750,0.617263,0
2752,0.610677,0
2754,0.635216,0
2755,0.454883,0
2757,0.645266,0
2758,0.459025,0
2760,0.645975,0
2761,0.455400,0
2763,0.662872,0
2764,0.474197,0
2766,0.665757,0
2767,0.456254,0
2769,0.678617,0
2770,0.457265,0
2772,0.661901,0
2773,0.478571,0
2775,0.699526,0
2776,0.495582,0
2778,0.705705,0
2779,0.500786,0
2781,0.715590,0
2782,0.508373,0
2784,0.726259,0
2785,0.519239,0
2787,0.733901,0
2788,0.522377,0
2790,0.736563,0
2791,0.525762,0
2793,0.745904,0
2794,0.531424,0
2796,0.765339,0
2797,0.528497,0
2799,0.769165,0
2800,0.545765,0
2802,0.778216,0
2803,0.561275,0
2805,0.566661,0
2807,0.596589,0
2809,0.597171,0
2811,0.597330,0
2813,0.619674,0
2815,0.611812,0
2817,0.629384,0
2819,0.625355,0
2821,0.636120,0
2823,0.655823,0
2825,0.665859,0
2827,0.673013,0
2829,0.679822,0
2831,0.684531,0
2833,0.690376,0
2834,0.460621,0
2836,0.696253,0
2837,0.461182,0
2839,0.707886,0
2840,0.470221,0
2842,0.708786,0
2843,0.492414,0
2845,0.724182,0
2846,0.482422,0
2848,0.732101,0
2849,0.488802,0
2851,0.732258,0
2852,0.504819,0
2854,0.748662,0
2855,0.510095,0
2857,0.749628,0
2858,0.504526,0
2860,0.750118,0
2861,0.491542,0
2863,0.762542,0
2864,0.518159,0
2866,0.775398,0
2867,0.526081,0
2869,0.542990,0
2871,0.553104,0
2873,0.554995,0
2875,0.558564,0
2877,0.581578,0
2879,0.581161,0
2881,0.596261,0
2883,0.585052,0
2885,0.595936,0
2887,0.608040,0
2889,0.617341,0
2891,0.625971,0
2893,0.622606,0
2894,0.440710,0
2896,0.635094,0
2897,0.446110,0
2899,0.657681,0
2900,0.440475,0
2902,0.668598,0
2903,0.464194,0
2905,0.679530,0
2906,0.473414,0
2908,0.690400,0
2909,0.490528,0
2911,0.697962,0
2912,0.487812,0
2914,0.706485,0
2915,0.494902,0
2917,0.711177,0
2918,0.509317,0
2920,0.724821,0
2921,0.510020,0
2923,0.733703,0
2924,0.521699,0
2926,0.729980,0
2927,0.512243,0
2929,0.743304,0
2930,0.514160,0
2932,0.757741,0
2933,0.544226,0
2935,0.766157,0
2936,0.571495,0
2938,0.768702,0
2939,0.563982,0
2941,0.783059,0
2942,0.572808,0
2944,0.578232,0
2946,0.585864,0
2948,0.608395,0
2950,0.601527,0
2952,0.616875,0
2954,0.623404,0
2956,0.630928,0
2958,0.646280,0
2960,0.644942,0
2962,0.659238,0
2964,0.669137,0
2966,0.673642,0
2967,0.493840,0
2969,0.685038,0
2970,0.471232,0
2972,0.694186,0
2973,0.483400,0
2975,0.700327,0
2976,0.495801,0
2978,0.702872,0
2979,0.506029,0
2981,0.707606,0
2982,0.499247,0
2984,0.705441,0
2985,0.524875,0
2987,0.727708,0
2988,0.534812,0
2990,0.736955,0
2991,0.536452,0
2993,0.740267,0
2994,0.536511,0
2996,0.749601,0
2997,0.548658,0
2999,0.752891,0
3000,0.547233,0
3002,0.770140,0
3003,0.546786,0
3005,0.776109,0
3006,0.565337,0
3008,0.788315,0
3009,0.574659,0
3011,0.593201,0
3013,0.585643,0
3015,0.604311,0
3017,0.598666,0
3019,0.620441,0
3021,0.615239,0
3023,0.624586,0
3025,0.639875,0
3027,0.643984,0
3029,0.652758,0
3031,0.662855,0
3033,0.677218,0
3035,0.682664,0
3036,0.483549,0
3038,0.690784,0
3039,0.473052,0
3041,0.712544,0
3042,0.490282,0
3044,0.716742,0
3045,0.480495,0
3047,0.714944,0
3048,0.486879,0
3050,0.732784,0
3052,0.736921,0
3053,0.495669,0
3055,0.752587,0
3056,0.526599,0
3058,0.758391,0
3059,0.539382,0
3061,0.510970,0
3063,0.775937,0
3064,0.546452,0
3066,0.780048,0
3067,0.542546,0
3069,0.786136,0
3070,0.546410,0
3072,0.793758,0
3073,0.557095,0
3075,0.562579,0
3077,0.571449,0
3079,0.589885,0
3081,0.596878,0
3083,0.598734,0
3085,0.615934,0
3087,0.619020,0
3089,0.620816,0
3091,0.634125,0
3093,0.631929,0
3095,0.632288,0
3097,0.649883,0
3098,0.448420,0
3100,0.667054,0
3101,0.442243,0
3103,0.675162,0
3104,0.444901,0
3106,0.680426,0
3107,0.446673,0
3109,0.687099,0
3110,0.441462,0
3112,0.696880,0
3113,0.472782,0
3115,0.705422,0
3116,0.473454,0
3118,0.713419,0
3119,0.473521,0
3121,0.719235,0
3122,0.483206,0
3124,0.728779,0
3125,0.503247,0
3127,0.734648,0
3128,0.506420,0
3130,0.741190,0
3131,0.497773,0
3133,0.746559,0
3134,0.504870,0
3136,0.757317,0
3137,0.520733,0
3139,0.778065,0
3140,0.504390,0
3142,0.776313,0
3143,0.546302,0
3145,0.556605,0
3147,0.562613,0
3149,0.567270,0
3151,0.567373,0
3153,0.583893,0
3155,0.583527,0
3157,0.593856,0
3159,0.618896,0
3161,0.594833,0
3163,0.614504,0
3164,0.390883,0
3166,0.640787,0
3167,0.387493,0
3169,0.641750,0
3170,0.407449,0
3172,0.668519,0
3173,0.419197,0
3175,0.658176,0
3176,0.418437,0
3178,0.682802,0
3179,0.425046,0
3181,0.690707,0
3182,0.429477,0
3184,0.697285,0
3185,0.420632,0
3187,0.717474,0
3188,0.453634,0
3190,0.708734,0
3191,0.462428,0
3193,0.723001,0
3194,0.498231,0
3196,0.733531,0
3197,0.506829,0
3199,0.734679,0
3200,0.508172,0
3202,0.744094,0
3203,0.501174,0
3205,0.515398,0
3207,0.767756,0
3208,0.528081,0
3210,0.542729,0
3212,0.547776,0
3214,0.561943,0
3216,0.561893,0
3218,0.584844,0
3220,0.591044,0
3222,0.605158,0
3224,0.623599,0
3226,0.611637,0
3228,0.624563,0
3230,0.640059,0
3231,0.444055,0
3233,0.650223,0
3234,0.425827,0
3236,0.668797,0
3237,0.463243,0
3239,0.672633,0
3241,0.684731,0
3242,0.475380,0
3244,0.697943,0
3245,0.474147,0
3247,0.699790,0
3248,0.488023,0
3250,0.712646,0
3251,0.495613,0
3253,0.716851,0
3255,0.733997,0
3256,0.498130,0
3258,0.739242,0
3259,0.541933,0
3261,0.753000,0
3262,0.544801,0
3264,0.765336,0
3265,0.526975,0
3268,0.568509,0
3270,0.568115,0
3272,0.576431,0
3274,0.605830,0
3276,0.596227,0
3278,0.627963,0
3280,0.621865,0
3282,0.621917,0
3284,0.627427,0
3286,0.636306,0
3288,0.653201,0
3289,0.289162,0
3291,0.670554,0
3292,0.303721,0
3294,0.674494,0
3295,0.311302,0
3297,0.685304,0
3298,0.325943,0
3300,0.308468,0
3302,0.703665,0
3303,0.345931,0
3305,0.718410,0
3306,0.340327,0
3308,0.734340,0
3309,0.386085,0
3311,0.739902,0
3312,0.372499,0
3314,0.752543,0
3315,0.356339,0
3317,0.746044,0
3318,0.399337,0
3320,0.392587,0
3322,0.426225,0
3324,0.414912,0
3326,0.427158,0
3328,0.428255,0
3330,0.440919,0
3332,0.456735,0
3333,0.028161,0
3335,0.477772,0
3337,0.486634,0
3339,0.505238,0
3340,0.018671,0
3342,0.513337,0
3343,0.054384,0
3345,0.529955,0
3346,0.066073,0
3348,0.543069,0
3349,0.111232,0
3351,0.540444,0
3352,0.064707,0
3354,0.562976,0
3355,0.101766,0
3357,0.567824,0
3358,0.073519,0
3360,0.579784,0
3361,0.094472,0
3363,0.588791,0
3364,0.093016,0
3366,0.600570,0
3367,0.109358,0
3369,0.616903,0
3370,0.132471,0
3372,0.621817,0
3373,0.136137,0
3375,0.628909,0
3376,0.150462,0
3378,0.644940,0
3379,0.193670,0
3381,0.653603,0
3383,0.660178,0
3384,0.196019,0
3386,0.677200,0
3387,0.184943,0
3389,0.690704,0
3390,0.232234,0
3392,0.685216,0
3393,0.204447,0
3395,0.706840,0
3396,0.243607,0
3398,0.711714,0
3399,0.244954,0
3401,0.726735,0
3402,0.264741,0
3404,0.735070,0
3405,0.269978,0
3407,0.739996,0
3408,0.279155,0
3410,0.789064,0
3411,0.290875,0
3413,0.787811,0
3414,0.300890,0
3416,0.785022,0
3417,0.292712,0
3419,0.789382,0
3420,0.344392,0
3422,0.793741,0
3423,0.349673,0
3425,0.806029,0
3426,0.337353,0
3428,0.808775,0
3429,0.371135,0
3431,0.820192,0
3432,0.377084,0
3434,0.825277,0
3435,0.387242,0
3437,0.380464,0
3439,0.400073,0
3441,0.421746,0
3443,0.421938,0
3445,0.441216,0
3447,0.452905,0
3449,0.465531,0
3450,0.008594,0
3452,0.479161,0
3454,0.494845,0
3456,0.489078,0
3458,0.508277,0
3459,0.020433,0
3461,0.513601,0
3462,0.038466,0
3464,0.536411,0
3465,0.043069,0
3467,0.540344,0
3468,0.038954,0
3470,0.554735,0
3471,0.078712,0
3473,0.564436,0
3474,0.095574,0
3476,0.579009,0
3477,0.105424,0
3479,0.580046,0
3480,0.118057,0
3482,0.595626,0
3483,0.114173,0
3485,0.612796,0
3486,0.115014,0
3488,0.606354,0
3489,0.141329,0
3491,0.616387,0
3492,0.152089,0
3494,0.634963,0
3495,0.190179,0
3497,0.648836,0
3498,0.190175,0
3500,0.655229,0
3501,0.218454,0
3503,0.668133,0
3504,0.189576,0
3506,0.684713,0
3507,0.196177,0
3509,0.694160,0
3510,0.243381,0
3512,0.696864,0
3513,0.240483,0
3515,0.718923,0
3516,0.260251,0
3518,0.723369,0
3519,0.253549,0
3521,0.740854,0
3522,0.231643,0
3524,0.746083,0
3525,0.291071,0
3527,0.761243,0
3528,0.318472,0
3530,0.766468,0
3531,0.340754,0
3533,0.768758,0
3534,0.299345,0
3536,0.789854,0
3537,0.328275,0
3539,0.794700,0
3540,0.349080,0
3542,0.801659,0
3543,0.342766,0
3545,0.811156,0
3546,0.378314,0
3548,0.819518,0
3549,0.389448,0
3551,0.831299,0
3552,0.389660,0
3554,0.406212,0
3556,0.436027,0
3558,0.450305,0
3560,0.437694,0
3562,0.463006,0
3564,0.471027,0
3566,0.477675,0
3568,0.492376,0
3570,0.510154,0
3571,0.001098,0
3573,0.510942,0
3575,0.519879,0
3577,0.531943,0
3578,0.022833,0
3580,0.550802,0
3581,0.031391,0
3583,0.549795,0
3584,0.071415,0
3586,0.568017,0
3587,0.033412,0
3589,0.578108,0
3590,0.086907,0
3592,0.590570,0
3593,0.099329,0
3595,0.611480,0
3597,0.614225,0
3598,0.164146,0
3600,0.628516,0
3601,0.160210,0
3603,0.639513,0
3604,0.164549,0
3606,0.644957,0
3607,0.167931,0
3609,0.658203,0
3610,0.186187,0
3612,0.667460,0
3613,0.207344,0
3615,0.671748,0
3616,0.206765,0
3618,0.685282,0
3619,0.218100,0
3621,0.698035,0
3622,0.242473,0
3624,0.710240,0
3625,0.257683,0
3627,0.723091,0
3628,0.251005,0
3630,0.728018,0
3631,0.223921,0
3633,0.735364,0
3634,0.269169,0
3636,0.745755,0
3637,0.277729,0
3639,0.756197,0
3640,0.304286,0
3642,0.761871,0
3643,0.306792,0
3645,0.774551,0
3646,0.324841,0
3648,0.782956,0
3649,0.320126,0
3651,0.796364,0
3652,0.345079,0
3654,0.800670,0
3655,0.330540,0
3657,0.805829,0
3658,0.339435,0
3660,0.825977,0
3661,0.349354,0
3663,0.361883,0
3665,0.373652,0
3667,0.369968,0
3669,0.398856,0
3671,0.430980,0
3673,0.415762,0
3675,0.480785,0
3677,0.453405,0
3679,0.457906,0
3681,0.468435,0
3683,0.482474,0
3684,0.050263,0
3686,0.493400,0
3687,0.020313,0
3689,0.499882,0
3690,0.037291,0
3692,0.516015,0
3693,0.080517,0
3695,0.551444,0
3696,0.000819,0
3698,0.540918,0
3699,0.088331,0
3701,0.542869,0
3702,0.076418,0
3704,0.565915,0
3705,0.107705,0
3707,0.580699,0
3708,0.124084,0
3710,0.581778,0
3711,0.077326,0
3713,0.595730,0
3714,0.142562,0
3716,0.611775,0
3717,0.135904,0
3719,0.621604,0
3720,0.191911,0
3722,0.637589,0
3723,0.179771,0
3725,0.651783,0
3726,0.177012,0
3728,0.646800,0
3729,0.224456,0
3731,0.656400,0
3732,0.225727,0
3734,0.671265,0
3735,0.205130,0
3737,0.679885,0
3738,0.258312,0
3740,0.686920,0
3741,0.209448,0
3743,0.705261,0
3744,0.262599,0
3746,0.710547,0
3747,0.285993,0
3749,0.721649,0
3750,0.301478,0
3752,0.726043,0
3753,0.301742,0
3755,0.736355,0
3756,0.325881,0
3758,0.748348,0
3759,0.345105,0
3761,0.760175,0
3762,0.348116,0
3764,0.768974,0
3765,0.366517,0
3767,0.773143,0
3768,0.367177,0
3770,0.790207,0
3771,0.348445,0
3773,0.792748,0
3774,0.398807,0
3776,0.799816,0
3777,0.405589,0
3779,0.811961,0
3780,0.388578,0
3782,0.820642,0
3783,0.412018,0
3785,0.444304,0
3787,0.439719,0
3789,0.455940,0
3791,0.456393,0
3793,0.481610,0
3795,0.480656,0
3797,0.491887,0
3799,0.522743,0
3801,0.524567,0
3803,0.545669,0
3805,0.544234,0
3807,0.550378,0
3809,0.568626,0
3811,0.573156,0
3813,0.603550,0
3815,0.594443,0
3817,0.620511,0
3819,0.624465,0
3822,0.649156,0
3824,0.666955,0
3826,0.674211,0
3827,0.001442,0
3829,0.684233,0
3831,0.693320,0
3833,0.706365,0
3835,0.711383,0
3837,0.728419,0
3839,0.734391,0
3841,0.746791,0
3842,0.013991,0
3844,0.756942,0
3845,0.049999,0
3847,0.767450,0
3848,0.073814,0
3850,0.772486,0
3851,0.109822,0
3853,0.786726,0
3854,0.056507,0
3856,0.794136,0
3857,0.113496,0
3859,0.800818,0
3860,0.088867,0
3862,0.819228,0
3863,0.083080,0
3865,0.820053,0
3866,0.155552,0
3868,0.830494,0
3869,0.149533,0
3871,0.838078,0
3872,0.579187,0
3873,0.153606,0
3875,0.594888,0
3876,0.182622,0
3878,0.569394,0
3879,0.187094,0
3880,0.001175,0
3882,0.620609,0
3883,0.191289,0
3885,0.614275,0
3886,0.198044,0
3888,0.628047,0
3889,0.212598,0
3891,0.644148,0
3892,0.235375,0
3893,0.046892,0
3895,0.675077,0
3896,0.274605,0
3898,0.674141,0
3899,0.266799,0
3901,0.675377,0
3902,0.266937,0
3903,0.091385,0
3905,0.698240,0
3906,0.283946,0
3907,0.012161,0
3909,0.728933,0
3910,0.278085,0
3911,0.029406,0
3913,0.736205,0
3914,0.313291,0
3915,0.068968,0
3917,0.744213,0
3918,0.320823,0
3919,0.020440,0
3921,0.748134,0
3922,0.329854,0
3923,0.094848,0
3925,0.762432,0
3926,0.336889,0
3927,0.024056,0
3929,0.772267,0
3930,0.332300,0
3931,0.068954,0
3933,0.782452,0
3934,0.342742,0
3935,0.032069,0
3937,0.783308,0
3938,0.354350,0
3939,0.089622,0
3940,0.003225,0
3942,0.795809,0
3943,0.373154,0
3944,0.069191,0
3946,0.800782,0
3947,0.406026,0
3948,0.080189,0
3950,0.805333,0
3951,0.397363,0
3952,0.116745,0
3954,0.811362,0
3955,0.396182,0
3956,0.140097,0
3958,0.818324,0
3959,0.433775,0
3960,0.143037,0
3962,0.827846,0
3963,0.427201,0
3964,0.144518,0
3966,0.837186,0
3967,0.438505,0
3968,0.201084,0
3970,0.454701,0
3971,0.244378,0
3973,0.479884,0
3974,0.221520,0
3976,0.463741,0
3977,0.203749,0
3978,0.096997,0
3980,0.473041,0
3981,0.260110,0
3982,0.033021,0
3984,0.495529,0
3985,0.274605,0
3986,0.110553,0
3988,0.499198,0
3989,0.290121,0
3990,0.090591,0
3992,0.511989,0
3993,0.246627,0
3994,0.107150,0
3996,0.517123,0
3997,0.285713,0
3998,0.120749,0
4000,0.523859,0
4001,0.307647,0
4002,0.128247,0
4004,0.537117,0
4005,0.324186,0
4006,0.173556,0
4008,0.545147,0
4009,0.332694,0
4010,0.147274,0
4012,0.548423,0
4013,0.338058,0
4015,0.550072,0
4016,0.336730,0
4017,0.170102,0
4019,0.574173,0
4020,0.352228,0
4021,0.188501,0
4023,0.576878,0
4024,0.359357,0
4025,0.188532,0
4027,0.584314,0
4028,0.369628,0
4029,0.212843,0
4031,0.600292,0
4032,0.396024,0
4033,0.241073,0
4034,0.039387,0
4036,0.611455,0
4037,0.388081,0
4038,0.204098,0
4040,0.615189,0
4041,0.409029,0
4042,0.222312,0
4044,0.625426,0
4045,0.407047,0
4046,0.224184,0
4048,0.631847,0
4049,0.422419,0
4050,0.243796,0
4052,0.636119,0
4053,0.423713,0
4054,0.247723,0
4055,0.020942,0
4057,0.639421,0
4058,0.417284,0
4059,0.252123,0
4061,0.641465,0
4062,0.439848,0
4063,0.296938,0
4065,0.644165,0
4066,0.440779,0
4067,0.253802,0
4069,0.651115,0
4070,0.447562,0
4071,0.265486,0
4072,0.021203,0
4074,0.645013,0
4075,0.432892,0
4076,0.260705,0
