63 0.43463541666666666 0.44416666666666665 0.04010416666666667 0.09333333333333334
62 0.3567708333333333 0.34125 0.025 0.059166666666666666
38 0.7765625 0.42541666666666667 0.03229166666666667 0.07083333333333333
61 0.3140625 0.2995833333333333 0.01875 0.04083333333333333
39 0.5572916666666666 0.36625 0.030208333333333334 0.06416666666666666
40 0.40963541666666664 0.30625 0.018229166666666668 0.0425
60 0.30078125 0.27875 0.013020833333333334 0.0325
41 0.37552083333333336 0.28125 0.013541666666666667 0.0375
42 0.353125 0.2679166666666667 0.0125 0.030833333333333334
43 0.33984375 0.2604166666666667 0.009895833333333333 0.024166666666666666
58 0.29296875 0.2675 0.0109375 0.025
0 0.8841145833333334 0.41208333333333336 0.021354166666666667 0.0525
44 0.32838541666666665 0.25666666666666665 0.0109375 0.028333333333333332
57 0.27395833333333336 0.2625 0.013541666666666667 0.03
56 0.23229166666666667 0.2575 0.0125 0.02666666666666667
20 0.17447916666666666 0.2775 0.010416666666666666 0.03
21 0.14609375 0.2966666666666667 0.013020833333333334 0.03666666666666667
22 0.11067708333333333 0.33791666666666664 0.0203125 0.0525
1 0.7200520833333334 0.3670833333333333 0.022395833333333334 0.0475
2 0.56796875 0.31833333333333336 0.015104166666666667 0.035
3 0.49609375 0.28958333333333336 0.011979166666666667 0.030833333333333334
4 0.45364583333333336 0.275 0.009375 0.025
5 0.42265625 0.26666666666666666 0.008854166666666666 0.023333333333333334
6 0.4140625 0.255 0.007291666666666667 0.02
7 0.38958333333333334 0.2529166666666667 0.007291666666666667 0.0225
47 0.24609375 0.24541666666666667 0.0078125 0.020833333333333332
45 0.3151041666666667 0.25083333333333335 0.008333333333333333 0.025
19 0.18307291666666667 0.26666666666666666 0.008854166666666666 0.02666666666666667
