39 0.8744791666666667 0.7166666666666667 0.078125 0.19333333333333333
38 0.4192708333333333 0.4675 0.042708333333333334 0.115
78 0.25052083333333336 0.3883333333333333 0.03958333333333333 0.08
77 0.16302083333333334 0.34375 0.034375 0.06916666666666667
76 0.0859375 0.31 0.029166666666666667 0.056666666666666664
75 0.016145833333333335 0.2995833333333333 0.022916666666666665 0.0475
72 0.04791666666666667 0.26208333333333333 0.015625 0.035833333333333335
71 0.1234375 0.25458333333333333 0.014583333333333334 0.034166666666666665
70 0.21171875 0.2525 0.013020833333333334 0.028333333333333332
69 0.30026041666666664 0.255 0.013020833333333334 0.03333333333333333
68 0.3859375 0.26 0.013541666666666667 0.03
67 0.4609375 0.26958333333333334 0.014583333333333334 0.034166666666666665
66 0.5197916666666667 0.2808333333333333 0.015625 0.03333333333333333
65 0.5393229166666667 0.28958333333333336 0.0171875 0.03916666666666667
64 0.646875 0.32958333333333334 0.023958333333333335 0.05416666666666667
63 0.86953125 0.4404166666666667 0.0421875 0.08583333333333333
31 0.06822916666666666 0.24583333333333332 0.010416666666666666 0.02666666666666667
29 0.3234375 0.24666666666666667 0.011458333333333333 0.02666666666666667
28 0.45859375 0.25666666666666665 0.009895833333333333 0.028333333333333332
27 0.5638020833333334 0.27375 0.011979166666666667 0.0275
26 0.6739583333333333 0.29625 0.014583333333333334 0.0325
25 0.7239583333333334 0.3120833333333333 0.017708333333333333 0.03916666666666667
24 0.85 0.36 0.019791666666666666 0.045
