41 0.83046875 0.5520833333333334 0.05364583333333333 0.12916666666666668
42 0.4901041666666667 0.37125 0.03229166666666667 0.0675
43 0.3854166666666667 0.3175 0.01875 0.04833333333333333
60 0.5106770833333333 0.5841666666666666 0.07864583333333333 0.16
58 0.32421875 0.36916666666666664 0.0296875 0.07166666666666667
44 0.3328125 0.2925 0.015625 0.03333333333333333
57 0.2513020833333333 0.33791666666666664 0.0296875 0.060833333333333336
45 0.30078125 0.28375 0.016145833333333335 0.0375
46 0.2453125 0.27541666666666664 0.015625 0.035833333333333335
47 0.17447916666666666 0.27375 0.014583333333333334 0.034166666666666665
56 0.14296875 0.3204166666666667 0.0234375 0.0525
4 0.7346354166666667 0.38958333333333334 0.022395833333333334 0.0525
5 0.5565104166666667 0.32916666666666666 0.016145833333333335 0.04
6 0.48541666666666666 0.2916666666666667 0.010416666666666666 0.035
7 0.425 0.28833333333333333 0.010416666666666666 0.02666666666666667
8 0.33151041666666664 0.2725 0.009895833333333333 0.02666666666666667
9 0.22265625 0.2633333333333333 0.008854166666666666 0.028333333333333332
10 0.10364583333333334 0.2675 0.009375 0.023333333333333334
48 0.09635416666666667 0.27458333333333335 0.0125 0.0375
49 0.01328125 0.2758333333333333 0.009895833333333333 0.03
