75 0.6075520833333333 0.5383333333333333 0.0609375 0.135
74 0.43671875 0.42291666666666666 0.0421875 0.09583333333333334
73 0.46796875 0.3570833333333333 0.0328125 0.0675
72 0.55703125 0.3408333333333333 0.025520833333333333 0.056666666666666664
71 0.6736979166666667 0.33666666666666667 0.024479166666666666 0.05
70 0.80859375 0.34458333333333335 0.021354166666666667 0.0475
69 0.9536458333333333 0.3695833333333333 0.020833333333333332 0.049166666666666664
31 0.5572916666666666 0.29833333333333334 0.015625 0.03833333333333333
32 0.365625 0.295 0.017708333333333333 0.045
33 0.19322916666666667 0.3125 0.020833333333333332 0.05333333333333334
30 0.7731770833333333 0.32208333333333333 0.0140625 0.034166666666666665
29 0.9393229166666667 0.34791666666666665 0.013020833333333334 0.035833333333333335
