43 0.9028645833333333 0.4766666666666667 0.0515625 0.09166666666666666
44 0.6846354166666667 0.35833333333333334 0.030729166666666665 0.055
57 0.7651041666666667 0.705 0.08958333333333333 0.195
45 0.61484375 0.33 0.025520833333333333 0.051666666666666666
46 0.5203125 0.3095833333333333 0.023958333333333335 0.0475
47 0.41015625 0.2970833333333333 0.025520833333333333 0.04416666666666667
56 0.3614583333333333 0.5004166666666666 0.05625 0.12416666666666666
6 0.925 0.36875 0.020833333333333332 0.050833333333333335
7 0.7908854166666667 0.3433333333333333 0.019270833333333334 0.041666666666666664
8 0.6359375 0.30583333333333335 0.016666666666666666 0.03666666666666667
9 0.4765625 0.28291666666666665 0.014583333333333334 0.035833333333333335
10 0.31171875 0.27791666666666665 0.0140625 0.034166666666666665
11 0.14973958333333334 0.27791666666666665 0.0109375 0.034166666666666665
49 0.17604166666666668 0.29041666666666666 0.010416666666666666 0.0375
48 0.29609375 0.29125 0.015104166666666667 0.0375
50 0.05546875 0.3025 0.0140625 0.035
