39 0.9018229166666667 0.7391666666666666 0.08385416666666666 0.20333333333333334
38 0.42942708333333335 0.46958333333333335 0.0484375 0.1125
78 0.2559895833333333 0.3908333333333333 0.0421875 0.085
77 0.16848958333333333 0.3441666666666667 0.03177083333333333 0.07
76 0.08932291666666667 0.31125 0.0265625 0.05583333333333333
75 0.019791666666666666 0.2975 0.025 0.04666666666666667
72 0.053125 0.26458333333333334 0.016666666666666666 0.034166666666666665
71 0.12916666666666668 0.25625 0.015625 0.035833333333333335
70 0.2171875 0.2529166666666667 0.013541666666666667 0.029166666666666667
69 0.30546875 0.25375 0.011979166666666667 0.0325
68 0.3927083333333333 0.2604166666666667 0.014583333333333334 0.030833333333333334
67 0.46640625 0.2725 0.0140625 0.03333333333333333
66 0.5268229166666667 0.28208333333333335 0.0171875 0.035833333333333335
65 0.5473958333333333 0.29 0.016666666666666666 0.03833333333333333
64 0.6565104166666667 0.3279166666666667 0.0265625 0.060833333333333336
63 0.8838541666666667 0.44333333333333336 0.03958333333333333 0.08333333333333333
31 0.07291666666666667 0.24666666666666667 0.010416666666666666 0.02666666666666667
29 0.32916666666666666 0.2475 0.010416666666666666 0.02666666666666667
28 0.4640625 0.25708333333333333 0.011458333333333333 0.025833333333333333
27 0.5705729166666667 0.27458333333333335 0.011979166666666667 0.029166666666666667
26 0.68203125 0.2970833333333333 0.0140625 0.035833333333333335
25 0.7322916666666667 0.3129166666666667 0.016666666666666666 0.04083333333333333
24 0.8604166666666667 0.3616666666666667 0.019791666666666666 0.045
