11 0.9927083333333333 0.40166666666666667 0.011458333333333333 0.045
12 0.7927083333333333 0.3745833333333333 0.0125 0.0425
13 0.5619791666666667 0.36916666666666664 0.017708333333333333 0.051666666666666666
14 0.34479166666666666 0.38166666666666665 0.022916666666666665 0.06166666666666667
15 0.05572916666666667 0.43583333333333335 0.035416666666666666 0.085
50 0.9200520833333333 0.42791666666666667 0.016145833333333335 0.05416666666666667
51 0.7744791666666667 0.43083333333333335 0.020833333333333332 0.06333333333333334
52 0.6518229166666667 0.44625 0.027604166666666666 0.07916666666666666
53 0.575 0.5070833333333333 0.026041666666666668 0.1025
54 0.6325520833333333 0.6675 0.05572916666666667 0.165
