5 0.2046875 0.39708333333333334 0.03125 0.0825
4 0.3098958333333333 0.31666666666666665 0.019791666666666666 0.045
19 0.85546875 0.3591666666666667 0.0171875 0.04
18 0.9669270833333333 0.39458333333333334 0.016145833333333335 0.04416666666666667
21 0.6752604166666667 0.2920833333333333 0.0109375 0.0275
20 0.7377604166666667 0.31583333333333335 0.0109375 0.03166666666666667
22 0.6286458333333333 0.27458333333333335 0.009375 0.024166666666666666
39 0.4627604166666667 0.2633333333333333 0.015104166666666667 0.028333333333333332
40 0.4940104166666667 0.27458333333333335 0.0171875 0.030833333333333334
26 0.54765625 0.25 0.0078125 0.02
23 0.6026041666666667 0.2654166666666667 0.008333333333333333 0.024166666666666666
25 0.55546875 0.2529166666666667 0.008854166666666666 0.0225
67 0.45546875 0.24208333333333334 0.009895833333333333 0.0225
69 0.3841145833333333 0.2375 0.0109375 0.021666666666666667
29 0.3932291666666667 0.235 0.009375 0.02
64 0.5013020833333334 0.25083333333333335 0.013020833333333334 0.02
63 0.5213541666666667 0.26208333333333333 0.0125 0.020833333333333332
62 0.5341145833333333 0.2675 0.013020833333333334 0.03
24 0.5729166666666666 0.2604166666666667 0.010416666666666666 0.020833333333333332
61 0.56171875 0.28 0.015104166666666667 0.03
60 0.5932291666666667 0.2970833333333333 0.019791666666666666 0.035833333333333335
58 0.6518229166666667 0.3304166666666667 0.0234375 0.0525
41 0.5065104166666666 0.29 0.0203125 0.04
42 0.53125 0.32083333333333336 0.025 0.056666666666666664
57 0.7408854166666666 0.36583333333333334 0.03177083333333333 0.06
43 0.5802083333333333 0.40958333333333335 0.0375 0.0875
56 0.9315104166666667 0.42125 0.0296875 0.060833333333333336
78 0.3893229166666667 0.25125 0.011979166666666667 0.0275
77 0.3614583333333333 0.2529166666666667 0.0125 0.024166666666666666
2 0.37838541666666664 0.2679166666666667 0.013020833333333334 0.030833333333333334
3 0.3533854166666667 0.285 0.015104166666666667 0.035
