5 0.04140625 0.45666666666666667 0.0453125 0.10166666666666667
4 0.18125 0.3283333333333333 0.023958333333333335 0.055
19 0.7942708333333334 0.3625 0.01875 0.043333333333333335
18 0.9234375 0.4 0.01875 0.05
21 0.5752604166666667 0.28583333333333333 0.0109375 0.03166666666666667
20 0.6502604166666667 0.31166666666666665 0.0140625 0.03833333333333333
22 0.5192708333333333 0.2704166666666667 0.008333333333333333 0.025833333333333333
39 0.34348958333333335 0.2579166666666667 0.0140625 0.0325
40 0.37942708333333336 0.27125 0.013020833333333334 0.035833333333333335
26 0.4276041666666667 0.24291666666666667 0.007291666666666667 0.025833333333333333
23 0.48802083333333335 0.25875 0.009375 0.0225
25 0.43776041666666665 0.24458333333333335 0.0067708333333333336 0.020833333333333332
24 0.4552083333333333 0.2504166666666667 0.008333333333333333 0.024166666666666666
67 0.33255208333333336 0.23708333333333334 0.0078125 0.0225
69 0.2565104166666667 0.23333333333333334 0.0078125 0.016666666666666666
29 0.26536458333333335 0.23041666666666666 0.0078125 0.0225
64 0.3815104166666667 0.24458333333333335 0.008854166666666666 0.020833333333333332
63 0.40338541666666666 0.25416666666666665 0.0109375 0.02666666666666667
62 0.41848958333333336 0.26166666666666666 0.013020833333333334 0.02666666666666667
61 0.45286458333333335 0.27541666666666664 0.016145833333333335 0.035833333333333335
60 0.49453125 0.2966666666666667 0.0203125 0.03833333333333333
58 0.5734375 0.33375 0.027083333333333334 0.05583333333333333
41 0.3984375 0.29 0.016666666666666666 0.04
42 0.4375 0.3308333333333333 0.026041666666666668 0.06
68 0.29791666666666666 0.235 0.008333333333333333 0.02
38 0.2986979166666667 0.25166666666666665 0.0078125 0.023333333333333334
57 0.68984375 0.3770833333333333 0.034895833333333334 0.07083333333333333
43 0.5388020833333333 0.4579166666666667 0.050520833333333334 0.11083333333333334
56 0.9231770833333334 0.43666666666666665 0.034895833333333334 0.07833333333333334
3 0.22838541666666667 0.2866666666666667 0.0140625 0.03833333333333333
2 0.25390625 0.2683333333333333 0.013020833333333334 0.03
78 0.2630208333333333 0.2504166666666667 0.0125 0.025833333333333333
77 0.23333333333333334 0.24666666666666667 0.009375 0.02666666666666667
