39 0.8528645833333334 0.7558333333333334 0.0953125 0.205
31 0.08020833333333334 0.2475 0.011458333333333333 0.02666666666666667
30 0.22708333333333333 0.24833333333333332 0.010416666666666666 0.03
28 0.4705729166666667 0.2604166666666667 0.0109375 0.029166666666666667
29 0.33645833333333336 0.24791666666666667 0.011458333333333333 0.029166666666666667
27 0.57734375 0.27666666666666667 0.013020833333333334 0.028333333333333332
38 0.39479166666666665 0.47458333333333336 0.04583333333333333 0.1125
26 0.6880208333333333 0.30125 0.014583333333333334 0.035833333333333335
25 0.73828125 0.31583333333333335 0.018229166666666668 0.045
24 0.8627604166666667 0.3670833333333333 0.0203125 0.049166666666666664
68 0.39817708333333335 0.26416666666666666 0.0171875 0.03166666666666667
69 0.3111979166666667 0.2575 0.016145833333333335 0.035
70 0.22265625 0.255 0.015104166666666667 0.03333333333333333
71 0.13463541666666667 0.2575 0.016145833333333335 0.03333333333333333
72 0.05859375 0.2654166666666667 0.016145833333333335 0.034166666666666665
75 0.01875 0.2991666666666667 0.025 0.04833333333333333
76 0.08489583333333334 0.3120833333333333 0.026041666666666668 0.05416666666666667
77 0.15729166666666666 0.34625 0.03333333333333333 0.0725
78 0.23723958333333334 0.3933333333333333 0.043229166666666666 0.08666666666666667
67 0.471875 0.2733333333333333 0.015625 0.03333333333333333
66 0.53125 0.2833333333333333 0.016666666666666666 0.03666666666666667
65 0.5502604166666667 0.29375 0.019270833333333334 0.03916666666666667
64 0.6546875 0.33458333333333334 0.028125 0.0525
63 0.8739583333333333 0.44625 0.03958333333333333 0.08583333333333333
