66 0.9072916666666667 0.8854166666666666 0.08958333333333333 0.22416666666666665
65 0.8263020833333333 0.56125 0.05572916666666667 0.1325
64 0.7361979166666667 0.37375 0.0265625 0.0625
63 0.721875 0.33166666666666667 0.016666666666666666 0.043333333333333335
62 0.73515625 0.3125 0.015104166666666667 0.03833333333333333
38 0.9307291666666667 0.35125 0.01875 0.04083333333333333
39 0.8421875 0.3283333333333333 0.01875 0.041666666666666664
40 0.7973958333333333 0.3025 0.014583333333333334 0.03333333333333333
56 0.7057291666666666 0.2725 0.011458333333333333 0.025
24 0.46067708333333335 0.35541666666666666 0.024479166666666666 0.0575
25 0.20885416666666667 0.4533333333333333 0.040625 0.09333333333333334
23 0.5385416666666667 0.31333333333333335 0.019791666666666666 0.045
22 0.6015625 0.29833333333333334 0.011458333333333333 0.03333333333333333
1 0.9739583333333334 0.34541666666666665 0.015625 0.029166666666666667
2 0.9096354166666667 0.3175 0.011979166666666667 0.03166666666666667
3 0.8864583333333333 0.3025 0.010416666666666666 0.02666666666666667
4 0.8697916666666666 0.29541666666666666 0.009375 0.024166666666666666
5 0.8580729166666666 0.28791666666666665 0.011979166666666667 0.025833333333333333
21 0.62734375 0.28583333333333333 0.0109375 0.03166666666666667
