66 0.8143229166666667 0.6904166666666667 0.0796875 0.1875
65 0.8520833333333333 0.5029166666666667 0.04479166666666667 0.11083333333333334
64 0.8380208333333333 0.36666666666666664 0.025 0.056666666666666664
63 0.8427083333333333 0.3333333333333333 0.020833333333333332 0.04666666666666667
62 0.8640625 0.3145833333333333 0.016666666666666666 0.034166666666666665
39 0.9671875 0.33416666666666667 0.017708333333333333 0.03833333333333333
56 0.8489583333333334 0.28 0.011458333333333333 0.025
24 0.5875 0.34041666666666665 0.021875 0.050833333333333335
26 0.02578125 0.5129166666666667 0.049479166666666664 0.1225
25 0.35989583333333336 0.4033333333333333 0.0375 0.07833333333333334
23 0.66953125 0.31083333333333335 0.0171875 0.04
22 0.7356770833333334 0.2991666666666667 0.013020833333333334 0.03333333333333333
40 0.9325520833333333 0.30875 0.0140625 0.035833333333333335
58 0.8885416666666667 0.28791666666666665 0.013541666666666667 0.025833333333333333
60 0.8796875 0.29041666666666666 0.0125 0.030833333333333334
61 0.8700520833333333 0.3016666666666667 0.011979166666666667 0.028333333333333332
21 0.7651041666666667 0.28833333333333333 0.011458333333333333 0.03166666666666667
