5 0.26979166666666665 0.38333333333333336 0.03125 0.075
4 0.37109375 0.31333333333333335 0.0203125 0.04833333333333333
19 0.8989583333333333 0.35791666666666666 0.016666666666666666 0.04416666666666667
21 0.7296875 0.29333333333333333 0.0125 0.03666666666666667
20 0.7888020833333333 0.3145833333333333 0.013020833333333334 0.03916666666666667
22 0.68515625 0.28 0.0109375 0.025
44 0.8552083333333333 0.8341666666666666 0.096875 0.235
39 0.5231770833333333 0.2654166666666667 0.015104166666666667 0.0275
40 0.5528645833333333 0.2758333333333333 0.0171875 0.03333333333333333
26 0.6075520833333333 0.25375 0.009895833333333333 0.019166666666666665
23 0.6598958333333333 0.26958333333333334 0.010416666666666666 0.025833333333333333
25 0.6169270833333333 0.2575 0.009895833333333333 0.02
69 0.4466145833333333 0.24041666666666667 0.0109375 0.019166666666666665
29 0.45546875 0.23666666666666666 0.009895833333333333 0.018333333333333333
64 0.5614583333333333 0.25416666666666665 0.009375 0.018333333333333333
63 0.58046875 0.26375 0.0140625 0.024166666666666666
62 0.59140625 0.2708333333333333 0.013020833333333334 0.03
24 0.63203125 0.26125 0.009895833333333333 0.0225
61 0.6177083333333333 0.28208333333333335 0.015625 0.030833333333333334
60 0.6473958333333333 0.29791666666666666 0.019791666666666666 0.03916666666666667
58 0.6997395833333333 0.3329166666666667 0.021354166666666667 0.050833333333333335
41 0.5625 0.29083333333333333 0.017708333333333333 0.03666666666666667
42 0.5815104166666667 0.3233333333333333 0.0234375 0.05
57 0.7830729166666667 0.365 0.028645833333333332 0.058333333333333334
43 0.61953125 0.4008333333333333 0.03802083333333333 0.08
56 0.9614583333333333 0.4166666666666667 0.030208333333333334 0.06166666666666667
78 0.4505208333333333 0.25458333333333333 0.0125 0.025833333333333333
77 0.4239583333333333 0.25333333333333335 0.0125 0.02666666666666667
2 0.4388020833333333 0.2708333333333333 0.013020833333333334 0.03
3 0.4140625 0.28458333333333335 0.014583333333333334 0.034166666666666665
