5 0.24010416666666667 0.39166666666666666 0.03229166666666667 0.07833333333333334
4 0.3424479166666667 0.3145833333333333 0.0203125 0.0475
19 0.8783854166666667 0.3591666666666667 0.0171875 0.043333333333333335
18 0.9880208333333333 0.39916666666666667 0.015625 0.041666666666666664
21 0.7052083333333333 0.29541666666666666 0.010416666666666666 0.0275
20 0.7653645833333333 0.31875 0.0109375 0.0325
22 0.6596354166666667 0.28041666666666665 0.009895833333333333 0.024166666666666666
44 0.884375 0.8808333333333334 0.10416666666666667 0.23333333333333334
39 0.4953125 0.2654166666666667 0.014583333333333334 0.0275
40 0.5260416666666666 0.27708333333333335 0.017708333333333333 0.0325
26 0.5815104166666667 0.25458333333333333 0.009895833333333333 0.0175
23 0.6348958333333333 0.26625 0.010416666666666666 0.0275
25 0.5901041666666667 0.25708333333333333 0.009375 0.0225
67 0.48776041666666664 0.24541666666666667 0.0067708333333333336 0.015833333333333335
69 0.41901041666666666 0.23958333333333334 0.011979166666666667 0.020833333333333332
29 0.42864583333333334 0.23875 0.009375 0.019166666666666665
64 0.5333333333333333 0.25416666666666665 0.010416666666666666 0.018333333333333333
63 0.55234375 0.26375 0.015104166666666667 0.0275
62 0.5653645833333333 0.2704166666666667 0.0140625 0.029166666666666667
24 0.6046875 0.2625 0.009375 0.025
61 0.5919270833333333 0.28125 0.0171875 0.034166666666666665
60 0.6229166666666667 0.30083333333333334 0.020833333333333332 0.03666666666666667
58 0.6768229166666667 0.3329166666666667 0.024479166666666666 0.050833333333333335
41 0.5361979166666667 0.29125 0.018229166666666668 0.04083333333333333
42 0.5588541666666667 0.32416666666666666 0.027083333333333334 0.051666666666666666
57 0.7627604166666667 0.365 0.0296875 0.06166666666666667
43 0.6005208333333333 0.4058333333333333 0.0375 0.08333333333333333
56 0.94765625 0.41791666666666666 0.027604166666666666 0.06416666666666666
78 0.42265625 0.25416666666666665 0.011979166666666667 0.02666666666666667
77 0.3953125 0.25333333333333335 0.011458333333333333 0.021666666666666667
2 0.41171875 0.2704166666666667 0.013020833333333334 0.034166666666666665
3 0.3854166666666667 0.28583333333333333 0.014583333333333334 0.03666666666666667
