5 0.3815104166666667 0.36375 0.030729166666666665 0.0675
4 0.4786458333333333 0.30666666666666664 0.01875 0.041666666666666664
19 0.98671875 0.365 0.0171875 0.03833333333333333
21 0.8328125 0.3 0.009375 0.02666666666666667
20 0.8859375 0.32208333333333333 0.0125 0.034166666666666665
22 0.7927083333333333 0.28458333333333335 0.010416666666666666 0.024166666666666666
44 0.8033854166666666 0.68875 0.0765625 0.18416666666666667
39 0.6333333333333333 0.2654166666666667 0.014583333333333334 0.024166666666666666
40 0.6604166666666667 0.2783333333333333 0.015625 0.03
26 0.7216145833333333 0.2579166666666667 0.008854166666666666 0.020833333333333332
23 0.77109375 0.2704166666666667 0.011979166666666667 0.025833333333333333
25 0.7278645833333334 0.2633333333333333 0.008854166666666666 0.023333333333333334
64 0.6729166666666667 0.25625 0.0125 0.0225
63 0.69140625 0.2654166666666667 0.0140625 0.024166666666666666
62 0.7018229166666666 0.27291666666666664 0.013020833333333334 0.0275
24 0.7432291666666667 0.2675 0.011458333333333333 0.021666666666666667
61 0.7244791666666667 0.28541666666666665 0.016666666666666666 0.029166666666666667
60 0.7484375 0.2995833333333333 0.01875 0.0425
58 0.7908854166666667 0.33125 0.021354166666666667 0.050833333333333335
41 0.6651041666666667 0.2920833333333333 0.017708333333333333 0.034166666666666665
42 0.67734375 0.32166666666666666 0.022395833333333334 0.04833333333333333
57 0.8625 0.36291666666666667 0.030208333333333334 0.0575
43 0.6953125 0.3854166666666667 0.036458333333333336 0.0725
78 0.5643229166666667 0.25625 0.013020833333333334 0.0225
77 0.53828125 0.2529166666666667 0.011979166666666667 0.024166666666666666
2 0.5497395833333333 0.26916666666666667 0.013020833333333334 0.028333333333333332
3 0.5231770833333333 0.28 0.0140625 0.035
