21 0.96953125 0.46166666666666667 0.034895833333333334 0.07666666666666666
22 0.6385416666666667 0.35125 0.021875 0.0475
39 0.22265625 0.3283333333333333 0.025520833333333333 0.06
29 0.08619791666666667 0.245 0.0078125 0.021666666666666667
27 0.26510416666666664 0.25 0.010416666666666666 0.025
40 0.40651041666666665 0.46 0.0515625 0.10833333333333334
38 0.11822916666666666 0.30791666666666667 0.019791666666666666 0.04416666666666667
26 0.33645833333333336 0.25625 0.009375 0.0275
25 0.3575520833333333 0.2629166666666667 0.013020833333333334 0.030833333333333334
24 0.40598958333333335 0.27875 0.013020833333333334 0.030833333333333334
23 0.49947916666666664 0.30375 0.01875 0.034166666666666665
68 0.1328125 0.24833333333333332 0.010416666666666666 0.03
69 0.06744791666666666 0.25 0.009895833333333333 0.025
78 0.04973958333333333 0.29791666666666666 0.019270833333333334 0.04583333333333333
67 0.18541666666666667 0.25166666666666665 0.011458333333333333 0.02666666666666667
66 0.22395833333333334 0.25583333333333336 0.011458333333333333 0.028333333333333332
65 0.23203125 0.25833333333333336 0.0109375 0.028333333333333332
64 0.2755208333333333 0.26916666666666667 0.014583333333333334 0.035
63 0.33671875 0.2970833333333333 0.019270833333333334 0.04416666666666667
62 0.4125 0.33958333333333335 0.022916666666666665 0.049166666666666664
61 0.6572916666666667 0.4529166666666667 0.04791666666666667 0.09416666666666666
28 0.18932291666666667 0.24375 0.008854166666666666 0.0225
