43 0.92578125 0.4841666666666667 0.05364583333333333 0.09166666666666666
44 0.7002604166666667 0.3591666666666667 0.028645833333333332 0.056666666666666664
57 0.79375 0.7245833333333334 0.09375 0.2075
45 0.6294270833333333 0.33166666666666667 0.025520833333333333 0.051666666666666666
46 0.5328125 0.3104166666666667 0.025 0.0475
47 0.42135416666666664 0.2975 0.025 0.045
56 0.378125 0.5041666666666667 0.058333333333333334 0.12666666666666668
6 0.94140625 0.37333333333333335 0.022395833333333334 0.04833333333333333
7 0.8059895833333334 0.345 0.018229166666666668 0.041666666666666664
8 0.6505208333333333 0.30833333333333335 0.016666666666666666 0.03833333333333333
9 0.48984375 0.285 0.0140625 0.035
10 0.32395833333333335 0.28041666666666665 0.013541666666666667 0.034166666666666665
11 0.16145833333333334 0.2783333333333333 0.010416666666666666 0.03666666666666667
49 0.18776041666666668 0.2916666666666667 0.011979166666666667 0.03333333333333333
48 0.30859375 0.2920833333333333 0.0140625 0.034166666666666665
50 0.0671875 0.30291666666666667 0.013541666666666667 0.035833333333333335
