62 0.6106770833333334 0.5733333333333334 0.0609375 0.14666666666666667
40 0.53359375 0.36875 0.0328125 0.0675
61 0.36614583333333334 0.36375 0.030208333333333334 0.07416666666666667
60 0.31588541666666664 0.31 0.021354166666666667 0.04833333333333333
41 0.42526041666666664 0.31 0.019270833333333334 0.05
42 0.37135416666666665 0.285 0.016666666666666666 0.04
43 0.34375 0.27166666666666667 0.0125 0.03166666666666667
58 0.2911458333333333 0.2841666666666667 0.016666666666666666 0.04
44 0.3223958333333333 0.2625 0.0125 0.03
57 0.26119791666666664 0.27791666666666665 0.016145833333333335 0.0375
45 0.30494791666666665 0.25666666666666665 0.013020833333333334 0.03166666666666667
46 0.2677083333333333 0.25625 0.010416666666666666 0.0275
56 0.20494791666666667 0.27458333333333335 0.015104166666666667 0.030833333333333334
20 0.12057291666666667 0.315 0.016145833333333335 0.045
21 0.055989583333333336 0.37583333333333335 0.025520833333333333 0.065
2 0.7838541666666666 0.38208333333333333 0.025 0.05583333333333333
3 0.59921875 0.31708333333333333 0.016145833333333335 0.04083333333333333
4 0.50625 0.29125 0.014583333333333334 0.034166666666666665
5 0.44921875 0.275 0.0109375 0.03
6 0.4265625 0.25875 0.009375 0.025833333333333333
8 0.33125 0.2529166666666667 0.008333333333333333 0.0225
9 0.25286458333333334 0.25 0.0078125 0.025
7 0.3927083333333333 0.25875 0.009375 0.0275
10 0.16744791666666667 0.25333333333333335 0.008854166666666666 0.023333333333333334
47 0.21875 0.25458333333333333 0.009375 0.024166666666666666
19 0.13619791666666667 0.2891666666666667 0.0140625 0.03833333333333333
18 0.10182291666666667 0.29083333333333333 0.0078125 0.02666666666666667
48 0.16223958333333333 0.2575 0.008854166666666666 0.025
55 0.08828125 0.27708333333333335 0.0067708333333333336 0.025833333333333333
