5 0.2833333333333333 0.38375 0.03125 0.07416666666666667
4 0.38515625 0.3120833333333333 0.0203125 0.04583333333333333
19 0.909375 0.36083333333333334 0.015625 0.045
21 0.7440104166666667 0.29541666666666666 0.0109375 0.0275
20 0.8 0.31375 0.013541666666666667 0.0425
22 0.6989583333333333 0.27958333333333335 0.011458333333333333 0.025833333333333333
44 0.8455729166666667 0.8091666666666667 0.0890625 0.23
39 0.5364583333333334 0.26458333333333334 0.015625 0.030833333333333334
40 0.56640625 0.27625 0.015104166666666667 0.0325
26 0.6236979166666666 0.255 0.009895833333333333 0.018333333333333333
23 0.67421875 0.2683333333333333 0.009895833333333333 0.023333333333333334
25 0.6317708333333333 0.26 0.007291666666666667 0.021666666666666667
69 0.46145833333333336 0.2375 0.011458333333333333 0.021666666666666667
29 0.47109375 0.2375 0.009895833333333333 0.021666666666666667
64 0.5763020833333333 0.25458333333333333 0.011979166666666667 0.024166666666666666
63 0.59453125 0.2629166666666667 0.013020833333333334 0.0225
62 0.6057291666666667 0.27 0.013541666666666667 0.02666666666666667
24 0.6466145833333333 0.26458333333333334 0.0109375 0.019166666666666665
61 0.6315104166666666 0.28291666666666665 0.016145833333333335 0.035833333333333335
60 0.6596354166666667 0.29791666666666666 0.019270833333333334 0.03916666666666667
58 0.7111979166666667 0.33166666666666667 0.025520833333333333 0.04833333333333333
41 0.57578125 0.2916666666666667 0.0171875 0.035
42 0.5953125 0.3204166666666667 0.023958333333333335 0.0525
57 0.7927083333333333 0.36375 0.029166666666666667 0.05583333333333333
43 0.6283854166666667 0.39875 0.03802083333333333 0.08083333333333333
56 0.9705729166666667 0.41541666666666666 0.0296875 0.06416666666666666
78 0.46588541666666666 0.25625 0.0109375 0.0225
77 0.43802083333333336 0.2525 0.013541666666666667 0.025
2 0.453125 0.26916666666666667 0.013541666666666667 0.03333333333333333
3 0.4278645833333333 0.28291666666666665 0.015104166666666667 0.035833333333333335
