4 0.06640625 0.3829166666666667 0.030729166666666665 0.07583333333333334
19 0.8463541666666666 0.39958333333333335 0.021875 0.0575
21 0.5328125 0.29625 0.0125 0.0325
20 0.63671875 0.33 0.016145833333333335 0.041666666666666664
22 0.46197916666666666 0.27958333333333335 0.009375 0.025833333333333333
39 0.26458333333333334 0.26916666666666667 0.013541666666666667 0.03166666666666667
40 0.3109375 0.28458333333333335 0.015625 0.035833333333333335
26 0.35078125 0.24875 0.0078125 0.020833333333333332
23 0.4236979166666667 0.26666666666666666 0.0109375 0.02666666666666667
25 0.36328125 0.25125 0.009895833333333333 0.019166666666666665
24 0.38385416666666666 0.2575 0.008333333333333333 0.025
41 0.340625 0.3104166666666667 0.021875 0.05416666666666667
69 0.16692708333333334 0.24125 0.0078125 0.020833333333333332
70 0.12135416666666667 0.24291666666666667 0.008333333333333333 0.020833333333333332
67 0.24765625 0.24291666666666667 0.008854166666666666 0.020833333333333332
68 0.21171875 0.24125 0.008854166666666666 0.0175
29 0.17708333333333334 0.23791666666666667 0.008333333333333333 0.020833333333333332
64 0.303125 0.25083333333333335 0.010416666666666666 0.02666666666666667
63 0.3296875 0.26166666666666666 0.011458333333333333 0.02666666666666667
62 0.35078125 0.27166666666666667 0.013020833333333334 0.03
61 0.39453125 0.2891666666666667 0.015104166666666667 0.03666666666666667
60 0.45598958333333334 0.31625 0.0203125 0.0425
58 0.5872395833333334 0.37416666666666665 0.030729166666666665 0.07166666666666667
42 0.415625 0.3745833333333333 0.034375 0.0775
38 0.21432291666666667 0.26208333333333333 0.008854166666666666 0.0275
30 0.11510416666666666 0.24041666666666667 0.00625 0.019166666666666665
57 0.7815104166666667 0.44375 0.04010416666666667 0.09083333333333334
43 0.725 0.6925 0.08645833333333333 0.18833333333333332
78 0.17552083333333332 0.2604166666666667 0.011458333333333333 0.029166666666666667
77 0.14140625 0.2579166666666667 0.0109375 0.0275
2 0.16432291666666668 0.285 0.011979166666666667 0.035
3 0.13229166666666667 0.31166666666666665 0.021875 0.04833333333333333
