5 0.025 0.4716666666666667 0.04479166666666667 0.10833333333333334
4 0.16901041666666666 0.3333333333333333 0.024479166666666666 0.055
19 0.79453125 0.36833333333333335 0.018229166666666668 0.045
18 0.9260416666666667 0.40541666666666665 0.01875 0.0525
21 0.5677083333333334 0.28875 0.009375 0.0275
20 0.6455729166666667 0.31375 0.013020833333333334 0.03916666666666667
22 0.5119791666666667 0.2725 0.008333333333333333 0.025
39 0.3333333333333333 0.25875 0.014583333333333334 0.0325
40 0.37135416666666665 0.27291666666666664 0.013541666666666667 0.0325
26 0.41796875 0.24458333333333335 0.0078125 0.020833333333333332
23 0.48020833333333335 0.26166666666666666 0.008333333333333333 0.018333333333333333
25 0.4276041666666667 0.24708333333333332 0.008333333333333333 0.019166666666666665
24 0.44583333333333336 0.25166666666666665 0.007291666666666667 0.021666666666666667
67 0.3223958333333333 0.23625 0.008333333333333333 0.019166666666666665
69 0.24635416666666668 0.23375 0.008333333333333333 0.020833333333333332
29 0.25546875 0.23166666666666666 0.0078125 0.02
64 0.371875 0.24541666666666667 0.009375 0.0225
63 0.39401041666666664 0.25375 0.011979166666666667 0.0275
62 0.41041666666666665 0.26416666666666666 0.011458333333333333 0.028333333333333332
61 0.44453125 0.2791666666666667 0.0140625 0.03
60 0.48828125 0.29791666666666666 0.018229166666666668 0.03916666666666667
58 0.5708333333333333 0.34125 0.026041666666666668 0.059166666666666666
41 0.39010416666666664 0.2916666666666667 0.01875 0.043333333333333335
42 0.4317708333333333 0.33541666666666664 0.025 0.05583333333333333
68 0.2877604166666667 0.23541666666666666 0.008854166666666666 0.019166666666666665
38 0.28854166666666664 0.2520833333333333 0.007291666666666667 0.024166666666666666
57 0.6924479166666667 0.38333333333333336 0.03177083333333333 0.06833333333333333
43 0.5424479166666667 0.47208333333333335 0.050520833333333334 0.1075
56 0.9325520833333333 0.44625 0.03177083333333333 0.07083333333333333
78 0.25286458333333334 0.25 0.011979166666666667 0.02666666666666667
77 0.22395833333333334 0.24833333333333332 0.011458333333333333 0.023333333333333334
2 0.24401041666666667 0.2704166666666667 0.013020833333333334 0.030833333333333334
3 0.21744791666666666 0.29 0.015104166666666667 0.04
