64 0.7583333333333333 0.715 0.08854166666666667 0.19333333333333333
63 0.3890625 0.40166666666666667 0.03333333333333333 0.08166666666666667
62 0.34010416666666665 0.32916666666666666 0.023958333333333335 0.05333333333333334
38 0.6971354166666667 0.3925 0.027604166666666666 0.06166666666666667
61 0.3072916666666667 0.29625 0.01875 0.0375
78 0.896875 0.44166666666666665 0.03229166666666667 0.07333333333333333
39 0.5145833333333333 0.34833333333333333 0.026041666666666668 0.055
40 0.39479166666666665 0.2991666666666667 0.016666666666666666 0.04
60 0.29635416666666664 0.27875 0.0125 0.0325
41 0.36614583333333334 0.2783333333333333 0.0125 0.03166666666666667
42 0.34661458333333334 0.2679166666666667 0.013020833333333334 0.029166666666666667
0 0.8130208333333333 0.38916666666666666 0.017708333333333333 0.043333333333333335
58 0.29010416666666666 0.26666666666666666 0.009375 0.02666666666666667
43 0.33671875 0.2604166666666667 0.0109375 0.029166666666666667
44 0.3263020833333333 0.25625 0.008854166666666666 0.024166666666666666
57 0.27369791666666665 0.2633333333333333 0.0109375 0.028333333333333332
56 0.23333333333333334 0.2575 0.011458333333333333 0.02666666666666667
20 0.17864583333333334 0.27708333333333335 0.008333333333333333 0.0275
23 0.016666666666666666 0.4041666666666667 0.03229166666666667 0.07666666666666666
21 0.15286458333333333 0.2920833333333333 0.013020833333333334 0.035833333333333335
22 0.12291666666666666 0.3254166666666667 0.01875 0.0475
1 0.671875 0.3491666666666667 0.020833333333333332 0.043333333333333335
2 0.5411458333333333 0.31166666666666665 0.013541666666666667 0.03333333333333333
3 0.48125 0.28708333333333336 0.011458333333333333 0.029166666666666667
4 0.44296875 0.27541666666666664 0.009895833333333333 0.024166666666666666
5 0.41458333333333336 0.26666666666666666 0.009375 0.021666666666666667
7 0.38567708333333334 0.25583333333333336 0.0078125 0.021666666666666667
6 0.4083333333333333 0.25416666666666665 0.007291666666666667 0.025
47 0.24713541666666666 0.24708333333333332 0.008854166666666666 0.024166666666666666
45 0.31328125 0.2520833333333333 0.008854166666666666 0.024166666666666666
19 0.18567708333333333 0.26666666666666666 0.0078125 0.02666666666666667
