10 0.8578125 0.35208333333333336 0.019791666666666666 0.04083333333333333
11 0.6731770833333334 0.3225 0.011979166666666667 0.03666666666666667
12 0.4979166666666667 0.3025 0.011458333333333333 0.03333333333333333
13 0.29713541666666665 0.2916666666666667 0.011979166666666667 0.041666666666666664
14 0.11328125 0.2991666666666667 0.018229166666666668 0.05
49 0.7153645833333333 0.3458333333333333 0.009895833333333333 0.03166666666666667
48 0.8578125 0.3720833333333333 0.022916666666666665 0.0575
50 0.5778645833333333 0.33375 0.0109375 0.034166666666666665
51 0.4505208333333333 0.32875 0.019791666666666666 0.05416666666666667
52 0.3359375 0.345 0.01875 0.056666666666666664
55 0.46041666666666664 0.555 0.05520833333333333 0.135
53 0.25625 0.37041666666666667 0.020833333333333332 0.06583333333333333
54 0.24791666666666667 0.4275 0.03125 0.08666666666666667
