76 0.9075520833333334 0.7316666666666667 0.08802083333333334 0.20833333333333334
75 0.5390625 0.49541666666666667 0.051041666666666666 0.11916666666666667
74 0.3971354166666667 0.405 0.0390625 0.08666666666666667
73 0.43359375 0.3475 0.028645833333333332 0.06333333333333334
72 0.5213541666666667 0.33458333333333334 0.026041666666666668 0.05416666666666667
71 0.6356770833333333 0.32958333333333334 0.024479166666666666 0.049166666666666664
70 0.7684895833333333 0.33958333333333335 0.021354166666666667 0.0475
69 0.9067708333333333 0.36083333333333334 0.01875 0.04666666666666667
31 0.5278645833333333 0.29625 0.015104166666666667 0.0375
32 0.34296875 0.295 0.0171875 0.045
33 0.17708333333333334 0.31 0.019791666666666666 0.05
30 0.7369791666666666 0.31625 0.015625 0.035833333333333335
29 0.8994791666666667 0.3408333333333333 0.014583333333333334 0.035
