32 0.16953125 0.2675 0.0140625 0.035
33 0.054427083333333334 0.2816666666666667 0.016145833333333335 0.03666666666666667
31 0.31015625 0.26416666666666666 0.0109375 0.03
29 0.5981770833333333 0.28 0.009895833333333333 0.03333333333333333
30 0.47213541666666664 0.2704166666666667 0.0109375 0.029166666666666667
28 0.7526041666666666 0.30291666666666667 0.0125 0.0325
27 0.88203125 0.3329166666666667 0.013020833333333334 0.034166666666666665
78 0.63046875 0.5875 0.07239583333333334 0.15166666666666667
68 0.6783854166666666 0.3025 0.019270833333333334 0.035
69 0.57578125 0.29083333333333333 0.016145833333333335 0.03833333333333333
70 0.4734375 0.28041666666666665 0.014583333333333334 0.035833333333333335
71 0.37421875 0.2783333333333333 0.0171875 0.03666666666666667
72 0.28619791666666666 0.2825 0.019270833333333334 0.04
73 0.22213541666666667 0.29041666666666666 0.019270833333333334 0.04416666666666667
74 0.18802083333333333 0.31166666666666665 0.022916666666666665 0.05333333333333334
75 0.23880208333333333 0.33 0.0265625 0.056666666666666664
76 0.32786458333333335 0.36 0.033854166666666664 0.075
77 0.4440104166666667 0.43583333333333335 0.0453125 0.09833333333333333
67 0.76796875 0.32166666666666666 0.018229166666666668 0.04
66 0.84765625 0.3425 0.0234375 0.045
65 0.8877604166666667 0.35791666666666666 0.021354166666666667 0.049166666666666664
