21 0.7177083333333333 0.38 0.023958333333333335 0.05333333333333334
22 0.5315104166666667 0.3229166666666667 0.016145833333333335 0.035833333333333335
39 0.21536458333333333 0.30583333333333335 0.021354166666666667 0.04833333333333333
29 0.09765625 0.24625 0.0078125 0.0225
27 0.2578125 0.2525 0.007291666666666667 0.021666666666666667
40 0.31927083333333334 0.3625 0.029166666666666667 0.07
38 0.13645833333333332 0.2941666666666667 0.014583333333333334 0.03833333333333333
26 0.3190104166666667 0.25916666666666666 0.0078125 0.023333333333333334
25 0.3380208333333333 0.2625 0.010416666666666666 0.03
24 0.37447916666666664 0.27375 0.010416666666666666 0.0275
23 0.4432291666666667 0.29375 0.013541666666666667 0.029166666666666667
41 0.5036458333333333 0.5466666666666666 0.06145833333333333 0.13833333333333334
68 0.13880208333333333 0.25416666666666665 0.011979166666666667 0.02666666666666667
69 0.08255208333333333 0.25166666666666665 0.0109375 0.023333333333333334
78 0.07838541666666667 0.29 0.0171875 0.03833333333333333
70 0.023177083333333334 0.25375 0.008854166666666666 0.0225
77 0.033854166666666664 0.2833333333333333 0.017708333333333333 0.03666666666666667
67 0.18671875 0.25583333333333336 0.009895833333333333 0.023333333333333334
66 0.22135416666666666 0.2579166666666667 0.010416666666666666 0.0275
65 0.22838541666666667 0.25916666666666666 0.008854166666666666 0.023333333333333334
64 0.26328125 0.26708333333333334 0.013020833333333334 0.030833333333333334
63 0.30963541666666666 0.2866666666666667 0.0140625 0.03666666666666667
62 0.35572916666666665 0.31083333333333335 0.01875 0.04833333333333333
61 0.48020833333333335 0.3641666666666667 0.028125 0.06166666666666667
60 0.7940104166666667 0.5225 0.058854166666666666 0.11166666666666666
28 0.19088541666666667 0.24958333333333332 0.0067708333333333336 0.019166666666666665
30 0.020052083333333335 0.25083333333333335 0.0067708333333333336 0.018333333333333333
1 0.016666666666666666 0.32208333333333333 0.01875 0.0425
2 0.01953125 0.37083333333333335 0.0265625 0.06333333333333334
