61 0.4421875 0.50625 0.06041666666666667 0.12416666666666666
60 0.3015625 0.35125 0.030208333333333334 0.06916666666666667
40 0.7239583333333334 0.49833333333333335 0.05 0.10833333333333334
41 0.45677083333333335 0.35333333333333333 0.030208333333333334 0.065
42 0.3609375 0.3070833333333333 0.01875 0.0475
43 0.31692708333333336 0.28625 0.015104166666666667 0.0375
58 0.25755208333333335 0.30666666666666664 0.021354166666666667 0.05
44 0.2872395833333333 0.27166666666666667 0.013020833333333334 0.03166666666666667
57 0.21927083333333333 0.29375 0.017708333333333333 0.0425
45 0.2643229166666667 0.2658333333333333 0.013020833333333334 0.03166666666666667
46 0.22213541666666667 0.2625 0.013020833333333334 0.03
56 0.14635416666666667 0.28791666666666665 0.016666666666666666 0.034166666666666665
20 0.020572916666666666 0.36041666666666666 0.021354166666666667 0.060833333333333336
3 0.6828125 0.3641666666666667 0.020833333333333332 0.051666666666666666
4 0.52734375 0.31625 0.015104166666666667 0.03916666666666667
5 0.44244791666666666 0.2916666666666667 0.0109375 0.03166666666666667
6 0.40598958333333335 0.2704166666666667 0.008854166666666666 0.029166666666666667
7 0.3653645833333333 0.2675 0.009895833333333333 0.023333333333333334
8 0.29348958333333336 0.26 0.0078125 0.025
9 0.20416666666666666 0.25333333333333335 0.008333333333333333 0.023333333333333334
47 0.16484375 0.25958333333333333 0.0140625 0.030833333333333334
10 0.10625 0.25708333333333333 0.008333333333333333 0.0225
19 0.05520833333333333 0.31375 0.017708333333333333 0.0425
18 0.015364583333333333 0.30875 0.015104166666666667 0.0375
49 0.035416666666666666 0.26375 0.009375 0.0275
11 0.008854166666666666 0.26 0.009375 0.025
48 0.1015625 0.26208333333333333 0.009375 0.0275
