78 0.7432291666666667 0.7179166666666666 0.11041666666666666 0.21416666666666667
77 0.47161458333333334 0.48333333333333334 0.0609375 0.12333333333333334
76 0.3221354166666667 0.38375 0.03802083333333333 0.08083333333333333
75 0.22239583333333332 0.34541666666666665 0.03125 0.06583333333333333
74 0.16432291666666668 0.32166666666666666 0.025520833333333333 0.056666666666666664
73 0.20364583333333333 0.2975 0.020833333333333332 0.045
72 0.2716145833333333 0.29083333333333333 0.019270833333333334 0.03833333333333333
71 0.3619791666666667 0.28541666666666665 0.01875 0.0375
70 0.46770833333333334 0.2891666666666667 0.014583333333333334 0.03333333333333333
69 0.5736979166666667 0.29875 0.016145833333333335 0.0375
68 0.6807291666666667 0.3129166666666667 0.01875 0.0375
67 0.77890625 0.3329166666666667 0.019270833333333334 0.04083333333333333
66 0.8658854166666666 0.3570833333333333 0.021354166666666667 0.0425
65 0.91015625 0.375 0.022395833333333334 0.04833333333333333
31 0.2947916666666667 0.26958333333333334 0.011458333333333333 0.0275
32 0.14739583333333334 0.27291666666666664 0.013541666666666667 0.0325
33 0.025260416666666667 0.28583333333333333 0.015104166666666667 0.03666666666666667
29 0.5924479166666666 0.2866666666666667 0.011979166666666667 0.03
28 0.7557291666666667 0.31333333333333335 0.0125 0.03
27 0.8916666666666667 0.34375 0.013541666666666667 0.0325
