44 0.9223958333333333 0.3983333333333333 0.03333333333333333 0.06
45 0.8341145833333333 0.35833333333333334 0.0296875 0.056666666666666664
46 0.7263020833333333 0.32875 0.027604166666666666 0.049166666666666664
47 0.6075520833333333 0.30833333333333335 0.0265625 0.05
56 0.6270833333333333 0.595 0.07395833333333333 0.15833333333333333
8 0.8471354166666667 0.33125 0.018229166666666668 0.0425
9 0.6723958333333333 0.29541666666666666 0.01875 0.03916666666666667
10 0.4981770833333333 0.28208333333333335 0.015104166666666667 0.035833333333333335
11 0.32786458333333335 0.2733333333333333 0.0109375 0.035
12 0.16458333333333333 0.27416666666666667 0.010416666666666666 0.03333333333333333
49 0.3578125 0.29 0.0125 0.035
48 0.48489583333333336 0.3 0.016666666666666666 0.041666666666666664
50 0.23098958333333333 0.2925 0.013020833333333334 0.04
51 0.11458333333333333 0.30625 0.013541666666666667 0.0425
52 0.01015625 0.32416666666666666 0.0171875 0.051666666666666666
55 0.08463541666666667 0.44625 0.044270833333333336 0.09416666666666666
