31 0.12630208333333334 0.2425 0.011979166666666667 0.03
30 0.2734375 0.24333333333333335 0.009375 0.02666666666666667
28 0.5239583333333333 0.26 0.0125 0.028333333333333332
29 0.38619791666666664 0.2475 0.0109375 0.03
27 0.6333333333333333 0.2791666666666667 0.0125 0.03166666666666667
38 0.47291666666666665 0.5125 0.04479166666666667 0.13166666666666665
26 0.74921875 0.30541666666666667 0.0140625 0.035833333333333335
25 0.803125 0.32208333333333333 0.017708333333333333 0.0475
24 0.9411458333333333 0.38125 0.023958333333333335 0.0475
68 0.44973958333333336 0.26208333333333333 0.016145833333333335 0.0325
69 0.3609375 0.25333333333333335 0.016666666666666666 0.03666666666666667
70 0.2703125 0.25333333333333335 0.015625 0.02666666666666667
71 0.18098958333333334 0.25125 0.016145833333333335 0.034166666666666665
72 0.10364583333333334 0.2608333333333333 0.016666666666666666 0.03666666666666667
73 0.04479166666666667 0.2679166666666667 0.017708333333333333 0.0375
74 0.01640625 0.2841666666666667 0.019270833333333334 0.043333333333333335
75 0.06067708333333333 0.2970833333333333 0.0265625 0.050833333333333335
76 0.12942708333333333 0.3120833333333333 0.028645833333333332 0.059166666666666666
77 0.20442708333333334 0.3491666666666667 0.033854166666666664 0.075
78 0.29270833333333335 0.40625 0.04375 0.09583333333333334
66 0.58828125 0.28541666666666665 0.0171875 0.0375
67 0.5268229166666667 0.27375 0.0171875 0.0375
65 0.6096354166666667 0.29541666666666666 0.019270833333333334 0.03916666666666667
64 0.72578125 0.3433333333333333 0.028645833333333332 0.055
63 0.9796875 0.47541666666666665 0.03854166666666667 0.0875
