32 0.19869791666666667 0.27458333333333335 0.0140625 0.035833333333333335
33 0.0765625 0.28625 0.016666666666666666 0.0375
31 0.34765625 0.27166666666666667 0.011979166666666667 0.03166666666666667
29 0.6497395833333334 0.2920833333333333 0.011979166666666667 0.0325
30 0.51953125 0.27958333333333335 0.0109375 0.030833333333333334
28 0.8158854166666667 0.32083333333333336 0.013020833333333334 0.03333333333333333
27 0.9557291666666666 0.3516666666666667 0.013541666666666667 0.035
78 0.8729166666666667 0.7804166666666666 0.09270833333333334 0.21916666666666668
68 0.7411458333333333 0.31875 0.017708333333333333 0.04416666666666667
69 0.6322916666666667 0.3025 0.017708333333333333 0.04
70 0.5244791666666667 0.29333333333333333 0.015625 0.03666666666666667
71 0.4171875 0.29 0.01875 0.04
72 0.3255208333333333 0.2916666666666667 0.01875 0.041666666666666664
73 0.25625 0.30125 0.021875 0.04583333333333333
74 0.22005208333333334 0.32458333333333333 0.025520833333333333 0.05583333333333333
75 0.27708333333333335 0.35083333333333333 0.03333333333333333 0.07
76 0.38385416666666666 0.39208333333333334 0.03958333333333333 0.0875
77 0.546875 0.5041666666666667 0.05416666666666667 0.12666666666666668
67 0.8416666666666667 0.34041666666666665 0.01875 0.0425
66 0.9309895833333334 0.3645833333333333 0.021354166666666667 0.0475
65 0.9822916666666667 0.38666666666666666 0.023958333333333335 0.051666666666666666
