10 0.88515625 0.3458333333333333 0.018229166666666668 0.03833333333333333
11 0.69765625 0.31333333333333335 0.015104166666666667 0.04
12 0.52109375 0.2916666666666667 0.011979166666666667 0.035
13 0.3184895833333333 0.28208333333333335 0.011979166666666667 0.04416666666666667
14 0.13229166666666667 0.29 0.01875 0.05
49 0.7424479166666667 0.34125 0.0109375 0.0325
48 0.8846354166666667 0.3645833333333333 0.021354166666666667 0.0525
50 0.60390625 0.32416666666666666 0.011979166666666667 0.03833333333333333
51 0.4739583333333333 0.3225 0.016666666666666666 0.051666666666666666
52 0.35859375 0.33458333333333334 0.0203125 0.059166666666666666
55 0.4934895833333333 0.5666666666666667 0.0703125 0.14333333333333334
53 0.27838541666666666 0.3625 0.0234375 0.07166666666666667
54 0.2716145833333333 0.42375 0.030729166666666665 0.08916666666666667
