40 0.609375 0.42583333333333334 0.042708333333333334 0.09
61 0.3888020833333333 0.4195833333333333 0.04114583333333333 0.0925
60 0.30078125 0.32375 0.025520833333333333 0.0575
41 0.43411458333333336 0.3279166666666667 0.0265625 0.05583333333333333
42 0.35833333333333334 0.29083333333333333 0.017708333333333333 0.041666666666666664
43 0.32265625 0.2725 0.0140625 0.03333333333333333
58 0.26666666666666666 0.29 0.016666666666666666 0.04
44 0.29635416666666664 0.26166666666666666 0.011458333333333333 0.03166666666666667
57 0.23151041666666666 0.27958333333333335 0.0171875 0.04083333333333333
45 0.2760416666666667 0.25625 0.011458333333333333 0.029166666666666667
46 0.23515625 0.2529166666666667 0.013020833333333334 0.030833333333333334
56 0.16614583333333333 0.27291666666666664 0.014583333333333334 0.0325
20 0.0625 0.3275 0.01875 0.051666666666666666
2 0.90625 0.4429166666666667 0.026041666666666668 0.06916666666666667
3 0.6338541666666667 0.33875 0.017708333333333333 0.04416666666666667
4 0.51015625 0.3025 0.015104166666666667 0.03333333333333333
5 0.43776041666666665 0.28208333333333335 0.0109375 0.030833333333333334
6 0.4083333333333333 0.2608333333333333 0.008333333333333333 0.02666666666666667
8 0.3028645833333333 0.24958333333333332 0.0078125 0.0225
9 0.2203125 0.24333333333333335 0.008333333333333333 0.025
47 0.1828125 0.24708333333333332 0.013541666666666667 0.034166666666666665
7 0.37109375 0.25916666666666666 0.008854166666666666 0.02666666666666667
10 0.12604166666666666 0.245 0.007291666666666667 0.023333333333333334
19 0.08619791666666667 0.2941666666666667 0.015104166666666667 0.03833333333333333
18 0.049479166666666664 0.29 0.0125 0.035
11 0.033854166666666664 0.24958333333333332 0.008333333333333333 0.0225
48 0.12291666666666666 0.2525 0.009375 0.025
55 0.03697916666666667 0.27541666666666664 0.008333333333333333 0.024166666666666666
