41 0.92265625 0.60875 0.06510416666666667 0.1425
42 0.5125 0.38625 0.035416666666666666 0.07416666666666667
43 0.39557291666666666 0.32166666666666666 0.022395833333333334 0.05
60 0.5770833333333333 0.6616666666666666 0.09791666666666667 0.19166666666666668
58 0.33489583333333334 0.3858333333333333 0.03333333333333333 0.075
44 0.3377604166666667 0.29541666666666666 0.015104166666666667 0.035833333333333335
57 0.2559895833333333 0.3466666666666667 0.028645833333333332 0.06333333333333334
45 0.30442708333333335 0.28458333333333335 0.016145833333333335 0.035833333333333335
46 0.24713541666666666 0.27791666666666665 0.015104166666666667 0.0375
47 0.17526041666666667 0.275 0.0140625 0.03166666666666667
56 0.14140625 0.32708333333333334 0.025520833333333333 0.0525
4 0.7700520833333333 0.40458333333333335 0.022395833333333334 0.05583333333333333
5 0.57265625 0.33666666666666667 0.016145833333333335 0.04
6 0.4942708333333333 0.2945833333333333 0.009375 0.0375
7 0.4322916666666667 0.29041666666666666 0.010416666666666666 0.029166666666666667
8 0.33489583333333334 0.275 0.010416666666666666 0.03
9 0.22447916666666667 0.2658333333333333 0.008333333333333333 0.028333333333333332
10 0.10286458333333333 0.2683333333333333 0.009895833333333333 0.02666666666666667
48 0.09375 0.275 0.0125 0.035
49 0.009375 0.27625 0.010416666666666666 0.025833333333333333
