21 0.98046875 0.4675 0.034895833333333334 0.07666666666666666
22 0.6432291666666666 0.35333333333333333 0.022916666666666665 0.05
39 0.2234375 0.33166666666666667 0.027083333333333334 0.06
29 0.08697916666666666 0.24416666666666667 0.008333333333333333 0.021666666666666667
27 0.26666666666666666 0.24916666666666668 0.009375 0.023333333333333334
40 0.4127604166666667 0.4658333333333333 0.049479166666666664 0.11
38 0.11770833333333333 0.3095833333333333 0.016666666666666666 0.0475
26 0.3375 0.25708333333333333 0.009375 0.025833333333333333
25 0.35885416666666664 0.2633333333333333 0.011458333333333333 0.028333333333333332
24 0.40703125 0.28 0.0140625 0.03
23 0.503125 0.30541666666666667 0.015625 0.035833333333333335
68 0.13359375 0.24875 0.013020833333333334 0.0275
69 0.06848958333333334 0.25 0.0109375 0.02666666666666667
78 0.04895833333333333 0.30083333333333334 0.019791666666666666 0.043333333333333335
67 0.1859375 0.2504166666666667 0.010416666666666666 0.0275
66 0.22526041666666666 0.25458333333333333 0.0109375 0.0275
65 0.23333333333333334 0.25833333333333336 0.010416666666666666 0.028333333333333332
64 0.27760416666666665 0.2704166666666667 0.015625 0.034166666666666665
63 0.33828125 0.2975 0.019270833333333334 0.045
62 0.4166666666666667 0.34291666666666665 0.025 0.0525
61 0.6684895833333333 0.46041666666666664 0.04635416666666667 0.09916666666666667
28 0.18958333333333333 0.2425 0.008333333333333333 0.025
