20 0.79375 0.4033333333333333 0.023958333333333335 0.06
21 0.5828125 0.33708333333333335 0.017708333333333333 0.03916666666666667
22 0.46432291666666664 0.30375 0.013020833333333334 0.0325
39 0.21119791666666668 0.2920833333333333 0.016145833333333335 0.03916666666666667
29 0.10703125 0.2529166666666667 0.0067708333333333336 0.020833333333333332
27 0.25234375 0.25625 0.008854166666666666 0.020833333333333332
40 0.28072916666666664 0.32416666666666666 0.020833333333333332 0.051666666666666666
26 0.3067708333333333 0.25875 0.008333333333333333 0.025833333333333333
23 0.4036458333333333 0.28708333333333336 0.009375 0.025833333333333333
25 0.321875 0.26375 0.008333333333333333 0.024166666666666666
24 0.35052083333333334 0.2704166666666667 0.010416666666666666 0.025833333333333333
41 0.35130208333333335 0.38708333333333333 0.033854166666666664 0.07583333333333334
68 0.14583333333333334 0.25416666666666665 0.009375 0.025
69 0.09453125 0.25375 0.008854166666666666 0.0225
78 0.09817708333333333 0.28125 0.0140625 0.0325
70 0.041666666666666664 0.25666666666666665 0.009375 0.021666666666666667
71 0.014322916666666666 0.275 0.011979166666666667 0.03
77 0.059375 0.27791666666666665 0.013541666666666667 0.030833333333333334
67 0.18854166666666666 0.2579166666666667 0.009375 0.020833333333333332
66 0.21875 0.2579166666666667 0.009375 0.024166666666666666
65 0.225 0.26 0.007291666666666667 0.021666666666666667
64 0.25494791666666666 0.26666666666666666 0.011979166666666667 0.02666666666666667
63 0.290625 0.28041666666666665 0.0125 0.0325
62 0.3229166666666667 0.29625 0.015625 0.0375
61 0.39765625 0.32666666666666666 0.021354166666666667 0.04833333333333333
60 0.5346354166666667 0.3883333333333333 0.03802083333333333 0.07166666666666667
58 0.9763020833333333 0.6120833333333333 0.044270833333333336 0.14416666666666667
42 0.6846354166666667 0.6929166666666666 0.08489583333333334 0.1925
38 0.146875 0.2825 0.0125 0.03166666666666667
28 0.19166666666666668 0.25125 0.007291666666666667 0.0175
30 0.03671875 0.25166666666666665 0.0067708333333333336 0.018333333333333333
1 0.05572916666666667 0.3045833333333333 0.013541666666666667 0.035833333333333335
2 0.06979166666666667 0.32916666666666666 0.01875 0.04666666666666667
