4 0.13125 0.34875 0.027083333333333334 0.059166666666666666
19 0.8046875 0.37833333333333335 0.019791666666666666 0.045
18 0.9502604166666667 0.4216666666666667 0.019270833333333334 0.05333333333333334
21 0.5510416666666667 0.29125 0.010416666666666666 0.0325
20 0.63671875 0.31875 0.015104166666666667 0.04416666666666667
22 0.4890625 0.27625 0.008333333333333333 0.0275
39 0.30520833333333336 0.2629166666666667 0.0125 0.029166666666666667
40 0.3463541666666667 0.27625 0.0125 0.0375
26 0.39036458333333335 0.24666666666666667 0.0067708333333333336 0.025
23 0.4557291666666667 0.26375 0.008333333333333333 0.0225
25 0.4015625 0.2504166666666667 0.007291666666666667 0.020833333333333332
24 0.4203125 0.25583333333333336 0.008333333333333333 0.021666666666666667
69 0.21458333333333332 0.23791666666666667 0.008333333333333333 0.0225
67 0.2916666666666667 0.24041666666666667 0.007291666666666667 0.019166666666666665
68 0.25703125 0.24 0.0078125 0.02
29 0.22421875 0.2375 0.0078125 0.02
64 0.34348958333333335 0.24791666666666667 0.0109375 0.025833333333333333
63 0.36744791666666665 0.2575 0.009895833333333333 0.02666666666666667
62 0.38515625 0.2683333333333333 0.011979166666666667 0.02666666666666667
61 0.42291666666666666 0.2816666666666667 0.014583333333333334 0.03333333333333333
60 0.47239583333333335 0.3045833333333333 0.017708333333333333 0.04416666666666667
58 0.5697916666666667 0.35208333333333336 0.027083333333333334 0.0625
41 0.36822916666666666 0.30041666666666667 0.020833333333333332 0.04583333333333333
42 0.42083333333333334 0.345 0.029166666666666667 0.06666666666666667
38 0.26015625 0.25916666666666666 0.008854166666666666 0.023333333333333334
70 0.17083333333333334 0.23875 0.007291666666666667 0.0175
30 0.165625 0.2375 0.00625 0.015
57 0.7114583333333333 0.4033333333333333 0.035416666666666666 0.075
43 0.57734375 0.5233333333333333 0.05260416666666667 0.13
56 0.98203125 0.475 0.03177083333333333 0.07666666666666666
78 0.22265625 0.25458333333333333 0.011979166666666667 0.025833333333333333
77 0.19036458333333334 0.2525 0.009895833333333333 0.025
2 0.21197916666666666 0.275 0.0125 0.035
3 0.18463541666666666 0.2966666666666667 0.016145833333333335 0.041666666666666664
