66 0.8057291666666667 0.655 0.07395833333333333 0.17833333333333334
65 0.8604166666666667 0.49 0.04479166666666667 0.10666666666666667
64 0.86328125 0.36333333333333334 0.025520833333333333 0.056666666666666664
63 0.8721354166666667 0.3308333333333333 0.019270833333333334 0.043333333333333335
62 0.896875 0.31625 0.015625 0.035833333333333335
56 0.8854166666666666 0.28041666666666665 0.011458333333333333 0.025833333333333333
24 0.6177083333333333 0.3375 0.021875 0.051666666666666666
26 0.07552083333333333 0.48625 0.05416666666666667 0.11083333333333334
25 0.39427083333333335 0.3929166666666667 0.0375 0.0775
23 0.7010416666666667 0.30875 0.017708333333333333 0.0425
22 0.7684895833333333 0.2995833333333333 0.013020833333333334 0.0325
40 0.9658854166666667 0.31 0.015104166666666667 0.035
58 0.9244791666666666 0.29 0.011458333333333333 0.025
60 0.915625 0.2916666666666667 0.014583333333333334 0.03166666666666667
61 0.9041666666666667 0.30125 0.0125 0.0325
21 0.8 0.28958333333333336 0.010416666666666666 0.029166666666666667
