76 0.6497395833333334 0.56 0.058854166666666666 0.14333333333333334
75 0.42890625 0.44166666666666665 0.043229166666666666 0.095
74 0.33229166666666665 0.38666666666666666 0.03229166666666667 0.07333333333333333
73 0.37265625 0.34458333333333335 0.028645833333333332 0.05583333333333333
72 0.45416666666666666 0.33125 0.021875 0.04583333333333333
71 0.5622395833333333 0.32375 0.019270833333333334 0.04583333333333333
70 0.6869791666666667 0.32875 0.01875 0.04083333333333333
69 0.81484375 0.345 0.0171875 0.04
68 0.9484375 0.36583333333333334 0.01875 0.045
31 0.4705729166666667 0.3 0.0140625 0.035
32 0.29791666666666666 0.30375 0.015625 0.04083333333333333
33 0.1484375 0.32 0.019791666666666666 0.04666666666666667
30 0.6674479166666667 0.31166666666666665 0.0140625 0.03333333333333333
29 0.8184895833333333 0.32875 0.0140625 0.034166666666666665
