41 0.84140625 0.5616666666666666 0.058854166666666666 0.13166666666666665
42 0.49296875 0.37333333333333335 0.033854166666666664 0.07166666666666667
43 0.38697916666666665 0.31875 0.020833333333333332 0.049166666666666664
60 0.5197916666666667 0.5975 0.07916666666666666 0.165
58 0.3265625 0.3720833333333333 0.029166666666666667 0.07583333333333334
44 0.3333333333333333 0.29375 0.014583333333333334 0.0325
57 0.25286458333333334 0.34 0.028645833333333332 0.06166666666666667
45 0.3015625 0.28458333333333335 0.016666666666666666 0.034166666666666665
46 0.2453125 0.2758333333333333 0.016666666666666666 0.03666666666666667
47 0.17473958333333334 0.27291666666666664 0.0140625 0.034166666666666665
56 0.14348958333333334 0.32208333333333333 0.022395833333333334 0.049166666666666664
4 0.740625 0.3908333333333333 0.019791666666666666 0.058333333333333334
5 0.5588541666666667 0.3304166666666667 0.016666666666666666 0.0375
6 0.48723958333333334 0.2941666666666667 0.0109375 0.03
7 0.42578125 0.2866666666666667 0.0109375 0.03
8 0.3328125 0.27416666666666667 0.010416666666666666 0.03
9 0.22291666666666668 0.26375 0.010416666666666666 0.0275
10 0.10364583333333334 0.26708333333333334 0.010416666666666666 0.024166666666666666
48 0.09453125 0.2733333333333333 0.011979166666666667 0.03333333333333333
49 0.01171875 0.27666666666666667 0.008854166666666666 0.025
