64 0.5760416666666667 0.49916666666666665 0.04791666666666667 0.12
63 0.41015625 0.35875 0.027604166666666666 0.0625
62 0.38385416666666666 0.30875 0.015625 0.0425
38 0.6755208333333333 0.3595833333333333 0.026041666666666668 0.0525
61 0.3614583333333333 0.28583333333333333 0.013541666666666667 0.03166666666666667
78 0.8346354166666666 0.39875 0.028645833333333332 0.060833333333333336
39 0.5322916666666667 0.325 0.022916666666666665 0.04833333333333333
40 0.43828125 0.28833333333333333 0.015104166666666667 0.035
41 0.41901041666666666 0.27166666666666667 0.013020833333333334 0.03166666666666667
42 0.403125 0.2629166666666667 0.009375 0.025833333333333333
0 0.79453125 0.3645833333333333 0.015104166666666667 0.03916666666666667
43 0.3958333333333333 0.25708333333333333 0.009375 0.0225
56 0.2989583333333333 0.25375 0.009375 0.025833333333333333
57 0.33541666666666664 0.255 0.0125 0.02666666666666667
20 0.2484375 0.2679166666666667 0.008333333333333333 0.024166666666666666
23 0.12291666666666666 0.3545833333333333 0.030208333333333334 0.059166666666666666
21 0.22473958333333333 0.28125 0.011979166666666667 0.0325
22 0.20130208333333333 0.30666666666666664 0.0171875 0.041666666666666664
1 0.6763020833333333 0.3308333333333333 0.018229166666666668 0.03833333333333333
2 0.57109375 0.2991666666666667 0.013020833333333334 0.03333333333333333
3 0.5229166666666667 0.28041666666666665 0.011458333333333333 0.0275
4 0.49270833333333336 0.26666666666666666 0.009375 0.02666666666666667
5 0.46953125 0.26 0.0078125 0.021666666666666667
44 0.3875 0.25125 0.010416666666666666 0.0225
47 0.31276041666666665 0.24375 0.008854166666666666 0.0225
