11 0.91953125 0.36875 0.013020833333333334 0.04416666666666667
12 0.7263020833333333 0.34125 0.0140625 0.04083333333333333
13 0.50703125 0.33375 0.0140625 0.0475
14 0.30104166666666665 0.3425 0.019791666666666666 0.05333333333333334
15 0.0421875 0.38625 0.030208333333333334 0.07416666666666667
49 0.9888020833333333 0.40375 0.015104166666666667 0.0475
50 0.834375 0.38708333333333333 0.016666666666666666 0.050833333333333335
51 0.69375 0.3858333333333333 0.017708333333333333 0.05
52 0.5721354166666667 0.39791666666666664 0.025520833333333333 0.07416666666666667
55 0.9375 0.86625 0.11145833333333334 0.24083333333333334
53 0.48880208333333336 0.44625 0.0265625 0.07583333333333334
54 0.50703125 0.5504166666666667 0.04635416666666667 0.12416666666666666
