39 0.86640625 0.71 0.07864583333333333 0.19333333333333333
38 0.415625 0.46375 0.042708333333333334 0.11083333333333334
78 0.2484375 0.3879166666666667 0.040625 0.0825
77 0.16171875 0.34208333333333335 0.033854166666666664 0.06583333333333333
76 0.08359375 0.3095833333333333 0.0265625 0.05583333333333333
75 0.015104166666666667 0.29875 0.022916666666666665 0.0475
72 0.047135416666666666 0.2625 0.0171875 0.035
71 0.12291666666666666 0.255 0.015625 0.03333333333333333
70 0.21041666666666667 0.25375 0.011458333333333333 0.0275
69 0.29791666666666666 0.2554166666666667 0.0125 0.030833333333333334
68 0.3848958333333333 0.25958333333333333 0.013541666666666667 0.030833333333333334
67 0.4583333333333333 0.2708333333333333 0.013541666666666667 0.03166666666666667
66 0.5166666666666667 0.28125 0.016666666666666666 0.0375
65 0.5369791666666667 0.2875 0.017708333333333333 0.04
64 0.6440104166666667 0.3258333333333333 0.0234375 0.055
63 0.86484375 0.4370833333333333 0.0421875 0.08583333333333333
31 0.06666666666666667 0.24666666666666667 0.011458333333333333 0.028333333333333332
29 0.32135416666666666 0.245 0.010416666666666666 0.028333333333333332
28 0.45598958333333334 0.25583333333333336 0.0109375 0.03166666666666667
27 0.5611979166666666 0.2725 0.013020833333333334 0.03
26 0.671875 0.29583333333333334 0.0125 0.03166666666666667
25 0.7213541666666666 0.3120833333333333 0.017708333333333333 0.0375
24 0.84609375 0.36 0.018229166666666668 0.045
