6 0.13541666666666666 0.43666666666666665 0.04479166666666667 0.10833333333333334
5 0.5239583333333333 0.3541666666666667 0.026041666666666668 0.058333333333333334
4 0.6236979166666666 0.3120833333333333 0.018229166666666668 0.03916666666666667
21 0.9825520833333333 0.31625 0.0140625 0.030833333333333334
22 0.9450520833333333 0.30083333333333334 0.0109375 0.028333333333333332
44 0.79921875 0.5795833333333333 0.0578125 0.14583333333333334
39 0.7864583333333334 0.27958333333333335 0.015625 0.029166666666666667
40 0.8080729166666667 0.2916666666666667 0.0140625 0.028333333333333332
23 0.925 0.2891666666666667 0.0125 0.02666666666666667
64 0.8307291666666666 0.27291666666666664 0.013541666666666667 0.024166666666666666
63 0.84609375 0.28041666666666665 0.013020833333333334 0.020833333333333332
62 0.8528645833333334 0.29 0.015104166666666667 0.025
24 0.9015625 0.2833333333333333 0.009375 0.021666666666666667
61 0.871875 0.2991666666666667 0.016666666666666666 0.03166666666666667
60 0.8893229166666666 0.31416666666666665 0.0171875 0.035
58 0.9171875 0.3408333333333333 0.021875 0.05
41 0.8075520833333333 0.30333333333333334 0.018229166666666668 0.035
42 0.80859375 0.3279166666666667 0.0234375 0.04416666666666667
57 0.97890625 0.37125 0.0265625 0.05583333333333333
43 0.8015625 0.38208333333333333 0.034375 0.07083333333333333
78 0.7203125 0.2683333333333333 0.0125 0.02666666666666667
77 0.6981770833333333 0.2654166666666667 0.013020833333333334 0.024166666666666666
2 0.7018229166666666 0.28041666666666665 0.011979166666666667 0.0275
3 0.6713541666666667 0.29125 0.0125 0.0325
