64 0.5700520833333333 0.4920833333333333 0.04739583333333333 0.1125
63 0.41171875 0.3570833333333333 0.025520833333333333 0.060833333333333336
62 0.38776041666666666 0.3125 0.018229166666666668 0.043333333333333335
38 0.675 0.36041666666666666 0.025 0.0525
61 0.36484375 0.28541666666666665 0.015104166666666667 0.034166666666666665
78 0.8315104166666667 0.39875 0.0296875 0.060833333333333336
39 0.5330729166666667 0.32625 0.022395833333333334 0.0475
40 0.44166666666666665 0.28875 0.015625 0.0375
41 0.421875 0.27375 0.0125 0.0275
42 0.4080729166666667 0.2633333333333333 0.011979166666666667 0.028333333333333332
0 0.79453125 0.36333333333333334 0.016145833333333335 0.041666666666666664
43 0.39947916666666666 0.25875 0.010416666666666666 0.0225
56 0.3033854166666667 0.25416666666666665 0.009895833333333333 0.025
57 0.3390625 0.2575 0.011458333333333333 0.025
20 0.2526041666666667 0.26875 0.008333333333333333 0.0275
23 0.12838541666666667 0.35333333333333333 0.028645833333333332 0.06
21 0.22994791666666667 0.2816666666666667 0.009895833333333333 0.03333333333333333
22 0.20651041666666667 0.30625 0.016145833333333335 0.04083333333333333
1 0.6765625 0.33 0.016666666666666666 0.04
2 0.5734375 0.30083333333333334 0.0125 0.03
3 0.52734375 0.2808333333333333 0.0109375 0.028333333333333332
4 0.49609375 0.26958333333333334 0.009895833333333333 0.020833333333333332
5 0.47369791666666666 0.26208333333333333 0.0078125 0.020833333333333332
44 0.3921875 0.2529166666666667 0.009375 0.024166666666666666
47 0.3177083333333333 0.24458333333333335 0.008333333333333333 0.020833333333333332
