39 0.47369791666666666 0.5204166666666666 0.0578125 0.1225
30 0.09036458333333333 0.25083333333333335 0.008854166666666666 0.02666666666666667
29 0.1953125 0.24875 0.011458333333333333 0.029166666666666667
27 0.41953125 0.2629166666666667 0.011979166666666667 0.030833333333333334
38 0.21536458333333333 0.40541666666666665 0.0359375 0.09083333333333334
26 0.51796875 0.28208333333333335 0.0140625 0.030833333333333334
25 0.55703125 0.29083333333333333 0.016145833333333335 0.03833333333333333
24 0.6520833333333333 0.3258333333333333 0.019791666666666666 0.04666666666666667
23 0.8669270833333333 0.39708333333333334 0.0296875 0.0625
68 0.2515625 0.25833333333333336 0.015625 0.035
69 0.1703125 0.25583333333333336 0.014583333333333334 0.03166666666666667
70 0.08723958333333333 0.25666666666666665 0.0140625 0.03166666666666667
77 0.03229166666666667 0.33375 0.028125 0.059166666666666666
78 0.09869791666666666 0.36375 0.033854166666666664 0.07416666666666667
67 0.31953125 0.265 0.0140625 0.03333333333333333
66 0.37161458333333336 0.27125 0.016145833333333335 0.035833333333333335
65 0.38671875 0.2783333333333333 0.0171875 0.03833333333333333
64 0.465625 0.305 0.021875 0.05
63 0.6145833333333334 0.37833333333333335 0.03333333333333333 0.07
62 0.9690104166666667 0.5866666666666667 0.058854166666666666 0.13833333333333334
28 0.32265625 0.25416666666666665 0.008854166666666666 0.02666666666666667
