38 0.4903645833333333 0.505 0.04739583333333333 0.125
78 0.2903645833333333 0.4041666666666667 0.043229166666666666 0.08833333333333333
77 0.19401041666666666 0.34791666666666665 0.0359375 0.07583333333333334
76 0.11171875 0.31166666666666665 0.027604166666666666 0.058333333333333334
75 0.039322916666666666 0.29541666666666666 0.0234375 0.050833333333333335
73 0.017447916666666667 0.2654166666666667 0.016145833333333335 0.03916666666666667
72 0.07552083333333333 0.25833333333333336 0.015625 0.035
71 0.15338541666666666 0.2504166666666667 0.0171875 0.034166666666666665
70 0.24401041666666667 0.24833333333333332 0.013020833333333334 0.03166666666666667
69 0.33489583333333334 0.25125 0.0125 0.0325
68 0.42291666666666666 0.25833333333333336 0.015625 0.03333333333333333
67 0.5002604166666667 0.26958333333333334 0.0140625 0.034166666666666665
66 0.5627604166666667 0.2833333333333333 0.0171875 0.03666666666666667
65 0.58515625 0.2916666666666667 0.016145833333333335 0.04
64 0.7067708333333333 0.33791666666666664 0.028125 0.05583333333333333
63 0.9677083333333333 0.47125 0.046875 0.09416666666666666
31 0.09583333333333334 0.24125 0.010416666666666666 0.029166666666666667
29 0.3575520833333333 0.24416666666666667 0.008854166666666666 0.02666666666666667
28 0.49713541666666666 0.25625 0.013020833333333334 0.0275
27 0.60625 0.27458333333333335 0.011458333333333333 0.029166666666666667
26 0.7213541666666666 0.3020833333333333 0.013541666666666667 0.034166666666666665
25 0.7768229166666667 0.3204166666666667 0.016145833333333335 0.0375
24 0.9166666666666666 0.37375 0.020833333333333332 0.049166666666666664
