76 0.6260416666666667 0.5483333333333333 0.06041666666666667 0.14
75 0.41822916666666665 0.43875 0.04375 0.09416666666666666
74 0.32369791666666664 0.3858333333333333 0.03177083333333333 0.075
73 0.3640625 0.34458333333333335 0.029166666666666667 0.05583333333333333
72 0.44609375 0.33125 0.024479166666666666 0.050833333333333335
71 0.5526041666666667 0.3254166666666667 0.022916666666666665 0.04583333333333333
70 0.6765625 0.3304166666666667 0.017708333333333333 0.04083333333333333
69 0.8041666666666667 0.3441666666666667 0.016666666666666666 0.04
68 0.9354166666666667 0.36541666666666667 0.019791666666666666 0.04416666666666667
31 0.4627604166666667 0.3025 0.013020833333333334 0.03333333333333333
32 0.2911458333333333 0.30583333333333335 0.013541666666666667 0.03666666666666667
33 0.14375 0.32083333333333336 0.019791666666666666 0.04833333333333333
30 0.6578125 0.3145833333333333 0.013541666666666667 0.0325
29 0.8065104166666667 0.3283333333333333 0.013020833333333334 0.03666666666666667
