38 0.8515625 0.7625 0.08645833333333333 0.21333333333333335
78 0.45729166666666665 0.51375 0.06666666666666667 0.13083333333333333
77 0.30963541666666666 0.4058333333333333 0.04739583333333333 0.09166666666666666
76 0.20651041666666667 0.34708333333333335 0.0328125 0.0675
75 0.12317708333333334 0.32208333333333333 0.027604166666666666 0.05583333333333333
74 0.07369791666666667 0.305 0.021354166666666667 0.04666666666666667
73 0.10546875 0.28541666666666665 0.018229166666666668 0.04083333333333333
72 0.16901041666666666 0.27625 0.018229166666666668 0.0375
71 0.25364583333333335 0.2708333333333333 0.016666666666666666 0.03666666666666667
70 0.3515625 0.2725 0.013541666666666667 0.03
69 0.44947916666666665 0.27708333333333335 0.015625 0.035833333333333335
68 0.546875 0.28958333333333336 0.017708333333333333 0.0375
67 0.6328125 0.30333333333333334 0.017708333333333333 0.04
66 0.7080729166666667 0.3204166666666667 0.019270833333333334 0.04083333333333333
65 0.7403645833333333 0.335 0.0203125 0.045
64 0.9140625 0.4025 0.03229166666666667 0.06666666666666667
31 0.19244791666666666 0.25833333333333336 0.011979166666666667 0.028333333333333332
32 0.053125 0.26458333333333334 0.0125 0.034166666666666665
29 0.47161458333333334 0.27 0.0109375 0.03
28 0.621875 0.28708333333333336 0.010416666666666666 0.029166666666666667
27 0.7440104166666667 0.31 0.0140625 0.035
26 0.8799479166666667 0.34541666666666665 0.016145833333333335 0.0375
25 0.95234375 0.37333333333333335 0.0171875 0.041666666666666664
