64 0.59765625 0.5304166666666666 0.05572916666666667 0.13083333333333333
63 0.4044270833333333 0.36666666666666664 0.0265625 0.065
62 0.37447916666666664 0.31416666666666665 0.016666666666666666 0.043333333333333335
38 0.6791666666666667 0.3675 0.027083333333333334 0.056666666666666664
61 0.3489583333333333 0.28708333333333336 0.014583333333333334 0.030833333333333334
78 0.8447916666666667 0.4058333333333333 0.030208333333333334 0.065
39 0.5276041666666667 0.33 0.021875 0.051666666666666666
60 0.34348958333333335 0.2733333333333333 0.009895833333333333 0.025
40 0.42916666666666664 0.29083333333333333 0.014583333333333334 0.03666666666666667
41 0.4078125 0.27458333333333335 0.0125 0.035833333333333335
42 0.39166666666666666 0.2625 0.011458333333333333 0.03
0 0.7973958333333333 0.37 0.015625 0.041666666666666664
43 0.38255208333333335 0.25625 0.009895833333333333 0.0275
56 0.28489583333333335 0.25458333333333333 0.009375 0.025833333333333333
57 0.3223958333333333 0.25708333333333333 0.011458333333333333 0.025833333333333333
20 0.23307291666666666 0.26916666666666667 0.008854166666666666 0.02666666666666667
23 0.10234375 0.3645833333333333 0.028645833333333332 0.060833333333333336
21 0.20989583333333334 0.28375 0.011458333333333333 0.034166666666666665
22 0.18463541666666666 0.31166666666666665 0.019270833333333334 0.043333333333333335
1 0.6752604166666667 0.3333333333333333 0.016145833333333335 0.04
2 0.56484375 0.3016666666666667 0.013020833333333334 0.03166666666666667
3 0.5143229166666666 0.2808333333333333 0.0109375 0.028333333333333332
4 0.4817708333333333 0.26916666666666667 0.009375 0.025
5 0.45755208333333336 0.2629166666666667 0.008854166666666666 0.0225
44 0.3734375 0.25166666666666665 0.010416666666666666 0.023333333333333334
47 0.2989583333333333 0.24416666666666667 0.009375 0.023333333333333334
19 0.23984375 0.26 0.0078125 0.028333333333333332
7 0.43046875 0.25458333333333333 0.0067708333333333336 0.0175
