39 0.8669270833333333 0.71 0.0796875 0.19333333333333333
38 0.4161458333333333 0.46125 0.03958333333333333 0.10583333333333333
78 0.2484375 0.3879166666666667 0.03958333333333333 0.0825
77 0.16171875 0.3416666666666667 0.034895833333333334 0.06666666666666667
76 0.084375 0.31 0.026041666666666668 0.055
75 0.01484375 0.29875 0.022395833333333334 0.0475
72 0.04765625 0.26458333333333334 0.016145833333333335 0.034166666666666665
71 0.12317708333333334 0.25625 0.016145833333333335 0.030833333333333334
70 0.20989583333333334 0.25333333333333335 0.011458333333333333 0.02666666666666667
69 0.29791666666666666 0.25375 0.013541666666666667 0.0325
68 0.38515625 0.2604166666666667 0.013020833333333334 0.030833333333333334
67 0.4578125 0.2708333333333333 0.014583333333333334 0.028333333333333332
66 0.5182291666666666 0.28041666666666665 0.015625 0.0325
65 0.5380208333333333 0.28875 0.016666666666666666 0.04083333333333333
64 0.6455729166666667 0.32875 0.024479166666666666 0.05583333333333333
63 0.8645833333333334 0.43833333333333335 0.041666666666666664 0.085
31 0.06666666666666667 0.24541666666666667 0.011458333333333333 0.030833333333333334
29 0.321875 0.24708333333333332 0.010416666666666666 0.0275
28 0.45546875 0.255 0.011979166666666667 0.025
27 0.5609375 0.27125 0.011458333333333333 0.029166666666666667
26 0.6716145833333333 0.295 0.0140625 0.035
25 0.7208333333333333 0.3104166666666667 0.015625 0.04083333333333333
24 0.8466145833333333 0.36 0.019270833333333334 0.045
