5 0.22526041666666666 0.39375 0.034895833333333334 0.0825
4 0.3302083333333333 0.31583333333333335 0.021875 0.04666666666666667
19 0.8692708333333333 0.3595833333333333 0.016666666666666666 0.0425
18 0.97890625 0.395 0.016145833333333335 0.04666666666666667
21 0.6927083333333334 0.2925 0.013541666666666667 0.03
20 0.75390625 0.31583333333333335 0.011979166666666667 0.03166666666666667
22 0.64609375 0.2783333333333333 0.008854166666666666 0.023333333333333334
39 0.48203125 0.2654166666666667 0.0140625 0.0275
40 0.5135416666666667 0.27625 0.015625 0.0325
26 0.56796875 0.25166666666666665 0.009895833333333333 0.018333333333333333
23 0.6208333333333333 0.2658333333333333 0.011458333333333333 0.025
25 0.5778645833333333 0.2554166666666667 0.0078125 0.0225
67 0.47421875 0.24333333333333335 0.008854166666666666 0.018333333333333333
69 0.4044270833333333 0.23791666666666667 0.0109375 0.020833333333333332
29 0.41354166666666664 0.23416666666666666 0.008333333333333333 0.021666666666666667
64 0.5203125 0.2525 0.0125 0.023333333333333334
63 0.540625 0.26208333333333333 0.013541666666666667 0.024166666666666666
62 0.55234375 0.27 0.015104166666666667 0.03333333333333333
24 0.5916666666666667 0.2625 0.011458333333333333 0.018333333333333333
61 0.5796875 0.2816666666666667 0.015625 0.03333333333333333
60 0.61015625 0.2975 0.019270833333333334 0.043333333333333335
58 0.6669270833333333 0.33166666666666667 0.025520833333333333 0.05333333333333334
41 0.5247395833333334 0.2920833333333333 0.0203125 0.035833333333333335
42 0.5479166666666667 0.3233333333333333 0.026041666666666668 0.051666666666666666
57 0.75390625 0.36625 0.0296875 0.0575
43 0.5919270833333333 0.4066666666666667 0.03697916666666667 0.08333333333333333
56 0.9388020833333334 0.42083333333333334 0.0296875 0.06666666666666667
78 0.40859375 0.2554166666666667 0.011979166666666667 0.0225
77 0.38125 0.2529166666666667 0.011458333333333333 0.029166666666666667
2 0.39765625 0.2704166666666667 0.013020833333333334 0.030833333333333334
3 0.37161458333333336 0.285 0.015104166666666667 0.04
