66 0.8591145833333333 0.805 0.0953125 0.235
65 0.83203125 0.5304166666666666 0.05364583333333333 0.12083333333333333
64 0.7760416666666666 0.3675 0.026041666666666668 0.06
63 0.7692708333333333 0.32708333333333334 0.019791666666666666 0.04583333333333333
62 0.784375 0.31083333333333335 0.014583333333333334 0.035
38 0.9768229166666667 0.35375 0.021354166666666667 0.03916666666666667
39 0.8895833333333333 0.3283333333333333 0.019791666666666666 0.03666666666666667
40 0.8497395833333333 0.3025 0.016145833333333335 0.03
56 0.7606770833333333 0.27291666666666664 0.013020833333333334 0.024166666666666666
24 0.5096354166666667 0.34625 0.0265625 0.05416666666666667
25 0.26901041666666664 0.4295833333333333 0.0390625 0.08583333333333333
23 0.5895833333333333 0.3095833333333333 0.01875 0.04416666666666667
22 0.653125 0.2970833333333333 0.013541666666666667 0.029166666666666667
2 0.9598958333333333 0.32 0.010416666666666666 0.03
3 0.940625 0.30416666666666664 0.011458333333333333 0.02666666666666667
4 0.9252604166666667 0.29583333333333334 0.0109375 0.025
5 0.9138020833333333 0.28958333333333336 0.0109375 0.024166666666666666
21 0.6815104166666667 0.28541666666666665 0.013020833333333334 0.030833333333333334
