39 0.9578125 0.8366666666666667 0.08229166666666667 0.24833333333333332
31 0.10755208333333334 0.24708333333333332 0.0109375 0.025833333333333333
30 0.25546875 0.24541666666666667 0.008854166666666666 0.029166666666666667
28 0.5020833333333333 0.25958333333333333 0.010416666666666666 0.024166666666666666
29 0.36614583333333334 0.24583333333333332 0.011458333333333333 0.03
27 0.6111979166666667 0.27541666666666664 0.013020833333333334 0.035833333333333335
38 0.44114583333333335 0.4920833333333333 0.04479166666666667 0.11916666666666667
26 0.725 0.30083333333333334 0.015625 0.03666666666666667
25 0.7765625 0.32083333333333336 0.016666666666666666 0.041666666666666664
24 0.9104166666666667 0.3720833333333333 0.022916666666666665 0.050833333333333335
68 0.43020833333333336 0.26125 0.015625 0.0325
69 0.3421875 0.25416666666666665 0.017708333333333333 0.035
70 0.25078125 0.25166666666666665 0.0140625 0.03333333333333333
71 0.16380208333333332 0.25416666666666665 0.018229166666666668 0.035
72 0.08619791666666667 0.26208333333333333 0.0171875 0.034166666666666665
73 0.027604166666666666 0.26875 0.017708333333333333 0.0375
75 0.04453125 0.2991666666666667 0.024479166666666666 0.04666666666666667
76 0.11223958333333334 0.3129166666666667 0.028645833333333332 0.05583333333333333
77 0.18619791666666666 0.34833333333333333 0.034895833333333334 0.07166666666666667
78 0.26875 0.4008333333333333 0.042708333333333334 0.09
67 0.5057291666666667 0.27291666666666664 0.017708333333333333 0.034166666666666665
66 0.5661458333333333 0.28458333333333335 0.01875 0.035833333333333335
65 0.5861979166666667 0.29375 0.0203125 0.03916666666666667
64 0.6973958333333333 0.33708333333333335 0.029166666666666667 0.05416666666666667
63 0.940625 0.4633333333333333 0.041666666666666664 0.09
