7 0.07291666666666667 0.5070833333333333 0.051041666666666666 0.10583333333333333
6 0.41484375 0.37958333333333333 0.028645833333333332 0.07583333333333334
5 0.7341145833333333 0.35625 0.019270833333333334 0.049166666666666664
4 0.8497395833333333 0.3275 0.015104166666666667 0.03666666666666667
45 0.7723958333333333 0.6145833333333334 0.0625 0.15416666666666667
44 0.8354166666666667 0.48083333333333333 0.04375 0.09833333333333333
43 0.96484375 0.38666666666666666 0.025520833333333333 0.06166666666666667
78 0.984375 0.3 0.0125 0.02666666666666667
77 0.9627604166666667 0.29625 0.0109375 0.025833333333333333
2 0.9518229166666666 0.30875 0.011979166666666667 0.030833333333333334
3 0.9109375 0.3154166666666667 0.0125 0.030833333333333334
