75 0.5955729166666667 0.53125 0.059895833333333336 0.1375
74 0.43046875 0.42 0.0421875 0.09333333333333334
73 0.46197916666666666 0.35375 0.03333333333333333 0.0675
72 0.5502604166666667 0.33708333333333335 0.0265625 0.05416666666666667
71 0.66796875 0.33375 0.0265625 0.0525
70 0.80390625 0.3441666666666667 0.021354166666666667 0.04833333333333333
69 0.9479166666666666 0.3670833333333333 0.020833333333333332 0.049166666666666664
31 0.55390625 0.2975 0.016145833333333335 0.03666666666666667
32 0.36302083333333335 0.29541666666666666 0.017708333333333333 0.0425
33 0.19088541666666667 0.3120833333333333 0.022395833333333334 0.05416666666666667
30 0.7682291666666666 0.31875 0.014583333333333334 0.0375
29 0.93359375 0.34541666666666665 0.015104166666666667 0.0375
