4 0.09140625 0.3670833333333333 0.028645833333333332 0.07083333333333333
19 0.828125 0.3908333333333333 0.025 0.051666666666666666
18 0.9890625 0.4375 0.019791666666666666 0.058333333333333334
21 0.5393229166666667 0.2945833333333333 0.011979166666666667 0.034166666666666665
20 0.63671875 0.32458333333333333 0.0171875 0.04416666666666667
22 0.47265625 0.27708333333333335 0.009895833333333333 0.0275
39 0.28020833333333334 0.26625 0.0125 0.0325
40 0.32421875 0.28041666666666665 0.015104166666666667 0.035833333333333335
26 0.3658854166666667 0.24625 0.0078125 0.0225
23 0.4348958333333333 0.26375 0.009375 0.0275
25 0.3763020833333333 0.24916666666666668 0.0078125 0.021666666666666667
24 0.39791666666666664 0.255 0.009375 0.02
69 0.18411458333333333 0.23916666666666667 0.0078125 0.02
70 0.13958333333333334 0.24041666666666667 0.009375 0.0225
67 0.2640625 0.24208333333333334 0.008333333333333333 0.019166666666666665
68 0.22916666666666666 0.24041666666666667 0.008333333333333333 0.019166666666666665
29 0.19505208333333332 0.23708333333333334 0.0067708333333333336 0.020833333333333332
64 0.3182291666666667 0.2504166666666667 0.010416666666666666 0.024166666666666666
63 0.34453125 0.26125 0.009895833333333333 0.025833333333333333
62 0.36328125 0.2683333333333333 0.0140625 0.03666666666666667
61 0.40520833333333334 0.28583333333333333 0.017708333333333333 0.03666666666666667
60 0.46145833333333336 0.3095833333333333 0.01875 0.0475
58 0.5796875 0.365 0.029166666666666667 0.06833333333333333
41 0.35 0.305 0.019791666666666666 0.05
42 0.41692708333333334 0.3645833333333333 0.033854166666666664 0.0725
38 0.23125 0.2579166666666667 0.009375 0.025833333333333333
30 0.13411458333333334 0.23833333333333334 0.005729166666666666 0.015
57 0.7515625 0.4266666666666667 0.041666666666666664 0.07833333333333334
43 0.6536458333333334 0.6120833333333333 0.07291666666666667 0.15916666666666668
78 0.19270833333333334 0.25833333333333336 0.013541666666666667 0.02666666666666667
77 0.16067708333333333 0.2554166666666667 0.0109375 0.029166666666666667
2 0.1828125 0.2808333333333333 0.015625 0.035
3 0.15182291666666667 0.30625 0.0171875 0.0475
