42 0.6708333333333333 0.47791666666666666 0.05416666666666667 0.10583333333333333
43 0.44166666666666665 0.35208333333333336 0.026041666666666668 0.05583333333333333
58 0.41484375 0.49 0.050520833333333334 0.11833333333333333
44 0.35520833333333335 0.30916666666666665 0.019791666666666666 0.045
57 0.2713541666666667 0.40041666666666664 0.042708333333333334 0.08416666666666667
45 0.31302083333333336 0.295 0.017708333333333333 0.041666666666666664
46 0.24427083333333333 0.28541666666666665 0.01875 0.04083333333333333
47 0.16067708333333333 0.28208333333333335 0.0171875 0.0375
56 0.11119791666666666 0.36375 0.0328125 0.07083333333333333
4 0.9848958333333333 0.48583333333333334 0.028125 0.075
5 0.659375 0.3675 0.020833333333333332 0.051666666666666666
6 0.5401041666666667 0.30875 0.0125 0.0375
7 0.4583333333333333 0.30083333333333334 0.0125 0.03166666666666667
8 0.3450520833333333 0.27958333333333335 0.011979166666666667 0.030833333333333334
9 0.21692708333333333 0.26958333333333334 0.0109375 0.0275
10 0.07890625 0.2733333333333333 0.009895833333333333 0.028333333333333332
48 0.06692708333333333 0.2825 0.016145833333333335 0.04
