41 0.6067708333333334 0.4275 0.046875 0.09333333333333334
42 0.42213541666666665 0.33208333333333334 0.024479166666666666 0.05583333333333333
43 0.35104166666666664 0.29541666666666666 0.017708333333333333 0.03916666666666667
60 0.37864583333333335 0.43083333333333335 0.04479166666666667 0.1
58 0.28802083333333334 0.33166666666666667 0.026041666666666668 0.058333333333333334
44 0.309375 0.2775 0.015625 0.03333333333333333
57 0.23307291666666666 0.30833333333333335 0.0234375 0.051666666666666666
45 0.2828125 0.26875 0.014583333333333334 0.034166666666666665
46 0.23385416666666667 0.26416666666666666 0.014583333333333334 0.03166666666666667
47 0.16927083333333334 0.26125 0.013541666666666667 0.034166666666666665
56 0.14479166666666668 0.2975 0.020833333333333332 0.043333333333333335
19 0.019010416666666665 0.34291666666666665 0.0234375 0.050833333333333335
3 0.8963541666666667 0.4395833333333333 0.030208333333333334 0.06916666666666667
4 0.6307291666666667 0.3475 0.01875 0.04833333333333333
5 0.50078125 0.30666666666666664 0.013020833333333334 0.035
6 0.4484375 0.27625 0.009375 0.0325
7 0.3971354166666667 0.27291666666666664 0.009895833333333333 0.0275
8 0.31354166666666666 0.26166666666666666 0.009375 0.02666666666666667
9 0.21328125 0.25375 0.008854166666666666 0.025833333333333333
10 0.10416666666666667 0.255 0.009375 0.02666666666666667
49 0.02265625 0.2654166666666667 0.0109375 0.0325
48 0.096875 0.2633333333333333 0.0125 0.03166666666666667
