39 0.3489583333333333 0.4395833333333333 0.04583333333333333 0.0975
30 0.03984375 0.25 0.0109375 0.02666666666666667
29 0.14010416666666667 0.24625 0.009375 0.0275
27 0.353125 0.25958333333333333 0.010416666666666666 0.029166666666666667
38 0.15885416666666666 0.37 0.030208333333333334 0.07833333333333334
26 0.4434895833333333 0.27208333333333334 0.0109375 0.030833333333333334
25 0.47734375 0.2825 0.0140625 0.03166666666666667
24 0.5575520833333333 0.3095833333333333 0.015104166666666667 0.04083333333333333
23 0.7276041666666667 0.36125 0.025 0.050833333333333335
68 0.19348958333333333 0.25416666666666665 0.015104166666666667 0.03166666666666667
69 0.11692708333333333 0.25416666666666665 0.013020833333333334 0.03166666666666667
70 0.03671875 0.2579166666666667 0.013020833333333334 0.0275
78 0.05911458333333333 0.34291666666666665 0.028645833333333332 0.06583333333333333
67 0.25729166666666664 0.26 0.013541666666666667 0.03166666666666667
66 0.30572916666666666 0.2654166666666667 0.011458333333333333 0.034166666666666665
65 0.3182291666666667 0.27125 0.014583333333333334 0.0325
64 0.3859375 0.295 0.020833333333333332 0.041666666666666664
63 0.5 0.34708333333333335 0.027083333333333334 0.059166666666666666
62 0.7315104166666667 0.47875 0.04739583333333333 0.09916666666666667
28 0.26119791666666664 0.25083333333333335 0.009895833333333333 0.025
