66 0.7963541666666667 0.5925 0.06354166666666666 0.15
65 0.8841145833333334 0.47208333333333335 0.0421875 0.10083333333333333
64 0.9223958333333333 0.365 0.025 0.058333333333333334
63 0.9442708333333333 0.33875 0.017708333333333333 0.04416666666666667
62 0.975 0.325 0.016666666666666666 0.035
24 0.6903645833333333 0.3383333333333333 0.019270833333333334 0.04666666666666667
26 0.18932291666666667 0.44666666666666666 0.043229166666666666 0.09833333333333333
25 0.47265625 0.38166666666666665 0.0328125 0.07
23 0.7770833333333333 0.3145833333333333 0.015625 0.03916666666666667
22 0.8479166666666667 0.30583333333333335 0.0125 0.03333333333333333
61 0.9872395833333333 0.3120833333333333 0.013020833333333334 0.030833333333333334
21 0.8833333333333333 0.2966666666666667 0.010416666666666666 0.03
