4 0.05625 0.3908333333333333 0.03333333333333333 0.08
19 0.85390625 0.40375 0.024479166666666666 0.05583333333333333
21 0.53125 0.2970833333333333 0.0125 0.035833333333333335
20 0.6395833333333333 0.33166666666666667 0.01875 0.045
22 0.459375 0.2791666666666667 0.010416666666666666 0.03
39 0.2596354166666667 0.26916666666666667 0.013020833333333334 0.03166666666666667
40 0.30807291666666664 0.28458333333333335 0.015104166666666667 0.03916666666666667
26 0.34765625 0.24708333333333332 0.0078125 0.024166666666666666
23 0.42083333333333334 0.2679166666666667 0.010416666666666666 0.024166666666666666
25 0.35911458333333335 0.2520833333333333 0.008854166666666666 0.020833333333333332
24 0.37994791666666666 0.2579166666666667 0.008854166666666666 0.020833333333333332
41 0.33958333333333335 0.3120833333333333 0.021875 0.05416666666666667
69 0.16171875 0.24208333333333334 0.0078125 0.0225
70 0.11614583333333334 0.24208333333333334 0.008333333333333333 0.019166666666666665
67 0.24401041666666667 0.24458333333333335 0.009895833333333333 0.024166666666666666
68 0.20729166666666668 0.2425 0.009375 0.02
29 0.17239583333333333 0.24 0.00625 0.02
64 0.29921875 0.2520833333333333 0.009895833333333333 0.024166666666666666
63 0.3260416666666667 0.26208333333333333 0.0125 0.0275
62 0.34765625 0.2725 0.013020833333333334 0.03
61 0.39296875 0.29041666666666666 0.016145833333333335 0.0375
60 0.4552083333333333 0.31916666666666665 0.021875 0.045
58 0.59453125 0.38 0.0328125 0.07333333333333333
42 0.41744791666666664 0.37958333333333333 0.033854166666666664 0.0775
38 0.20963541666666666 0.26375 0.009895833333333333 0.0275
30 0.10989583333333333 0.2425 0.00625 0.018333333333333333
57 0.7934895833333333 0.4525 0.0390625 0.08833333333333333
43 0.7630208333333334 0.7333333333333333 0.08958333333333333 0.20666666666666667
78 0.1703125 0.26208333333333333 0.0125 0.0275
77 0.1375 0.25916666666666666 0.0125 0.02666666666666667
2 0.15885416666666666 0.2875 0.0125 0.035
3 0.1265625 0.3154166666666667 0.01875 0.04583333333333333
