62 0.48463541666666665 0.45916666666666667 0.044270833333333336 0.10166666666666667
39 0.8841145833333334 0.5108333333333334 0.05260416666666667 0.10666666666666667
40 0.4825520833333333 0.34041666666666665 0.0265625 0.060833333333333336
61 0.3385416666666667 0.335 0.026041666666666668 0.06
60 0.30130208333333336 0.2925 0.018229166666666668 0.045
41 0.4015625 0.29291666666666666 0.019791666666666666 0.049166666666666664
42 0.3580729166666667 0.27375 0.0140625 0.0375
43 0.33567708333333335 0.26125 0.013020833333333334 0.0325
58 0.2830729166666667 0.2725 0.016145833333333335 0.041666666666666664
44 0.31692708333333336 0.2529166666666667 0.011979166666666667 0.029166666666666667
57 0.25677083333333334 0.2654166666666667 0.014583333333333334 0.0325
45 0.2989583333333333 0.24958333333333332 0.011458333333333333 0.025833333333333333
56 0.20442708333333334 0.26208333333333333 0.011979166666666667 0.0275
20 0.12838541666666667 0.2945833333333333 0.0140625 0.04083333333333333
21 0.07786458333333333 0.33875 0.0203125 0.05416666666666667
2 0.7049479166666667 0.35541666666666666 0.021354166666666667 0.049166666666666664
3 0.5604166666666667 0.30333333333333334 0.014583333333333334 0.035
4 0.48333333333333334 0.28125 0.013541666666666667 0.0275
5 0.43411458333333336 0.265 0.009895833333333333 0.02666666666666667
6 0.41458333333333336 0.25083333333333335 0.009375 0.025
8 0.3263020833333333 0.24291666666666667 0.0078125 0.025833333333333333
7 0.384375 0.25083333333333335 0.008333333333333333 0.025
47 0.21848958333333332 0.24416666666666667 0.009895833333333333 0.02666666666666667
46 0.26536458333333335 0.24541666666666667 0.008854166666666666 0.020833333333333332
19 0.14114583333333333 0.2758333333333333 0.011458333333333333 0.03
18 0.11015625 0.27458333333333335 0.008854166666666666 0.029166666666666667
17 0.0140625 0.2725 0.009375 0.03
48 0.16510416666666666 0.24625 0.009375 0.0225
