44 0.8986979166666667 0.39375 0.0328125 0.060833333333333336
45 0.8140625 0.35791666666666666 0.026041666666666668 0.05583333333333333
46 0.7080729166666667 0.3283333333333333 0.027604166666666666 0.04833333333333333
47 0.5888020833333333 0.3095833333333333 0.024479166666666666 0.0475
56 0.5994791666666667 0.5891666666666666 0.07291666666666667 0.15166666666666667
8 0.82734375 0.33 0.016145833333333335 0.04
9 0.65390625 0.2970833333333333 0.016145833333333335 0.0375
10 0.48020833333333335 0.2833333333333333 0.014583333333333334 0.03833333333333333
11 0.3111979166666667 0.27625 0.0109375 0.0375
12 0.14921875 0.27666666666666667 0.0109375 0.03333333333333333
49 0.33932291666666664 0.29375 0.011979166666666667 0.035833333333333335
48 0.465625 0.30333333333333334 0.016666666666666666 0.043333333333333335
50 0.21510416666666668 0.2995833333333333 0.011458333333333333 0.03916666666666667
51 0.09739583333333333 0.3095833333333333 0.016666666666666666 0.049166666666666664
55 0.06979166666666667 0.4475 0.046875 0.09833333333333333
