41 0.7010416666666667 0.47833333333333333 0.057291666666666664 0.10833333333333334
42 0.453125 0.3475 0.028125 0.065
43 0.36770833333333336 0.30125 0.019791666666666666 0.04416666666666667
60 0.4309895833333333 0.48875 0.0578125 0.12583333333333332
58 0.30416666666666664 0.34625 0.027083333333333334 0.06583333333333333
44 0.32135416666666666 0.28125 0.014583333333333334 0.0325
57 0.24192708333333332 0.31875 0.0265625 0.059166666666666666
45 0.2916666666666667 0.2725 0.015625 0.035
46 0.24036458333333333 0.2675 0.0171875 0.035
47 0.17291666666666666 0.26375 0.013541666666666667 0.0325
56 0.14401041666666667 0.305 0.019270833333333334 0.045
4 0.6807291666666667 0.3641666666666667 0.020833333333333332 0.051666666666666666
5 0.528125 0.315 0.014583333333333334 0.03666666666666667
6 0.46640625 0.28041666666666665 0.0109375 0.034166666666666665
7 0.4109375 0.2758333333333333 0.010416666666666666 0.03
8 0.32317708333333334 0.26375 0.0109375 0.0275
9 0.21848958333333332 0.25458333333333333 0.008854166666666666 0.025833333333333333
10 0.10442708333333334 0.2579166666666667 0.009895833333333333 0.025833333333333333
48 0.09609375 0.26416666666666666 0.0109375 0.03
49 0.01796875 0.265 0.008854166666666666 0.02666666666666667
