19 0.9127604166666666 0.4320833333333333 0.025520833333333333 0.0625
21 0.5296875 0.30791666666666667 0.013541666666666667 0.0375
20 0.6549479166666666 0.34791666666666665 0.019270833333333334 0.04583333333333333
22 0.44817708333333334 0.28833333333333333 0.0109375 0.028333333333333332
39 0.23828125 0.2783333333333333 0.011979166666666667 0.03166666666666667
40 0.290625 0.2970833333333333 0.017708333333333333 0.04416666666666667
26 0.32734375 0.25458333333333333 0.0078125 0.020833333333333332
23 0.4046875 0.27291666666666664 0.008333333333333333 0.024166666666666666
25 0.33932291666666664 0.25833333333333336 0.0067708333333333336 0.02
24 0.36276041666666664 0.26625 0.009895833333333333 0.0225
3 0.09088541666666666 0.33416666666666667 0.021354166666666667 0.05333333333333334
41 0.3268229166666667 0.32916666666666666 0.022395833333333334 0.056666666666666664
69 0.13515625 0.24916666666666668 0.0078125 0.023333333333333334
78 0.14270833333333333 0.27125 0.014583333333333334 0.029166666666666667
70 0.08723958333333333 0.2504166666666667 0.008854166666666666 0.020833333333333332
67 0.22005208333333334 0.25083333333333335 0.008854166666666666 0.02
66 0.24635416666666668 0.25125 0.007291666666666667 0.0225
65 0.2515625 0.25416666666666665 0.007291666666666667 0.018333333333333333
68 0.18203125 0.2504166666666667 0.0078125 0.019166666666666665
29 0.14583333333333334 0.2475 0.007291666666666667 0.018333333333333333
64 0.27760416666666665 0.2579166666666667 0.011458333333333333 0.025833333333333333
63 0.30703125 0.2725 0.011979166666666667 0.025
62 0.3302083333333333 0.2808333333333333 0.014583333333333334 0.035
61 0.38125 0.3 0.016666666666666666 0.041666666666666664
60 0.45598958333333334 0.3329166666666667 0.022395833333333334 0.0475
58 0.6330729166666667 0.41375 0.033854166666666664 0.0825
42 0.4317708333333333 0.41833333333333333 0.042708333333333334 0.09333333333333334
38 0.18463541666666666 0.2725 0.009895833333333333 0.02666666666666667
30 0.08177083333333333 0.24958333333333332 0.005208333333333333 0.015833333333333335
57 0.89609375 0.5125 0.04635416666666667 0.10833333333333334
77 0.10859375 0.26708333333333334 0.011979166666666667 0.029166666666666667
1 0.11041666666666666 0.28583333333333333 0.009375 0.023333333333333334
2 0.1296875 0.29875 0.015625 0.034166666666666665
