41 0.6424479166666667 0.4479166666666667 0.0515625 0.10083333333333333
42 0.43385416666666665 0.3383333333333333 0.026041666666666668 0.06
43 0.3580729166666667 0.29875 0.018229166666666668 0.0425
60 0.39739583333333334 0.4525 0.051041666666666666 0.10833333333333334
58 0.2950520833333333 0.33916666666666667 0.028645833333333332 0.06333333333333334
44 0.31484375 0.2775 0.0140625 0.035
57 0.2375 0.31625 0.027083333333333334 0.050833333333333335
45 0.28671875 0.2704166666666667 0.0140625 0.034166666666666665
46 0.23723958333333334 0.265 0.016145833333333335 0.035
47 0.17057291666666666 0.26166666666666666 0.015104166666666667 0.03333333333333333
56 0.14375 0.30125 0.019791666666666666 0.04416666666666667
19 0.012760416666666666 0.34875 0.022395833333333334 0.0525
3 0.9411458333333333 0.45708333333333334 0.030208333333333334 0.07083333333333333
4 0.65 0.35541666666666666 0.019791666666666666 0.0475
5 0.51171875 0.3120833333333333 0.015104166666666667 0.035833333333333335
6 0.4552083333333333 0.28 0.010416666666666666 0.03333333333333333
7 0.40234375 0.27708333333333335 0.0109375 0.0275
8 0.3171875 0.2625 0.010416666666666666 0.03
9 0.215625 0.25583333333333336 0.008333333333333333 0.023333333333333334
10 0.10442708333333334 0.25708333333333333 0.008854166666666666 0.025833333333333333
49 0.0203125 0.26416666666666666 0.008333333333333333 0.023333333333333334
48 0.09635416666666667 0.26416666666666666 0.013541666666666667 0.03166666666666667
