44 0.94765625 0.4 0.033854166666666664 0.058333333333333334
45 0.85859375 0.36083333333333334 0.03177083333333333 0.055
46 0.7497395833333333 0.3275 0.028645833333333332 0.05
47 0.6294270833333333 0.3070833333333333 0.027604166666666666 0.049166666666666664
56 0.6580729166666667 0.60375 0.07760416666666667 0.16083333333333333
8 0.8697916666666666 0.3333333333333333 0.019791666666666666 0.04
9 0.69453125 0.29541666666666666 0.019270833333333334 0.03916666666666667
10 0.5184895833333333 0.2791666666666667 0.015104166666666667 0.03833333333333333
11 0.34869791666666666 0.2683333333333333 0.009895833333333333 0.03833333333333333
12 0.18567708333333333 0.26375 0.009895833333333333 0.03916666666666667
49 0.3776041666666667 0.2866666666666667 0.0125 0.03833333333333333
48 0.5052083333333334 0.29541666666666666 0.01875 0.04083333333333333
50 0.25234375 0.28791666666666665 0.0140625 0.0425
51 0.13385416666666666 0.29375 0.017708333333333333 0.0525
52 0.02890625 0.31666666666666665 0.016145833333333335 0.04833333333333333
55 0.10677083333333333 0.44166666666666665 0.04375 0.09333333333333334
