32 0.2109375 0.2604166666666667 0.013541666666666667 0.0375
33 0.08333333333333333 0.27375 0.015625 0.04083333333333333
31 0.36223958333333334 0.25708333333333333 0.013020833333333334 0.030833333333333334
29 0.6716145833333333 0.2775 0.011979166666666667 0.035
30 0.5377604166666666 0.26375 0.011979166666666667 0.0325
28 0.84140625 0.3045833333333333 0.013020833333333334 0.0375
27 0.9869791666666666 0.34 0.014583333333333334 0.035
68 0.7671875 0.30541666666666667 0.01875 0.03916666666666667
69 0.6552083333333333 0.28875 0.016666666666666666 0.04083333333333333
70 0.5440104166666667 0.2775 0.0171875 0.04
71 0.4348958333333333 0.2733333333333333 0.019791666666666666 0.041666666666666664
72 0.340625 0.2791666666666667 0.021875 0.045
73 0.26875 0.28625 0.021875 0.0475
74 0.23229166666666667 0.31416666666666665 0.025 0.058333333333333334
75 0.29322916666666665 0.3408333333333333 0.034375 0.07
76 0.40963541666666664 0.38875 0.0453125 0.09583333333333334
77 0.6013020833333333 0.5254166666666666 0.07239583333333334 0.1425
67 0.87109375 0.3304166666666667 0.019270833333333334 0.04416666666666667
66 0.9661458333333334 0.3541666666666667 0.021875 0.051666666666666666
