63 0.4171875 0.4320833333333333 0.03854166666666667 0.08916666666666667
62 0.34921875 0.34 0.024479166666666666 0.056666666666666664
38 0.7494791666666667 0.4141666666666667 0.03125 0.07166666666666667
61 0.30807291666666664 0.2995833333333333 0.0171875 0.0425
78 0.978125 0.475 0.03229166666666667 0.07833333333333334
39 0.5416666666666666 0.36083333333333334 0.029166666666666667 0.058333333333333334
40 0.40208333333333335 0.305 0.016666666666666666 0.04
60 0.29713541666666665 0.2791666666666667 0.013020833333333334 0.03166666666666667
41 0.3703125 0.2825 0.014583333333333334 0.03666666666666667
42 0.34817708333333336 0.26916666666666667 0.011979166666666667 0.028333333333333332
43 0.33671875 0.26166666666666666 0.0109375 0.025
58 0.28932291666666665 0.265 0.0109375 0.02666666666666667
0 0.8598958333333333 0.4066666666666667 0.01875 0.051666666666666666
44 0.32421875 0.25666666666666665 0.011979166666666667 0.028333333333333332
57 0.2713541666666667 0.26166666666666666 0.011458333333333333 0.02666666666666667
56 0.23020833333333332 0.25875 0.011458333333333333 0.0275
20 0.17291666666666666 0.27791666666666665 0.010416666666666666 0.030833333333333334
21 0.14505208333333333 0.2970833333333333 0.0140625 0.0375
22 0.11223958333333334 0.33666666666666667 0.0203125 0.05333333333333334
1 0.7033854166666667 0.36 0.0203125 0.04833333333333333
2 0.5580729166666667 0.31625 0.0140625 0.035833333333333335
3 0.4895833333333333 0.29 0.0125 0.03
4 0.44765625 0.27458333333333335 0.008854166666666666 0.024166666666666666
5 0.41770833333333335 0.2658333333333333 0.009375 0.025
6 0.409375 0.2554166666666667 0.007291666666666667 0.019166666666666665
7 0.38515625 0.25333333333333335 0.0078125 0.021666666666666667
47 0.24348958333333334 0.24833333333333332 0.0109375 0.021666666666666667
45 0.31171875 0.25083333333333335 0.009895833333333333 0.025
19 0.18098958333333334 0.2658333333333333 0.008854166666666666 0.028333333333333332
