64 0.6388020833333333 0.58375 0.05677083333333333 0.14416666666666667
63 0.39453125 0.3770833333333333 0.0296875 0.0725
62 0.35859375 0.3179166666666667 0.0203125 0.049166666666666664
38 0.68125 0.37416666666666665 0.028125 0.058333333333333334
61 0.32916666666666666 0.28791666666666665 0.015625 0.035833333333333335
78 0.8596354166666667 0.4175 0.030729166666666665 0.06833333333333333
39 0.51875 0.335 0.023958333333333335 0.051666666666666666
40 0.4127604166666667 0.29125 0.016145833333333335 0.0375
60 0.3223958333333333 0.26916666666666667 0.0125 0.028333333333333332
41 0.38776041666666666 0.275 0.011979166666666667 0.03
42 0.37161458333333336 0.26375 0.011979166666666667 0.030833333333333334
0 0.7989583333333333 0.37583333333333335 0.017708333333333333 0.043333333333333335
43 0.36171875 0.2575 0.0109375 0.02666666666666667
56 0.26197916666666665 0.255 0.010416666666666666 0.02666666666666667
57 0.29973958333333334 0.2575 0.009895833333333333 0.025
20 0.20911458333333333 0.27 0.008854166666666666 0.03
23 0.06822916666666666 0.37583333333333335 0.03125 0.06666666666666667
21 0.18463541666666666 0.28458333333333335 0.011979166666666667 0.035833333333333335
22 0.15807291666666667 0.31416666666666665 0.016145833333333335 0.041666666666666664
1 0.66953125 0.34 0.015104166666666667 0.041666666666666664
2 0.5510416666666667 0.30416666666666664 0.011458333333333333 0.03333333333333333
3 0.4973958333333333 0.2816666666666667 0.011458333333333333 0.02666666666666667
4 0.46328125 0.26916666666666667 0.008854166666666666 0.025
5 0.43802083333333336 0.26166666666666666 0.008333333333333333 0.02
7 0.41015625 0.25166666666666665 0.0078125 0.021666666666666667
44 0.35260416666666666 0.2520833333333333 0.008333333333333333 0.024166666666666666
6 0.43125 0.2525 0.00625 0.016666666666666666
47 0.2747395833333333 0.24458333333333335 0.009895833333333333 0.0225
45 0.34036458333333336 0.24583333333333332 0.009895833333333333 0.023333333333333334
19 0.21640625 0.25958333333333333 0.008854166666666666 0.029166666666666667
58 0.31640625 0.26125 0.0109375 0.025833333333333333
