63 0.83203125 0.84875 0.0953125 0.22916666666666666
62 0.43385416666666665 0.4170833333333333 0.0375 0.08916666666666667
39 0.74921875 0.45916666666666667 0.04635416666666667 0.09333333333333334
40 0.4591145833333333 0.3329166666666667 0.0234375 0.05583333333333333
61 0.33307291666666666 0.32625 0.021354166666666667 0.0525
60 0.30572916666666666 0.29125 0.015625 0.0425
41 0.39739583333333334 0.29583333333333334 0.020833333333333332 0.043333333333333335
42 0.35989583333333336 0.27625 0.014583333333333334 0.034166666666666665
43 0.340625 0.265 0.011458333333333333 0.03
58 0.2911458333333333 0.275 0.013541666666666667 0.035
44 0.32447916666666665 0.25916666666666666 0.010416666666666666 0.023333333333333334
57 0.26666666666666666 0.26875 0.014583333333333334 0.034166666666666665
45 0.30911458333333336 0.255 0.009895833333333333 0.025
56 0.21796875 0.26416666666666666 0.0140625 0.028333333333333332
20 0.14895833333333333 0.29083333333333333 0.013541666666666667 0.03833333333333333
21 0.10755208333333334 0.32666666666666666 0.018229166666666668 0.04833333333333333
22 0.03828125 0.4116666666666667 0.033854166666666664 0.08
1 0.9106770833333333 0.4345833333333333 0.030729166666666665 0.0625
2 0.6606770833333333 0.3525 0.018229166666666668 0.045
3 0.54296875 0.30666666666666664 0.0140625 0.03333333333333333
4 0.47760416666666666 0.2866666666666667 0.011458333333333333 0.028333333333333332
5 0.4354166666666667 0.2704166666666667 0.009375 0.030833333333333334
6 0.4192708333333333 0.25916666666666666 0.007291666666666667 0.023333333333333334
8 0.334375 0.25 0.007291666666666667 0.02
7 0.38984375 0.2608333333333333 0.008854166666666666 0.023333333333333334
47 0.23177083333333334 0.24708333333333332 0.009375 0.024166666666666666
46 0.27708333333333335 0.25 0.010416666666666666 0.02666666666666667
19 0.15911458333333334 0.27458333333333335 0.009895833333333333 0.035833333333333335
18 0.1296875 0.2725 0.010416666666666666 0.03
17 0.03958333333333333 0.27 0.008333333333333333 0.03
