21 0.7447916666666666 0.39208333333333334 0.027083333333333334 0.0575
22 0.5427083333333333 0.33 0.016666666666666666 0.04
39 0.21354166666666666 0.3129166666666667 0.021875 0.04583333333333333
29 0.09348958333333333 0.2520833333333333 0.009895833333333333 0.020833333333333332
27 0.2565104166666667 0.2554166666666667 0.008854166666666666 0.0225
40 0.32526041666666666 0.37875 0.030729166666666665 0.07416666666666667
38 0.13072916666666667 0.2995833333333333 0.015625 0.04083333333333333
26 0.31979166666666664 0.2608333333333333 0.009375 0.02666666666666667
25 0.3380208333333333 0.2658333333333333 0.010416666666666666 0.028333333333333332
24 0.3763020833333333 0.27958333333333335 0.0109375 0.029166666666666667
23 0.45 0.29875 0.011458333333333333 0.0275
41 0.5559895833333334 0.6058333333333333 0.06510416666666667 0.16
68 0.1359375 0.2554166666666667 0.011458333333333333 0.025833333333333333
69 0.07786458333333333 0.2554166666666667 0.0109375 0.025833333333333333
78 0.07265625 0.29375 0.016145833333333335 0.03916666666666667
70 0.01796875 0.25875 0.008854166666666666 0.025833333333333333
77 0.026822916666666665 0.28958333333333336 0.016145833333333335 0.0375
67 0.18385416666666668 0.2579166666666667 0.011458333333333333 0.0275
66 0.21875 0.2608333333333333 0.010416666666666666 0.02666666666666667
65 0.22682291666666668 0.2625 0.0109375 0.025
64 0.2630208333333333 0.27166666666666667 0.0125 0.03
63 0.3111979166666667 0.29375 0.016145833333333335 0.0375
62 0.3606770833333333 0.3204166666666667 0.0203125 0.04416666666666667
61 0.49635416666666665 0.37958333333333333 0.030208333333333334 0.060833333333333336
60 0.8677083333333333 0.5654166666666667 0.06041666666666667 0.1225
28 0.18697916666666667 0.25166666666666665 0.00625 0.018333333333333333
30 0.014583333333333334 0.255 0.00625 0.018333333333333333
