58 0.7971354166666667 0.8233333333333334 0.10052083333333334 0.23
43 0.6184895833333334 0.3983333333333333 0.0390625 0.07333333333333333
44 0.478125 0.325 0.023958333333333335 0.04833333333333333
57 0.4239583333333333 0.5075 0.058333333333333334 0.12666666666666668
45 0.42291666666666666 0.30333333333333334 0.021875 0.04833333333333333
46 0.3419270833333333 0.28958333333333336 0.022395833333333334 0.04416666666666667
47 0.24296875 0.2841666666666667 0.018229166666666668 0.043333333333333335
56 0.17604166666666668 0.42041666666666666 0.041666666666666664 0.09083333333333334
5 0.884375 0.42083333333333334 0.025 0.06166666666666667
6 0.69375 0.32708333333333334 0.016666666666666666 0.0425
7 0.5869791666666667 0.31166666666666665 0.015625 0.03666666666666667
8 0.45286458333333335 0.28541666666666665 0.013020833333333334 0.034166666666666665
9 0.3072916666666667 0.26958333333333334 0.0125 0.0325
10 0.15260416666666668 0.27291666666666664 0.0125 0.034166666666666665
48 0.13671875 0.285 0.018229166666666668 0.04
49 0.0265625 0.2875 0.010416666666666666 0.03333333333333333
