61 0.5528645833333333 0.6270833333333333 0.0765625 0.1725
60 0.3234375 0.37083333333333335 0.03333333333333333 0.07166666666666667
40 0.9013020833333333 0.5975 0.0671875 0.14166666666666666
41 0.50078125 0.3729166666666667 0.034895833333333334 0.07083333333333333
42 0.37994791666666666 0.3129166666666667 0.021354166666666667 0.050833333333333335
43 0.32734375 0.28583333333333333 0.016145833333333335 0.03833333333333333
58 0.26640625 0.31166666666666665 0.022395833333333334 0.051666666666666666
44 0.29322916666666665 0.2708333333333333 0.013541666666666667 0.03166666666666667
57 0.22239583333333332 0.2975 0.022916666666666665 0.045
45 0.26953125 0.26375 0.0140625 0.030833333333333334
46 0.22526041666666666 0.25958333333333333 0.013020833333333334 0.029166666666666667
47 0.16536458333333334 0.25958333333333333 0.013020833333333334 0.029166666666666667
56 0.14479166666666668 0.2875 0.016666666666666666 0.04
19 0.04088541666666667 0.3204166666666667 0.019270833333333334 0.04416666666666667
3 0.7505208333333333 0.3854166666666667 0.025 0.05583333333333333
4 0.5609375 0.32375 0.016666666666666666 0.0425
5 0.46171875 0.29375 0.013020833333333334 0.0325
6 0.4200520833333333 0.2708333333333333 0.009895833333333333 0.028333333333333332
7 0.37473958333333335 0.26875 0.009895833333333333 0.025833333333333333
8 0.2994791666666667 0.25666666666666665 0.009375 0.023333333333333334
9 0.20625 0.25166666666666665 0.00625 0.023333333333333334
10 0.10338541666666666 0.25333333333333335 0.008854166666666666 0.023333333333333334
49 0.029166666666666667 0.26125 0.009375 0.025833333333333333
48 0.09765625 0.2608333333333333 0.008854166666666666 0.02666666666666667
