63 0.4505208333333333 0.4554166666666667 0.041666666666666664 0.10083333333333333
62 0.3651041666666667 0.34208333333333335 0.026041666666666668 0.060833333333333336
38 0.80234375 0.43375 0.034895833333333334 0.0725
61 0.3182291666666667 0.29791666666666666 0.01875 0.04416666666666667
39 0.5721354166666667 0.37 0.0328125 0.06333333333333334
40 0.415625 0.30583333333333335 0.017708333333333333 0.041666666666666664
60 0.30494791666666665 0.2791666666666667 0.013020833333333334 0.03166666666666667
41 0.3796875 0.28041666666666665 0.016666666666666666 0.035833333333333335
42 0.35598958333333336 0.265 0.0140625 0.03333333333333333
43 0.34375 0.25875 0.011458333333333333 0.025833333333333333
58 0.29661458333333335 0.2658333333333333 0.0109375 0.03166666666666667
0 0.9059895833333333 0.4191666666666667 0.019270833333333334 0.05
44 0.3307291666666667 0.2520833333333333 0.0125 0.024166666666666666
57 0.2765625 0.25958333333333333 0.0125 0.029166666666666667
56 0.23489583333333333 0.25666666666666665 0.011458333333333333 0.028333333333333332
20 0.17630208333333333 0.2758333333333333 0.009895833333333333 0.03
21 0.14609375 0.2966666666666667 0.0140625 0.03833333333333333
22 0.10885416666666667 0.34 0.022916666666666665 0.055
1 0.73515625 0.36833333333333335 0.0234375 0.04666666666666667
2 0.5778645833333333 0.32 0.016145833333333335 0.035
3 0.503125 0.28958333333333336 0.013541666666666667 0.029166666666666667
4 0.45755208333333336 0.2733333333333333 0.0109375 0.02666666666666667
5 0.42682291666666666 0.2629166666666667 0.0078125 0.025833333333333333
6 0.4171875 0.25333333333333335 0.007291666666666667 0.021666666666666667
7 0.3921875 0.25333333333333335 0.008333333333333333 0.023333333333333334
47 0.24817708333333333 0.24416666666666667 0.0078125 0.023333333333333334
45 0.3182291666666667 0.24958333333333332 0.008333333333333333 0.029166666666666667
46 0.28932291666666665 0.245 0.008854166666666666 0.028333333333333332
19 0.18411458333333333 0.2633333333333333 0.008854166666666666 0.03166666666666667
