39 0.26796875 0.36291666666666667 0.030729166666666665 0.0725
29 0.11145833333333334 0.24333333333333335 0.008333333333333333 0.028333333333333332
27 0.30442708333333335 0.2525 0.009895833333333333 0.025
40 0.6453125 0.6866666666666666 0.084375 0.195
38 0.13776041666666666 0.32875 0.022395833333333334 0.05583333333333333
26 0.38307291666666665 0.2625 0.011979166666666667 0.03333333333333333
25 0.40963541666666664 0.26958333333333334 0.013020833333333334 0.034166666666666665
24 0.46901041666666665 0.29 0.0140625 0.035
23 0.5916666666666667 0.32458333333333333 0.01875 0.04416666666666667
22 0.7953125 0.3975 0.029166666666666667 0.06333333333333334
68 0.16015625 0.2525 0.011979166666666667 0.03166666666666667
69 0.090625 0.25083333333333335 0.011458333333333333 0.02666666666666667
70 0.01796875 0.25458333333333333 0.011979166666666667 0.025833333333333333
78 0.05651041666666667 0.31708333333333333 0.021354166666666667 0.0525
67 0.21770833333333334 0.255 0.0125 0.02666666666666667
66 0.26015625 0.25833333333333336 0.013020833333333334 0.028333333333333332
65 0.26979166666666665 0.2625 0.011458333333333333 0.03
64 0.32265625 0.2783333333333333 0.016145833333333335 0.03666666666666667
63 0.40078125 0.315 0.021354166666666667 0.051666666666666666
62 0.5205729166666667 0.38083333333333336 0.030729166666666665 0.065
28 0.221875 0.24625 0.008333333333333333 0.019166666666666665
