32 0.09973958333333334 0.2579166666666667 0.013020833333333334 0.0325
31 0.23333333333333334 0.25 0.011458333333333333 0.03
30 0.39010416666666664 0.25666666666666665 0.010416666666666666 0.03166666666666667
29 0.50703125 0.26208333333333333 0.0109375 0.0325
28 0.6536458333333334 0.2791666666666667 0.0125 0.028333333333333332
27 0.7721354166666666 0.30375 0.0140625 0.034166666666666665
38 0.7486979166666666 0.6745833333333333 0.08177083333333333 0.19083333333333333
78 0.4471354166666667 0.4766666666666667 0.058854166666666666 0.11833333333333333
26 0.9036458333333334 0.33791666666666664 0.014583333333333334 0.0375
25 0.9697916666666667 0.3620833333333333 0.01875 0.0475
68 0.578125 0.2816666666666667 0.016666666666666666 0.03333333333333333
69 0.4825520833333333 0.26916666666666667 0.016145833333333335 0.03166666666666667
70 0.38697916666666665 0.26458333333333334 0.013541666666666667 0.030833333333333334
71 0.2916666666666667 0.26458333333333334 0.01875 0.034166666666666665
72 0.2109375 0.2683333333333333 0.01875 0.03833333333333333
73 0.14895833333333333 0.27791666666666665 0.01875 0.04083333333333333
74 0.11796875 0.29541666666666666 0.022395833333333334 0.049166666666666664
75 0.16354166666666667 0.3129166666666667 0.025 0.05583333333333333
77 0.32890625 0.3829166666666667 0.04010416666666667 0.08083333333333333
76 0.23932291666666666 0.3325 0.0296875 0.06333333333333334
67 0.6606770833333333 0.2966666666666667 0.0171875 0.03833333333333333
66 0.7309895833333333 0.31166666666666665 0.019270833333333334 0.045
65 0.759375 0.32416666666666666 0.020833333333333332 0.043333333333333335
64 0.9140625 0.38875 0.035416666666666666 0.06416666666666666
