63 0.4630208333333333 0.4658333333333333 0.04479166666666667 0.105
62 0.3690104166666667 0.34541666666666665 0.024479166666666666 0.060833333333333336
38 0.8184895833333333 0.4375 0.04010416666666667 0.07666666666666666
61 0.32083333333333336 0.2991666666666667 0.01875 0.043333333333333335
39 0.58046875 0.37125 0.03177083333333333 0.06416666666666666
40 0.4192708333333333 0.30375 0.016666666666666666 0.0425
60 0.30703125 0.27625 0.0140625 0.034166666666666665
41 0.38359375 0.2783333333333333 0.015104166666666667 0.03833333333333333
42 0.35833333333333334 0.265 0.013541666666666667 0.035
43 0.3458333333333333 0.2579166666666667 0.010416666666666666 0.025833333333333333
58 0.2986979166666667 0.26416666666666666 0.0109375 0.028333333333333332
0 0.9200520833333333 0.42125 0.021354166666666667 0.05416666666666667
44 0.3328125 0.2525 0.009375 0.028333333333333332
57 0.2791666666666667 0.25833333333333336 0.011458333333333333 0.028333333333333332
56 0.23619791666666667 0.25375 0.0109375 0.025833333333333333
20 0.17734375 0.275 0.009895833333333333 0.03
21 0.14609375 0.29541666666666666 0.0140625 0.03916666666666667
22 0.10911458333333333 0.3408333333333333 0.021354166666666667 0.056666666666666664
1 0.7453125 0.37166666666666665 0.025 0.04666666666666667
2 0.5830729166666667 0.31833333333333336 0.016145833333333335 0.035
3 0.5072916666666667 0.28708333333333336 0.011458333333333333 0.030833333333333334
4 0.4609375 0.27291666666666664 0.011458333333333333 0.025833333333333333
5 0.42916666666666664 0.26125 0.008333333333333333 0.025833333333333333
6 0.41953125 0.2520833333333333 0.0078125 0.0225
7 0.39479166666666665 0.25083333333333335 0.007291666666666667 0.02
47 0.24921875 0.24375 0.008854166666666666 0.0225
45 0.31979166666666664 0.24708333333333332 0.009375 0.0275
46 0.28958333333333336 0.24416666666666667 0.008333333333333333 0.023333333333333334
19 0.18515625 0.26208333333333333 0.008854166666666666 0.0275
