6 0.20859375 0.41625 0.043229166666666666 0.0975
5 0.5770833333333333 0.35 0.023958333333333335 0.058333333333333334
4 0.6794270833333333 0.31083333333333335 0.0171875 0.041666666666666664
45 0.9111979166666667 0.8841666666666667 0.0890625 0.22166666666666668
38 0.8104166666666667 0.2758333333333333 0.011458333333333333 0.02666666666666667
39 0.84609375 0.2833333333333333 0.0109375 0.023333333333333334
44 0.80859375 0.5483333333333333 0.05677083333333333 0.135
43 0.8442708333333333 0.38125 0.03229166666666667 0.07083333333333333
40 0.8677083333333333 0.29583333333333334 0.0125 0.03166666666666667
23 0.9869791666666666 0.2991666666666667 0.0125 0.025
64 0.89296875 0.2758333333333333 0.013020833333333334 0.023333333333333334
63 0.9075520833333334 0.28583333333333333 0.0140625 0.023333333333333334
62 0.9143229166666667 0.2945833333333333 0.011979166666666667 0.025833333333333333
24 0.9630208333333333 0.29125 0.009375 0.0175
61 0.9283854166666666 0.3016666666666667 0.016145833333333335 0.03166666666666667
60 0.94375 0.32 0.019791666666666666 0.03666666666666667
58 0.9677083333333333 0.3458333333333333 0.021875 0.04666666666666667
41 0.8625 0.30916666666666665 0.016666666666666666 0.03166666666666667
42 0.8598958333333333 0.32708333333333334 0.023958333333333335 0.050833333333333335
78 0.7825520833333334 0.2725 0.013020833333333334 0.025
77 0.759375 0.26958333333333334 0.010416666666666666 0.025833333333333333
2 0.7604166666666666 0.28375 0.0125 0.025833333333333333
3 0.7283854166666667 0.29333333333333333 0.013020833333333334 0.03
