64 0.725 0.6795833333333333 0.08125 0.17916666666666667
63 0.38645833333333335 0.3933333333333333 0.03229166666666667 0.08
62 0.33984375 0.32708333333333334 0.021354166666666667 0.0525
38 0.6908854166666667 0.38875 0.0296875 0.0625
61 0.30885416666666665 0.29375 0.016666666666666666 0.0375
78 0.8864583333333333 0.43666666666666665 0.03229166666666667 0.07166666666666667
39 0.5130208333333334 0.34375 0.026041666666666668 0.05583333333333333
40 0.39557291666666666 0.2970833333333333 0.018229166666666668 0.035833333333333335
60 0.3 0.27708333333333335 0.0125 0.0325
41 0.36822916666666666 0.27875 0.014583333333333334 0.0325
42 0.35 0.26666666666666666 0.011458333333333333 0.03
0 0.8078125 0.38625 0.01875 0.04416666666666667
58 0.29322916666666665 0.2625 0.010416666666666666 0.03
43 0.33958333333333335 0.2604166666666667 0.011458333333333333 0.024166666666666666
44 0.328125 0.255 0.009375 0.025
57 0.27578125 0.26208333333333333 0.011979166666666667 0.024166666666666666
56 0.23671875 0.25625 0.013020833333333334 0.0275
20 0.18229166666666666 0.275 0.009375 0.028333333333333332
23 0.02578125 0.3983333333333333 0.0328125 0.07333333333333333
21 0.15598958333333332 0.29083333333333333 0.013020833333333334 0.03666666666666667
22 0.12786458333333334 0.32375 0.019270833333333334 0.04583333333333333
2 0.5403645833333334 0.30916666666666665 0.0140625 0.03166666666666667
3 0.48151041666666666 0.285 0.011979166666666667 0.02666666666666667
4 0.44375 0.27416666666666667 0.008333333333333333 0.023333333333333334
5 0.4171875 0.26416666666666666 0.008333333333333333 0.023333333333333334
7 0.38776041666666666 0.25375 0.0078125 0.0225
6 0.4109375 0.25458333333333333 0.007291666666666667 0.020833333333333332
47 0.25026041666666665 0.24708333333333332 0.0078125 0.020833333333333332
45 0.31640625 0.25 0.009895833333333333 0.025
19 0.18958333333333333 0.2654166666666667 0.008333333333333333 0.024166666666666666
