20 0.8528645833333334 0.4241666666666667 0.028645833333333332 0.06166666666666667
21 0.6122395833333333 0.34625 0.0171875 0.04416666666666667
22 0.48046875 0.3075 0.011979166666666667 0.03333333333333333
39 0.21458333333333332 0.2970833333333333 0.016666666666666666 0.03916666666666667
29 0.10833333333333334 0.2504166666666667 0.008333333333333333 0.019166666666666665
27 0.2565104166666667 0.25583333333333336 0.0067708333333333336 0.016666666666666666
40 0.290625 0.3325 0.023958333333333335 0.056666666666666664
26 0.31276041666666665 0.26208333333333333 0.0078125 0.020833333333333332
25 0.32734375 0.2654166666666667 0.008854166666666666 0.020833333333333332
24 0.35859375 0.2725 0.0109375 0.03
23 0.4153645833333333 0.28958333333333336 0.0109375 0.024166666666666666
41 0.3731770833333333 0.4091666666666667 0.04114583333333333 0.08166666666666667
68 0.14661458333333333 0.255 0.009895833333333333 0.02666666666666667
69 0.09505208333333333 0.2554166666666667 0.009895833333333333 0.0225
78 0.09739583333333333 0.28375 0.014583333333333334 0.0325
70 0.03958333333333333 0.25708333333333333 0.008333333333333333 0.019166666666666665
71 0.010416666666666666 0.27416666666666667 0.0125 0.02666666666666667
77 0.05625 0.28 0.013541666666666667 0.03
67 0.19036458333333334 0.25708333333333333 0.009895833333333333 0.0225
66 0.22213541666666667 0.25916666666666666 0.008854166666666666 0.02666666666666667
65 0.22890625 0.26125 0.0067708333333333336 0.0225
64 0.259375 0.26916666666666667 0.011458333333333333 0.02666666666666667
63 0.296875 0.2833333333333333 0.014583333333333334 0.03333333333333333
62 0.3328125 0.3 0.015625 0.035
61 0.41510416666666666 0.335 0.021875 0.05
60 0.5791666666666667 0.41041666666666665 0.0375 0.07916666666666666
42 0.88515625 0.8766666666666667 0.11614583333333334 0.24333333333333335
38 0.14713541666666666 0.28708333333333336 0.011979166666666667 0.034166666666666665
28 0.19375 0.25125 0.00625 0.0175
30 0.0359375 0.2525 0.00625 0.016666666666666666
1 0.05026041666666667 0.30583333333333335 0.015104166666666667 0.03833333333333333
2 0.06432291666666666 0.3375 0.021354166666666667 0.051666666666666666
