39 0.2794270833333333 0.37166666666666665 0.03177083333333333 0.075
29 0.11302083333333333 0.24333333333333335 0.008333333333333333 0.025
27 0.3098958333333333 0.24958333333333332 0.010416666666666666 0.029166666666666667
40 0.7690104166666667 0.8158333333333333 0.10885416666666667 0.245
38 0.13723958333333333 0.33208333333333334 0.024479166666666666 0.059166666666666666
26 0.3924479166666667 0.2608333333333333 0.0109375 0.02666666666666667
25 0.4200520833333333 0.26916666666666667 0.013020833333333334 0.03166666666666667
24 0.4828125 0.28875 0.013541666666666667 0.034166666666666665
23 0.6140625 0.32708333333333334 0.019791666666666666 0.04583333333333333
22 0.8419270833333333 0.4125 0.0328125 0.06333333333333334
68 0.16276041666666666 0.24916666666666668 0.013020833333333334 0.03
69 0.09244791666666667 0.24916666666666668 0.013020833333333334 0.03
70 0.01796875 0.2525 0.0109375 0.025
78 0.053125 0.3179166666666667 0.022916666666666665 0.05416666666666667
67 0.22213541666666667 0.2529166666666667 0.011979166666666667 0.029166666666666667
66 0.265625 0.2554166666666667 0.013541666666666667 0.034166666666666665
65 0.2760416666666667 0.26 0.0125 0.03666666666666667
64 0.33098958333333334 0.2783333333333333 0.016145833333333335 0.03833333333333333
63 0.4166666666666667 0.31708333333333333 0.021875 0.05583333333333333
62 0.5513020833333333 0.3925 0.033854166666666664 0.07
28 0.22604166666666667 0.24416666666666667 0.009375 0.023333333333333334
