4 0.14166666666666666 0.3441666666666667 0.026041666666666668 0.056666666666666664
19 0.8005208333333333 0.37583333333333335 0.019791666666666666 0.04666666666666667
18 0.9421875 0.41625 0.020833333333333332 0.05583333333333333
21 0.5541666666666667 0.29 0.010416666666666666 0.03166666666666667
20 0.6385416666666667 0.31625 0.014583333333333334 0.04416666666666667
22 0.4940104166666667 0.275 0.008854166666666666 0.028333333333333332
39 0.31197916666666664 0.2629166666666667 0.011458333333333333 0.030833333333333334
40 0.35260416666666666 0.27666666666666667 0.013541666666666667 0.035
26 0.39765625 0.24583333333333332 0.0067708333333333336 0.021666666666666667
23 0.46145833333333336 0.2625 0.008333333333333333 0.02
25 0.4078125 0.24916666666666668 0.007291666666666667 0.021666666666666667
24 0.42604166666666665 0.255 0.007291666666666667 0.018333333333333333
67 0.29921875 0.23958333333333334 0.0078125 0.020833333333333332
69 0.22213541666666667 0.23833333333333334 0.0078125 0.021666666666666667
29 0.23203125 0.23583333333333334 0.0067708333333333336 0.018333333333333333
64 0.35078125 0.24875 0.0109375 0.029166666666666667
63 0.3731770833333333 0.2575 0.011979166666666667 0.02666666666666667
62 0.39088541666666665 0.2679166666666667 0.013020833333333334 0.029166666666666667
61 0.428125 0.2825 0.014583333333333334 0.03
60 0.47552083333333334 0.30541666666666667 0.017708333333333333 0.03916666666666667
58 0.5684895833333333 0.34833333333333333 0.027604166666666666 0.06166666666666667
41 0.3736979166666667 0.2966666666666667 0.0171875 0.04833333333333333
42 0.4236979166666667 0.3408333333333333 0.027604166666666666 0.06333333333333334
38 0.265625 0.25583333333333336 0.008333333333333333 0.023333333333333334
68 0.2640625 0.23958333333333334 0.007291666666666667 0.019166666666666665
57 0.70625 0.3975 0.036458333333333336 0.075
43 0.5643229166666667 0.5083333333333333 0.05260416666666667 0.12333333333333334
56 0.9677083333333333 0.4691666666666667 0.035416666666666666 0.07333333333333333
78 0.2296875 0.25416666666666665 0.010416666666666666 0.028333333333333332
77 0.19921875 0.2529166666666667 0.009895833333333333 0.024166666666666666
2 0.21979166666666666 0.275 0.013541666666666667 0.03166666666666667
3 0.19192708333333333 0.2945833333333333 0.0171875 0.0375
