42 0.74296875 0.5170833333333333 0.050520833333333334 0.1175
43 0.46328125 0.3616666666666667 0.028645833333333332 0.06333333333333334
58 0.45677083333333335 0.53625 0.05416666666666667 0.13083333333333333
44 0.365625 0.3125 0.01875 0.045
57 0.284375 0.4225 0.04791666666666667 0.09333333333333334
45 0.32057291666666665 0.29875 0.018229166666666668 0.0425
46 0.24973958333333332 0.28625 0.019270833333333334 0.0425
47 0.16171875 0.28458333333333335 0.0171875 0.035833333333333335
56 0.10859375 0.38 0.034895833333333334 0.07333333333333333
5 0.69296875 0.37625 0.022395833333333334 0.050833333333333335
6 0.55859375 0.3120833333333333 0.0140625 0.03916666666666667
7 0.471875 0.3016666666666667 0.0125 0.03166666666666667
8 0.3528645833333333 0.2816666666666667 0.011979166666666667 0.03333333333333333
9 0.22057291666666667 0.27125 0.0109375 0.029166666666666667
10 0.07760416666666667 0.275 0.011458333333333333 0.03
48 0.06484375 0.28833333333333333 0.015104166666666667 0.04
