42 0.6348958333333333 0.4558333333333333 0.041666666666666664 0.095
43 0.43307291666666664 0.3475 0.0265625 0.056666666666666664
58 0.39427083333333335 0.46458333333333335 0.04791666666666667 0.10916666666666666
44 0.35182291666666665 0.30666666666666664 0.0171875 0.04
57 0.2682291666666667 0.38875 0.040625 0.07916666666666666
45 0.3111979166666667 0.2925 0.0171875 0.04
46 0.24661458333333333 0.2833333333333333 0.0171875 0.03833333333333333
47 0.16484375 0.2816666666666667 0.016145833333333335 0.03666666666666667
56 0.11875 0.3566666666666667 0.028125 0.06333333333333334
4 0.94296875 0.46958333333333335 0.028645833333333332 0.06916666666666667
5 0.6424479166666667 0.3620833333333333 0.0203125 0.0475
6 0.5317708333333333 0.30583333333333335 0.011458333333333333 0.03666666666666667
7 0.45390625 0.29791666666666666 0.0109375 0.030833333333333334
8 0.34401041666666665 0.2808333333333333 0.011979166666666667 0.028333333333333332
9 0.21848958333333332 0.2704166666666667 0.009895833333333333 0.029166666666666667
10 0.08411458333333334 0.2733333333333333 0.009895833333333333 0.028333333333333332
48 0.07135416666666666 0.28375 0.014583333333333334 0.0375
