42 0.54140625 0.39958333333333335 0.0359375 0.0775
43 0.4049479166666667 0.3275 0.022395833333333334 0.05
60 0.6932291666666667 0.7891666666666667 0.09375 0.225
58 0.3497395833333333 0.40208333333333335 0.03697916666666667 0.08416666666666667
44 0.34322916666666664 0.2991666666666667 0.017708333333333333 0.041666666666666664
57 0.26145833333333335 0.35541666666666666 0.03229166666666667 0.06916666666666667
45 0.309375 0.28708333333333336 0.015625 0.0375
46 0.24973958333333332 0.27875 0.016145833333333335 0.035833333333333335
47 0.17421875 0.27666666666666667 0.016145833333333335 0.035
56 0.13828125 0.3333333333333333 0.024479166666666666 0.056666666666666664
4 0.8119791666666667 0.41625 0.025 0.060833333333333336
5 0.5919270833333333 0.34208333333333335 0.0171875 0.0425
6 0.50703125 0.2975 0.0109375 0.03666666666666667
7 0.44036458333333334 0.2925 0.0109375 0.03
8 0.34036458333333336 0.2775 0.0109375 0.02666666666666667
9 0.22526041666666666 0.26666666666666666 0.009895833333333333 0.03
10 0.09947916666666666 0.26958333333333334 0.010416666666666666 0.0275
48 0.08984375 0.2783333333333333 0.011979166666666667 0.03
