78 0.61015625 0.6179166666666667 0.09010416666666667 0.16916666666666666
77 0.40260416666666665 0.44875 0.05520833333333333 0.11083333333333334
76 0.2760416666666667 0.36791666666666667 0.0375 0.07583333333333334
75 0.18489583333333334 0.33791666666666664 0.030208333333333334 0.060833333333333336
74 0.13125 0.3175 0.023958333333333335 0.056666666666666664
73 0.16588541666666667 0.29375 0.022395833333333334 0.04416666666666667
72 0.23255208333333333 0.28708333333333336 0.018229166666666668 0.04083333333333333
71 0.32109375 0.2816666666666667 0.018229166666666668 0.03833333333333333
70 0.42265625 0.2833333333333333 0.015104166666666667 0.03
69 0.5263020833333333 0.28958333333333336 0.016145833333333335 0.0375
68 0.6296875 0.30375 0.01875 0.0375
67 0.7216145833333333 0.31958333333333333 0.018229166666666668 0.0375
66 0.8033854166666666 0.34041666666666665 0.019270833333333334 0.04083333333333333
65 0.8434895833333333 0.35583333333333333 0.019270833333333334 0.04833333333333333
31 0.2557291666666667 0.265 0.0125 0.03
32 0.11171875 0.2733333333333333 0.013020833333333334 0.03333333333333333
29 0.54609375 0.27958333333333335 0.0109375 0.030833333333333334
28 0.70390625 0.30125 0.013020833333333334 0.0325
27 0.8346354166666666 0.3283333333333333 0.015104166666666667 0.03333333333333333
26 0.9833333333333333 0.36875 0.017708333333333333 0.0375
