4 0.09973958333333334 0.36583333333333334 0.028645833333333332 0.07
19 0.8239583333333333 0.3904166666666667 0.022916666666666665 0.050833333333333335
18 0.9822916666666667 0.4379166666666667 0.022916666666666665 0.05416666666666667
21 0.54140625 0.29583333333333334 0.011979166666666667 0.03333333333333333
20 0.6372395833333333 0.3258333333333333 0.016145833333333335 0.04
22 0.47552083333333334 0.2775 0.009375 0.03
39 0.28515625 0.2658333333333333 0.013020833333333334 0.03166666666666667
40 0.32838541666666665 0.28208333333333335 0.0140625 0.0375
26 0.37005208333333334 0.24541666666666667 0.0067708333333333336 0.024166666666666666
23 0.4393229166666667 0.26625 0.0109375 0.0225
25 0.3809895833333333 0.2504166666666667 0.0078125 0.020833333333333332
24 0.40182291666666664 0.25583333333333336 0.008854166666666666 0.023333333333333334
69 0.18932291666666667 0.24125 0.008854166666666666 0.020833333333333332
70 0.1453125 0.24166666666666667 0.008333333333333333 0.016666666666666666
67 0.26979166666666665 0.24291666666666667 0.009375 0.020833333333333332
68 0.23411458333333332 0.24 0.008854166666666666 0.02
29 0.19921875 0.23708333333333334 0.0067708333333333336 0.020833333333333332
64 0.3223958333333333 0.25 0.010416666666666666 0.02666666666666667
63 0.3484375 0.2608333333333333 0.010416666666666666 0.02666666666666667
62 0.36692708333333335 0.2683333333333333 0.011979166666666667 0.03333333333333333
61 0.4080729166666667 0.2866666666666667 0.016145833333333335 0.03166666666666667
60 0.4627604166666667 0.31125 0.019270833333333334 0.04416666666666667
58 0.5770833333333333 0.3641666666666667 0.029166666666666667 0.06833333333333333
41 0.3541666666666667 0.3045833333333333 0.022916666666666665 0.050833333333333335
42 0.41640625 0.36125 0.033854166666666664 0.0675
38 0.23645833333333333 0.26166666666666666 0.010416666666666666 0.025
30 0.13984375 0.24 0.005729166666666666 0.015
57 0.74375 0.42291666666666666 0.036458333333333336 0.08083333333333333
43 0.63671875 0.595 0.06927083333333334 0.15333333333333332
78 0.19817708333333334 0.25875 0.011979166666666667 0.0275
77 0.16692708333333334 0.255 0.0109375 0.02666666666666667
2 0.18776041666666668 0.28041666666666665 0.0140625 0.034166666666666665
3 0.15859375 0.305 0.0171875 0.043333333333333335
