32 0.12604166666666666 0.26 0.011458333333333333 0.035
33 0.015625 0.2733333333333333 0.014583333333333334 0.035
31 0.2609375 0.25666666666666665 0.011458333333333333 0.03
30 0.4192708333333333 0.26458333333333334 0.010416666666666666 0.034166666666666665
29 0.5385416666666667 0.26916666666666667 0.010416666666666666 0.03166666666666667
28 0.6880208333333333 0.29083333333333333 0.009375 0.02666666666666667
27 0.8096354166666667 0.31625 0.0140625 0.030833333333333334
38 0.8598958333333333 0.7533333333333333 0.09166666666666666 0.21666666666666667
78 0.5013020833333334 0.5070833333333333 0.06614583333333333 0.12916666666666668
26 0.94609375 0.35291666666666666 0.015104166666666667 0.0375
68 0.6114583333333333 0.29041666666666666 0.017708333333333333 0.035833333333333335
69 0.5158854166666667 0.2783333333333333 0.016145833333333335 0.03666666666666667
70 0.4171875 0.27166666666666667 0.015625 0.03166666666666667
71 0.3203125 0.26958333333333334 0.016666666666666666 0.034166666666666665
72 0.23932291666666666 0.2758333333333333 0.018229166666666668 0.03833333333333333
73 0.17552083333333332 0.2841666666666667 0.01875 0.04666666666666667
74 0.14244791666666667 0.29833333333333334 0.0203125 0.051666666666666666
75 0.19036458333333334 0.3179166666666667 0.0265625 0.0575
77 0.365625 0.4 0.041666666666666664 0.08833333333333333
76 0.26927083333333335 0.34041666666666665 0.03229166666666667 0.06583333333333333
67 0.6979166666666666 0.30666666666666664 0.019791666666666666 0.04
66 0.7703125 0.32375 0.020833333333333332 0.04583333333333333
65 0.8015625 0.3383333333333333 0.021875 0.045
64 0.9723958333333333 0.40625 0.034375 0.0675
