65 0.9270833333333334 0.7641666666666667 0.084375 0.205
64 0.6046875 0.39791666666666664 0.03333333333333333 0.07416666666666667
63 0.55078125 0.33958333333333335 0.0203125 0.0475
62 0.5497395833333333 0.3125 0.0140625 0.03833333333333333
38 0.7708333333333334 0.34791666666666665 0.021875 0.0425
61 0.5390625 0.2920833333333333 0.013541666666666667 0.034166666666666665
78 0.8890625 0.37625 0.023958333333333335 0.0525
39 0.66640625 0.32416666666666666 0.0203125 0.045
40 0.60625 0.29833333333333334 0.015625 0.03333333333333333
41 0.5971354166666667 0.28541666666666665 0.0109375 0.029166666666666667
56 0.49635416666666665 0.2683333333333333 0.009375 0.02666666666666667
57 0.5278645833333333 0.27291666666666664 0.011979166666666667 0.0275
20 0.44817708333333334 0.27958333333333335 0.0078125 0.025833333333333333
24 0.2609375 0.3929166666666667 0.03229166666666667 0.06916666666666667
23 0.340625 0.32916666666666666 0.020833333333333332 0.04666666666666667
21 0.4265625 0.28625 0.0125 0.0325
22 0.40130208333333334 0.3020833333333333 0.013020833333333334 0.0375
0 0.89375 0.36041666666666666 0.0125 0.035833333333333335
1 0.8 0.33375 0.016666666666666666 0.034166666666666665
2 0.7223958333333333 0.30916666666666665 0.0125 0.03
3 0.6916666666666667 0.2920833333333333 0.011458333333333333 0.024166666666666666
4 0.6684895833333333 0.28791666666666665 0.008854166666666666 0.020833333333333332
5 0.65390625 0.27791666666666665 0.0109375 0.019166666666666665
