10 0.9263020833333333 0.3591666666666667 0.018229166666666668 0.041666666666666664
11 0.7361979166666667 0.3275 0.013020833333333334 0.03833333333333333
12 0.5565104166666667 0.30375 0.009895833333333333 0.034166666666666665
13 0.35104166666666664 0.29333333333333333 0.010416666666666666 0.045
14 0.16119791666666666 0.3 0.0171875 0.05
49 0.7838541666666666 0.355 0.011458333333333333 0.035
48 0.93046875 0.38083333333333336 0.024479166666666666 0.055
50 0.6427083333333333 0.3425 0.013541666666666667 0.03666666666666667
51 0.5111979166666667 0.33416666666666667 0.015104166666666667 0.04833333333333333
52 0.39401041666666664 0.34791666666666665 0.018229166666666668 0.05583333333333333
55 0.55546875 0.6041666666666666 0.0703125 0.15
53 0.31197916666666664 0.3770833333333333 0.021875 0.0675
54 0.3065104166666667 0.44333333333333336 0.028645833333333332 0.09166666666666666
