58 0.7278645833333334 0.7695833333333333 0.10052083333333334 0.21916666666666668
43 0.5940104166666667 0.3933333333333333 0.0359375 0.075
44 0.45859375 0.32166666666666666 0.022395833333333334 0.04666666666666667
57 0.39739583333333334 0.49291666666666667 0.05416666666666667 0.11916666666666667
45 0.4049479166666667 0.30291666666666667 0.022395833333333334 0.0475
46 0.32526041666666666 0.28875 0.022395833333333334 0.0425
47 0.22890625 0.2841666666666667 0.019270833333333334 0.041666666666666664
56 0.16197916666666667 0.4141666666666667 0.040625 0.09333333333333334
5 0.8526041666666667 0.4141666666666667 0.029166666666666667 0.06
6 0.671875 0.325 0.014583333333333334 0.041666666666666664
7 0.5677083333333334 0.31083333333333335 0.013541666666666667 0.035
8 0.4359375 0.285 0.014583333333333334 0.035
9 0.29140625 0.2704166666666667 0.0109375 0.030833333333333334
10 0.13880208333333333 0.27208333333333334 0.013020833333333334 0.030833333333333334
48 0.12369791666666667 0.285 0.0171875 0.04
49 0.012760416666666666 0.28958333333333336 0.011979166666666667 0.0375
