21 0.7130208333333333 0.3775 0.023958333333333335 0.058333333333333334
22 0.52890625 0.3225 0.015104166666666667 0.03666666666666667
39 0.21510416666666668 0.30541666666666667 0.01875 0.04583333333333333
29 0.09765625 0.2475 0.008854166666666666 0.025
27 0.25755208333333335 0.25458333333333333 0.0078125 0.020833333333333332
40 0.3182291666666667 0.36125 0.029166666666666667 0.06583333333333333
38 0.13515625 0.2925 0.015104166666666667 0.035
26 0.32005208333333335 0.26 0.008854166666666666 0.023333333333333334
25 0.3375 0.26166666666666666 0.010416666666666666 0.03166666666666667
24 0.3734375 0.27458333333333335 0.010416666666666666 0.029166666666666667
23 0.44192708333333336 0.2916666666666667 0.0140625 0.03333333333333333
41 0.49322916666666666 0.53875 0.06041666666666667 0.1325
68 0.13958333333333334 0.25375 0.0125 0.0275
69 0.0828125 0.2529166666666667 0.010416666666666666 0.024166666666666666
78 0.07942708333333333 0.28958333333333336 0.0171875 0.0375
70 0.024479166666666666 0.25625 0.009375 0.0225
77 0.03463541666666667 0.2841666666666667 0.0171875 0.035
67 0.18697916666666667 0.255 0.009375 0.025
66 0.21979166666666666 0.2575 0.011458333333333333 0.025
65 0.22916666666666666 0.25958333333333333 0.009375 0.0225
64 0.2630208333333333 0.26916666666666667 0.013541666666666667 0.03333333333333333
63 0.30911458333333336 0.2875 0.0140625 0.035
62 0.35625 0.3129166666666667 0.017708333333333333 0.04083333333333333
61 0.4752604166666667 0.36541666666666667 0.0296875 0.059166666666666666
60 0.78203125 0.51625 0.05260416666666667 0.10916666666666666
28 0.19036458333333334 0.24916666666666668 0.0078125 0.016666666666666666
30 0.020833333333333332 0.25125 0.00625 0.019166666666666665
1 0.017447916666666667 0.32125 0.0171875 0.04083333333333333
2 0.021614583333333333 0.3695833333333333 0.0265625 0.0625
