38 0.87421875 0.7770833333333333 0.09114583333333333 0.21916666666666668
78 0.46796875 0.5220833333333333 0.06927083333333334 0.13583333333333333
77 0.31744791666666666 0.41083333333333333 0.04635416666666667 0.09333333333333334
76 0.21145833333333333 0.34833333333333333 0.034375 0.07
75 0.12708333333333333 0.32416666666666666 0.028125 0.058333333333333334
74 0.07682291666666667 0.30541666666666667 0.019270833333333334 0.050833333333333335
73 0.109375 0.28541666666666665 0.01875 0.04083333333333333
72 0.17369791666666667 0.27791666666666665 0.018229166666666668 0.04083333333333333
71 0.25755208333333335 0.27125 0.018229166666666668 0.0375
70 0.35651041666666666 0.27375 0.0140625 0.0275
69 0.45598958333333334 0.27791666666666665 0.015104166666666667 0.034166666666666665
68 0.5528645833333333 0.2891666666666667 0.018229166666666668 0.03833333333333333
67 0.640625 0.3045833333333333 0.017708333333333333 0.0375
66 0.7138020833333333 0.32125 0.018229166666666668 0.04083333333333333
65 0.7463541666666667 0.33625 0.020833333333333332 0.0475
64 0.9244791666666666 0.405 0.03333333333333333 0.06833333333333333
31 0.19739583333333333 0.25916666666666666 0.011458333333333333 0.03
32 0.058333333333333334 0.2654166666666667 0.013541666666666667 0.034166666666666665
29 0.47734375 0.27 0.0109375 0.03
28 0.628125 0.28625 0.010416666666666666 0.029166666666666667
27 0.7502604166666667 0.3125 0.015104166666666667 0.035
26 0.88671875 0.3466666666666667 0.016145833333333335 0.03666666666666667
25 0.9606770833333333 0.37583333333333335 0.018229166666666668 0.04
