76 0.7109375 0.6008333333333333 0.06770833333333333 0.15833333333333333
75 0.4578125 0.46291666666666664 0.04583333333333333 0.10083333333333333
74 0.35078125 0.39958333333333335 0.0328125 0.07916666666666666
73 0.39036458333333335 0.35291666666666666 0.027604166666666666 0.059166666666666666
72 0.47369791666666666 0.33791666666666664 0.022395833333333334 0.0525
71 0.58203125 0.33166666666666667 0.0234375 0.045
70 0.7091145833333333 0.33666666666666667 0.0203125 0.041666666666666664
69 0.8403645833333333 0.35375 0.019270833333333334 0.03916666666666667
68 0.978125 0.3745833333333333 0.019791666666666666 0.0475
31 0.48671875 0.3045833333333333 0.013020833333333334 0.030833333333333334
32 0.31015625 0.30916666666666665 0.0171875 0.03833333333333333
33 0.15572916666666667 0.3254166666666667 0.020833333333333332 0.0475
30 0.68671875 0.3179166666666667 0.015104166666666667 0.034166666666666665
29 0.8419270833333333 0.33375 0.0140625 0.0375
