65 0.8403645833333333 0.625 0.06614583333333333 0.15333333333333332
64 0.6802083333333333 0.38375 0.030208333333333334 0.06916666666666667
63 0.6502604166666667 0.3383333333333333 0.018229166666666668 0.043333333333333335
62 0.6572916666666667 0.315 0.013541666666666667 0.03333333333333333
78 0.9690104166666667 0.3829166666666667 0.0234375 0.04583333333333333
38 0.8622395833333333 0.355 0.0203125 0.043333333333333335
39 0.7669270833333334 0.3279166666666667 0.018229166666666668 0.04416666666666667
40 0.7184895833333333 0.3025 0.015104166666666667 0.03333333333333333
56 0.61640625 0.275 0.011979166666666667 0.023333333333333334
24 0.3807291666666667 0.3725 0.027083333333333334 0.06
25 0.1015625 0.5079166666666667 0.04479166666666667 0.1125
23 0.45677083333333335 0.32416666666666666 0.019791666666666666 0.045
22 0.5184895833333333 0.30416666666666664 0.0140625 0.03666666666666667
0 0.9859375 0.36625 0.013541666666666667 0.03916666666666667
1 0.8997395833333334 0.3416666666666667 0.015104166666666667 0.03666666666666667
2 0.8299479166666667 0.3179166666666667 0.011979166666666667 0.0275
3 0.8033854166666666 0.30125 0.0109375 0.0275
5 0.7703125 0.2891666666666667 0.010416666666666666 0.02666666666666667
4 0.7833333333333333 0.29125 0.010416666666666666 0.0275
21 0.54375 0.29041666666666666 0.010416666666666666 0.030833333333333334
