43 0.8838541666666667 0.4725 0.051041666666666666 0.09
44 0.6700520833333333 0.35375 0.028645833333333332 0.05416666666666667
57 0.73828125 0.6895833333333333 0.0890625 0.19083333333333333
45 0.6002604166666666 0.32708333333333334 0.024479166666666666 0.050833333333333335
46 0.50703125 0.30625 0.0234375 0.0475
47 0.39791666666666664 0.295 0.023958333333333335 0.041666666666666664
56 0.3450520833333333 0.4925 0.05364583333333333 0.12
6 0.90859375 0.36666666666666664 0.019270833333333334 0.04833333333333333
7 0.7760416666666666 0.34041666666666665 0.01875 0.0425
8 0.6231770833333333 0.30541666666666667 0.0171875 0.035833333333333335
9 0.46510416666666665 0.2825 0.013541666666666667 0.03666666666666667
10 0.3 0.27875 0.013541666666666667 0.0325
11 0.13828125 0.27708333333333335 0.0109375 0.035833333333333335
49 0.16484375 0.2916666666666667 0.0109375 0.035
48 0.28541666666666665 0.29041666666666666 0.017708333333333333 0.03916666666666667
50 0.04505208333333333 0.3045833333333333 0.015104166666666667 0.035833333333333335
