64 0.79765625 0.7554166666666666 0.09010416666666667 0.2125
63 0.39166666666666666 0.40708333333333335 0.03229166666666667 0.07916666666666666
62 0.33984375 0.32958333333333334 0.024479166666666666 0.05416666666666667
38 0.7044270833333334 0.3954166666666667 0.028645833333333332 0.06416666666666666
61 0.30546875 0.29375 0.019270833333333334 0.0425
78 0.9096354166666667 0.44583333333333336 0.03177083333333333 0.07166666666666667
39 0.5174479166666667 0.3491666666666667 0.0265625 0.058333333333333334
40 0.3927083333333333 0.2991666666666667 0.016666666666666666 0.041666666666666664
60 0.2947916666666667 0.2775 0.0125 0.03
41 0.3653645833333333 0.27875 0.0140625 0.035833333333333335
42 0.3453125 0.2675 0.0125 0.03
0 0.8190104166666666 0.3883333333333333 0.018229166666666668 0.045
58 0.28854166666666664 0.2629166666666667 0.010416666666666666 0.025833333333333333
43 0.33515625 0.25916666666666666 0.011979166666666667 0.03
44 0.32447916666666665 0.25625 0.011458333333333333 0.0275
57 0.2708333333333333 0.26166666666666666 0.009375 0.025
56 0.23098958333333333 0.2575 0.0109375 0.02666666666666667
20 0.17552083333333332 0.27708333333333335 0.010416666666666666 0.0275
23 0.013020833333333334 0.4083333333333333 0.025 0.075
21 0.14765625 0.29333333333333333 0.013020833333333334 0.03666666666666667
22 0.11901041666666666 0.3275 0.019270833333333334 0.04666666666666667
1 0.6755208333333333 0.35 0.022916666666666665 0.043333333333333335
2 0.5421875 0.31083333333333335 0.013541666666666667 0.03166666666666667
3 0.48046875 0.285 0.013020833333333334 0.03
4 0.44140625 0.2733333333333333 0.009895833333333333 0.025
5 0.41380208333333335 0.2633333333333333 0.008854166666666666 0.023333333333333334
7 0.38333333333333336 0.2529166666666667 0.007291666666666667 0.024166666666666666
6 0.40625 0.2529166666666667 0.009375 0.020833333333333332
47 0.24505208333333334 0.24666666666666667 0.0078125 0.02
45 0.3109375 0.25 0.010416666666666666 0.02666666666666667
19 0.18307291666666667 0.265 0.008854166666666666 0.03
