32 0.10364583333333334 0.25708333333333333 0.011458333333333333 0.030833333333333334
31 0.23697916666666666 0.2525 0.011458333333333333 0.028333333333333332
30 0.3932291666666667 0.25833333333333336 0.010416666666666666 0.03166666666666667
29 0.5111979166666667 0.2608333333333333 0.009895833333333333 0.03
28 0.6575520833333334 0.2808333333333333 0.011979166666666667 0.03166666666666667
27 0.7763020833333333 0.305 0.0140625 0.035
38 0.7625 0.6825 0.08125 0.19333333333333333
78 0.45416666666666666 0.48 0.0625 0.11666666666666667
26 0.90859375 0.33916666666666667 0.016145833333333335 0.03666666666666667
25 0.9744791666666667 0.365 0.021875 0.043333333333333335
68 0.5825520833333333 0.28125 0.0171875 0.034166666666666665
69 0.48776041666666664 0.2725 0.015104166666666667 0.03333333333333333
70 0.3893229166666667 0.26458333333333334 0.0140625 0.0375
71 0.2955729166666667 0.26416666666666666 0.016145833333333335 0.03666666666666667
72 0.21354166666666666 0.2704166666666667 0.016666666666666666 0.04083333333333333
73 0.15208333333333332 0.27666666666666667 0.020833333333333332 0.043333333333333335
74 0.12109375 0.295 0.021354166666666667 0.05
75 0.16796875 0.31166666666666665 0.027604166666666666 0.05333333333333334
77 0.3341145833333333 0.38458333333333333 0.04010416666666667 0.0825
76 0.24270833333333333 0.3329166666666667 0.03125 0.06416666666666666
67 0.6661458333333333 0.2966666666666667 0.01875 0.03666666666666667
66 0.7359375 0.3129166666666667 0.021875 0.04416666666666667
65 0.7658854166666667 0.32375 0.021354166666666667 0.04583333333333333
64 0.9221354166666667 0.39 0.0328125 0.06333333333333334
