77 0.6877604166666667 0.6229166666666667 0.07239583333333334 0.17416666666666666
76 0.44114583333333335 0.43875 0.04375 0.10083333333333333
75 0.30963541666666666 0.3804166666666667 0.0390625 0.07416666666666667
74 0.240625 0.34833333333333333 0.027083333333333334 0.065
73 0.28046875 0.32 0.0234375 0.05
72 0.35520833333333335 0.3095833333333333 0.019791666666666666 0.0475
71 0.4515625 0.305 0.019791666666666666 0.043333333333333335
70 0.5645833333333333 0.305 0.017708333333333333 0.04
69 0.6817708333333333 0.31708333333333333 0.017708333333333333 0.04083333333333333
68 0.7994791666666666 0.33666666666666667 0.019791666666666666 0.04
67 0.9096354166666667 0.35875 0.0203125 0.0425
31 0.37604166666666666 0.28583333333333333 0.0125 0.03166666666666667
32 0.21901041666666668 0.2891666666666667 0.0140625 0.03666666666666667
33 0.08567708333333333 0.30333333333333334 0.016145833333333335 0.041666666666666664
30 0.5567708333333333 0.29291666666666666 0.0125 0.029166666666666667
28 0.8721354166666667 0.3358333333333333 0.0140625 0.03333333333333333
29 0.6953125 0.305 0.0125 0.035
