75 0.6596354166666667 0.57625 0.06197916666666667 0.14583333333333334
74 0.4640625 0.4370833333333333 0.042708333333333334 0.10083333333333333
73 0.48984375 0.3620833333333333 0.0328125 0.07083333333333333
72 0.5786458333333333 0.34625 0.025 0.0575
71 0.6973958333333333 0.34125 0.026041666666666668 0.049166666666666664
70 0.8356770833333333 0.3545833333333333 0.022395833333333334 0.049166666666666664
69 0.984375 0.38125 0.020833333333333332 0.049166666666666664
31 0.5760416666666667 0.3016666666666667 0.016666666666666666 0.03833333333333333
32 0.38125 0.2975 0.01875 0.04666666666666667
33 0.20286458333333332 0.3125 0.0234375 0.05333333333333334
30 0.7947916666666667 0.3279166666666667 0.013541666666666667 0.0375
29 0.9653645833333333 0.35625 0.0140625 0.04083333333333333
