45 0.9776041666666667 0.3908333333333333 0.03229166666666667 0.055
46 0.86171875 0.3545833333333333 0.028645833333333332 0.049166666666666664
47 0.7359375 0.32666666666666666 0.026041666666666668 0.04833333333333333
56 0.82265625 0.6766666666666666 0.0859375 0.17166666666666666
8 0.9825520833333333 0.36083333333333334 0.0234375 0.043333333333333335
9 0.7997395833333333 0.3154166666666667 0.019270833333333334 0.04083333333333333
10 0.6192708333333333 0.29541666666666666 0.013541666666666667 0.035833333333333335
11 0.44557291666666665 0.27875 0.008854166666666666 0.035833333333333335
12 0.2794270833333333 0.27166666666666667 0.008854166666666666 0.03166666666666667
13 0.0890625 0.27958333333333335 0.0125 0.034166666666666665
49 0.47760416666666666 0.2975 0.011458333333333333 0.03833333333333333
48 0.6083333333333333 0.31125 0.019791666666666666 0.049166666666666664
50 0.34921875 0.2995833333333333 0.013020833333333334 0.035833333333333335
51 0.22890625 0.30041666666666667 0.0140625 0.04583333333333333
52 0.1234375 0.32125 0.01875 0.05416666666666667
55 0.20364583333333333 0.45916666666666667 0.04583333333333333 0.09666666666666666
53 0.04739583333333333 0.3475 0.025 0.055
54 0.041666666666666664 0.38625 0.026041666666666668 0.07083333333333333
