10 0.87265625 0.34625 0.0171875 0.03916666666666667
11 0.6864583333333333 0.31583333333333335 0.013541666666666667 0.03666666666666667
12 0.5104166666666666 0.2925 0.009375 0.035
13 0.30807291666666664 0.28583333333333333 0.013020833333333334 0.043333333333333335
14 0.12291666666666666 0.2916666666666667 0.016666666666666666 0.05
49 0.7296875 0.3425 0.011458333333333333 0.03166666666666667
48 0.8716145833333333 0.36625 0.024479166666666666 0.0575
50 0.5921875 0.32625 0.0125 0.034166666666666665
51 0.46380208333333334 0.32666666666666666 0.0171875 0.051666666666666666
52 0.34817708333333336 0.3375 0.018229166666666668 0.056666666666666664
55 0.47682291666666665 0.5575 0.06510416666666667 0.14
53 0.265625 0.3645833333333333 0.022916666666666665 0.0675
54 0.259375 0.42541666666666667 0.029166666666666667 0.08583333333333333
