19 0.9190104166666667 0.4375 0.025520833333333333 0.06166666666666667
21 0.5299479166666666 0.30916666666666665 0.0140625 0.03666666666666667
20 0.6565104166666667 0.34958333333333336 0.019270833333333334 0.04416666666666667
22 0.4479166666666667 0.28875 0.009375 0.025833333333333333
39 0.23671875 0.2783333333333333 0.0140625 0.03166666666666667
40 0.29010416666666666 0.2991666666666667 0.016666666666666666 0.041666666666666664
26 0.3255208333333333 0.25416666666666665 0.007291666666666667 0.018333333333333333
23 0.40390625 0.27625 0.008854166666666666 0.0225
25 0.3375 0.2579166666666667 0.007291666666666667 0.024166666666666666
24 0.3609375 0.26708333333333334 0.009375 0.024166666666666666
3 0.08723958333333333 0.33416666666666667 0.0234375 0.05333333333333334
41 0.32578125 0.33125 0.024479166666666666 0.059166666666666666
69 0.13359375 0.24958333333333332 0.008854166666666666 0.0225
78 0.140625 0.2708333333333333 0.011458333333333333 0.03
70 0.08489583333333334 0.2504166666666667 0.010416666666666666 0.024166666666666666
67 0.21770833333333334 0.25125 0.008333333333333333 0.019166666666666665
66 0.2453125 0.25416666666666665 0.007291666666666667 0.02
65 0.25026041666666665 0.25458333333333333 0.005729166666666666 0.019166666666666665
68 0.17942708333333332 0.24916666666666668 0.009895833333333333 0.021666666666666667
29 0.14322916666666666 0.24708333333333332 0.00625 0.019166666666666665
64 0.27630208333333334 0.25875 0.009895833333333333 0.0275
63 0.30572916666666666 0.27166666666666667 0.011458333333333333 0.028333333333333332
62 0.328125 0.28 0.013541666666666667 0.03333333333333333
61 0.3809895833333333 0.3045833333333333 0.016145833333333335 0.035833333333333335
60 0.45677083333333335 0.335 0.022916666666666665 0.04666666666666667
58 0.6364583333333333 0.4195833333333333 0.036458333333333336 0.0825
42 0.43411458333333336 0.4216666666666667 0.04010416666666667 0.09333333333333334
38 0.18255208333333334 0.2725 0.0109375 0.03
30 0.07994791666666666 0.2504166666666667 0.005729166666666666 0.0175
57 0.9096354166666667 0.5195833333333333 0.049479166666666664 0.1075
77 0.10625 0.26708333333333334 0.0125 0.029166666666666667
1 0.1078125 0.28583333333333333 0.010416666666666666 0.023333333333333334
2 0.1265625 0.30083333333333334 0.013541666666666667 0.03833333333333333
