39 0.42135416666666664 0.49 0.053125 0.115
30 0.06744791666666666 0.25333333333333335 0.0078125 0.023333333333333334
29 0.17005208333333333 0.25125 0.0109375 0.025833333333333333
27 0.39114583333333336 0.26208333333333333 0.011458333333333333 0.0325
38 0.18984375 0.395 0.034895833333333334 0.08166666666666667
26 0.4864583333333333 0.27875 0.0125 0.030833333333333334
25 0.52421875 0.28958333333333336 0.013020833333333334 0.035833333333333335
24 0.6135416666666667 0.31958333333333333 0.01875 0.0375
23 0.81328125 0.3858333333333333 0.0265625 0.056666666666666664
68 0.22630208333333332 0.2579166666666667 0.016145833333333335 0.0325
69 0.14713541666666666 0.25666666666666665 0.0140625 0.03
70 0.06432291666666666 0.25916666666666666 0.0140625 0.03
77 0.01484375 0.33166666666666667 0.025520833333333333 0.06
78 0.07916666666666666 0.3575 0.030208333333333334 0.06666666666666667
67 0.29270833333333335 0.2625 0.014583333333333334 0.03333333333333333
66 0.34375 0.27 0.014583333333333334 0.035
65 0.3572916666666667 0.27666666666666667 0.015625 0.035
64 0.4317708333333333 0.3025 0.020833333333333332 0.045
63 0.56796875 0.3670833333333333 0.030729166666666665 0.0675
62 0.878125 0.54375 0.058333333333333334 0.12083333333333333
28 0.29609375 0.25416666666666665 0.008854166666666666 0.025
