38 0.6611979166666667 0.6245833333333334 0.06822916666666666 0.16916666666666666
78 0.37265625 0.4579166666666667 0.0578125 0.1125
77 0.253125 0.3779166666666667 0.040625 0.08416666666666667
76 0.15859375 0.3279166666666667 0.030729166666666665 0.06583333333333333
75 0.08098958333333334 0.30791666666666667 0.027604166666666666 0.0525
74 0.03203125 0.29541666666666666 0.021354166666666667 0.0475
73 0.06276041666666667 0.275 0.018229166666666668 0.04
72 0.12317708333333334 0.26708333333333334 0.0171875 0.0375
71 0.20651041666666667 0.2608333333333333 0.0171875 0.03666666666666667
70 0.3 0.25833333333333336 0.015625 0.03166666666666667
69 0.39505208333333336 0.2625 0.0140625 0.03333333333333333
68 0.4901041666666667 0.27166666666666667 0.014583333333333334 0.03666666666666667
67 0.5713541666666667 0.28375 0.01875 0.0375
66 0.6403645833333333 0.2995833333333333 0.0171875 0.03916666666666667
65 0.66875 0.31125 0.020833333333333332 0.04416666666666667
64 0.81953125 0.37 0.0296875 0.06166666666666667
31 0.146875 0.24916666666666668 0.010416666666666666 0.028333333333333332
32 0.011197916666666667 0.2579166666666667 0.011979166666666667 0.034166666666666665
29 0.41822916666666665 0.25583333333333336 0.010416666666666666 0.028333333333333332
28 0.5638020833333334 0.27 0.0109375 0.03
27 0.6799479166666667 0.2891666666666667 0.013020833333333334 0.03333333333333333
26 0.80703125 0.3204166666666667 0.015104166666666667 0.035833333333333335
25 0.8713541666666667 0.34458333333333335 0.017708333333333333 0.04083333333333333
