64 0.77734375 0.73375 0.08697916666666666 0.19916666666666666
63 0.39088541666666665 0.405 0.034895833333333334 0.08166666666666667
62 0.34036458333333336 0.33 0.024479166666666666 0.051666666666666666
38 0.6997395833333333 0.3933333333333333 0.0265625 0.06333333333333334
61 0.30572916666666666 0.29375 0.01875 0.0425
78 0.9028645833333333 0.44458333333333333 0.0328125 0.0725
39 0.5174479166666667 0.34875 0.025520833333333333 0.05583333333333333
40 0.39348958333333334 0.2995833333333333 0.0171875 0.035833333333333335
60 0.29609375 0.27875 0.013020833333333334 0.029166666666666667
41 0.3653645833333333 0.27875 0.0140625 0.035833333333333335
42 0.3450520833333333 0.2679166666666667 0.011979166666666667 0.030833333333333334
0 0.8153645833333333 0.38916666666666666 0.018229166666666668 0.043333333333333335
58 0.2890625 0.2629166666666667 0.010416666666666666 0.029166666666666667
43 0.3359375 0.26 0.011458333333333333 0.028333333333333332
44 0.32473958333333336 0.2554166666666667 0.0109375 0.025833333333333333
57 0.271875 0.26208333333333333 0.009375 0.020833333333333332
56 0.23307291666666666 0.25875 0.0109375 0.025833333333333333
20 0.17682291666666666 0.27791666666666665 0.009895833333333333 0.029166666666666667
23 0.014322916666666666 0.4066666666666667 0.0265625 0.075
21 0.15052083333333333 0.29333333333333333 0.0125 0.03666666666666667
22 0.12161458333333333 0.3275 0.019270833333333334 0.04666666666666667
1 0.6736979166666667 0.35 0.0234375 0.043333333333333335
2 0.5416666666666666 0.31083333333333335 0.013541666666666667 0.03333333333333333
3 0.48020833333333335 0.28583333333333333 0.011458333333333333 0.03
4 0.44192708333333336 0.27375 0.009895833333333333 0.025833333333333333
5 0.41458333333333336 0.265 0.009375 0.025
7 0.38385416666666666 0.25333333333333335 0.007291666666666667 0.023333333333333334
6 0.40703125 0.25333333333333335 0.0067708333333333336 0.021666666666666667
47 0.24583333333333332 0.24583333333333332 0.009375 0.023333333333333334
45 0.31197916666666664 0.25083333333333335 0.009375 0.02666666666666667
19 0.18411458333333333 0.2658333333333333 0.008854166666666666 0.03166666666666667
