64 0.8526041666666667 0.8054166666666667 0.10104166666666667 0.2275
63 0.3963541666666667 0.41458333333333336 0.035416666666666666 0.0825
62 0.34088541666666666 0.3325 0.0234375 0.05
38 0.7145833333333333 0.39916666666666667 0.029166666666666667 0.06666666666666667
61 0.3046875 0.2975 0.014583333333333334 0.04
78 0.92734375 0.4558333333333333 0.0328125 0.07166666666666667
39 0.5229166666666667 0.3516666666666667 0.028125 0.058333333333333334
40 0.39401041666666664 0.3 0.0171875 0.041666666666666664
60 0.2942708333333333 0.2783333333333333 0.013541666666666667 0.03
41 0.3653645833333333 0.27958333333333335 0.0140625 0.034166666666666665
42 0.34453125 0.26666666666666666 0.013020833333333334 0.03333333333333333
0 0.8299479166666667 0.39458333333333334 0.0171875 0.04583333333333333
58 0.2875 0.2658333333333333 0.009375 0.025
44 0.3223958333333333 0.25416666666666665 0.010416666666666666 0.02666666666666667
43 0.3333333333333333 0.26166666666666666 0.0125 0.025
57 0.26979166666666665 0.26166666666666666 0.008333333333333333 0.02
56 0.22864583333333333 0.25833333333333336 0.0125 0.025
20 0.1734375 0.27708333333333335 0.010416666666666666 0.0275
21 0.14609375 0.2941666666666667 0.011979166666666667 0.03666666666666667
22 0.11536458333333334 0.32958333333333334 0.019270833333333334 0.049166666666666664
1 0.6828125 0.35291666666666666 0.019791666666666666 0.04416666666666667
2 0.5442708333333334 0.31375 0.014583333333333334 0.034166666666666665
3 0.48098958333333336 0.28708333333333336 0.011979166666666667 0.030833333333333334
4 0.44140625 0.275 0.009895833333333333 0.023333333333333334
5 0.4127604166666667 0.2658333333333333 0.008854166666666666 0.025
7 0.38229166666666664 0.25458333333333333 0.007291666666666667 0.020833333333333332
6 0.40572916666666664 0.2554166666666667 0.008333333333333333 0.0225
47 0.24348958333333334 0.24708333333333332 0.0078125 0.019166666666666665
45 0.3106770833333333 0.2504166666666667 0.009895833333333333 0.025833333333333333
19 0.18072916666666666 0.2658333333333333 0.008333333333333333 0.02666666666666667
