42 0.553125 0.40875 0.03854166666666667 0.07916666666666666
43 0.41041666666666665 0.33 0.022916666666666665 0.051666666666666666
60 0.7510416666666667 0.86125 0.10729166666666666 0.26416666666666666
58 0.35520833333333335 0.40958333333333335 0.0375 0.0875
44 0.3453125 0.29875 0.017708333333333333 0.0425
57 0.26197916666666665 0.3591666666666667 0.03333333333333333 0.06833333333333333
45 0.30911458333333336 0.2891666666666667 0.015104166666666667 0.03833333333333333
46 0.24921875 0.28 0.016145833333333335 0.035
47 0.1734375 0.27666666666666667 0.015625 0.03166666666666667
56 0.13541666666666666 0.3358333333333333 0.027083333333333334 0.056666666666666664
4 0.8309895833333333 0.42625 0.025520833333333333 0.0625
5 0.59921875 0.34541666666666665 0.018229166666666668 0.04416666666666667
6 0.5114583333333333 0.29875 0.0125 0.0375
7 0.4421875 0.2941666666666667 0.011458333333333333 0.03
8 0.34088541666666666 0.2775 0.0109375 0.02666666666666667
9 0.22395833333333334 0.26708333333333334 0.009375 0.029166666666666667
10 0.09817708333333333 0.27 0.008854166666666666 0.02666666666666667
48 0.08802083333333334 0.27708333333333335 0.011458333333333333 0.0325
