63 0.7981770833333334 0.8133333333333334 0.0953125 0.22166666666666668
62 0.4283854166666667 0.40875 0.034895833333333334 0.0825
39 0.7393229166666667 0.4525 0.04635416666666667 0.08666666666666667
40 0.45625 0.33 0.025 0.055
61 0.33203125 0.32208333333333333 0.021354166666666667 0.05416666666666667
60 0.3059895833333333 0.29083333333333333 0.016145833333333335 0.041666666666666664
41 0.39609375 0.29375 0.018229166666666668 0.0425
42 0.3611979166666667 0.275 0.0140625 0.035
43 0.3411458333333333 0.26375 0.0125 0.029166666666666667
58 0.2911458333333333 0.27125 0.011458333333333333 0.030833333333333334
44 0.3255208333333333 0.255 0.011458333333333333 0.02666666666666667
57 0.2682291666666667 0.2675 0.0125 0.03
45 0.309375 0.2529166666666667 0.010416666666666666 0.029166666666666667
56 0.21979166666666666 0.26125 0.0125 0.0325
20 0.15026041666666667 0.28958333333333336 0.013020833333333334 0.035833333333333335
21 0.10911458333333333 0.32125 0.018229166666666668 0.0475
22 0.04375 0.4058333333333333 0.03229166666666667 0.08166666666666667
1 0.9013020833333333 0.4320833333333333 0.030729166666666665 0.0625
2 0.65625 0.34833333333333333 0.01875 0.04666666666666667
3 0.5419270833333333 0.30583333333333335 0.0140625 0.03333333333333333
4 0.47734375 0.285 0.013020833333333334 0.03
5 0.4354166666666667 0.26916666666666667 0.009375 0.028333333333333332
6 0.41953125 0.2579166666666667 0.0078125 0.024166666666666666
8 0.33515625 0.24916666666666668 0.0078125 0.021666666666666667
7 0.39036458333333335 0.25958333333333333 0.009895833333333333 0.0225
47 0.23203125 0.24666666666666667 0.008854166666666666 0.025
46 0.27760416666666665 0.2475 0.009375 0.025
19 0.16041666666666668 0.2725 0.010416666666666666 0.03
18 0.13203125 0.27125 0.008854166666666666 0.030833333333333334
17 0.04192708333333333 0.2675 0.0078125 0.028333333333333332
