64 0.64921875 0.595 0.059895833333333336 0.15333333333333332
63 0.3924479166666667 0.3770833333333333 0.0328125 0.07916666666666666
62 0.35520833333333335 0.32 0.019791666666666666 0.045
38 0.68125 0.3754166666666667 0.028125 0.060833333333333336
61 0.3260416666666667 0.28833333333333333 0.015625 0.03333333333333333
78 0.8622395833333333 0.42125 0.030729166666666665 0.06916666666666667
39 0.5171875 0.33666666666666667 0.022916666666666665 0.05333333333333334
40 0.409375 0.2920833333333333 0.015625 0.03916666666666667
60 0.3182291666666667 0.27166666666666667 0.011458333333333333 0.03
41 0.38567708333333334 0.2733333333333333 0.013020833333333334 0.03166666666666667
42 0.36796875 0.2629166666666667 0.013020833333333334 0.029166666666666667
0 0.7994791666666666 0.3770833333333333 0.016666666666666666 0.04083333333333333
43 0.3578125 0.2575 0.0125 0.02666666666666667
56 0.2578125 0.25416666666666665 0.009375 0.025
57 0.29609375 0.25875 0.008854166666666666 0.0225
20 0.20546875 0.2708333333333333 0.008854166666666666 0.028333333333333332
23 0.06276041666666667 0.38 0.030729166666666665 0.06833333333333333
21 0.18098958333333334 0.28458333333333335 0.009895833333333333 0.0325
22 0.15416666666666667 0.31583333333333335 0.016666666666666666 0.043333333333333335
1 0.6697916666666667 0.33958333333333335 0.015625 0.04416666666666667
2 0.54921875 0.30541666666666667 0.013020833333333334 0.030833333333333334
3 0.49505208333333334 0.2808333333333333 0.011979166666666667 0.028333333333333332
4 0.46041666666666664 0.26875 0.009375 0.025833333333333333
5 0.43515625 0.26208333333333333 0.0078125 0.020833333333333332
7 0.40651041666666665 0.2520833333333333 0.0078125 0.020833333333333332
44 0.34817708333333336 0.25125 0.009895833333333333 0.0225
6 0.4296875 0.2520833333333333 0.008333333333333333 0.024166666666666666
47 0.27239583333333334 0.24375 0.008333333333333333 0.0225
45 0.33697916666666666 0.24666666666666667 0.009375 0.025
19 0.21197916666666666 0.26166666666666666 0.008333333333333333 0.025
58 0.31328125 0.2608333333333333 0.009895833333333333 0.02666666666666667
