77 0.7955729166666666 0.69625 0.08697916666666666 0.20416666666666666
76 0.4861979166666667 0.46416666666666667 0.050520833333333334 0.11
75 0.33958333333333335 0.3975 0.035416666666666666 0.07833333333333334
74 0.265625 0.3595833333333333 0.029166666666666667 0.06416666666666666
73 0.30494791666666665 0.32666666666666666 0.022395833333333334 0.051666666666666666
72 0.38255208333333335 0.31416666666666665 0.019270833333333334 0.04666666666666667
71 0.4817708333333333 0.30833333333333335 0.019791666666666666 0.043333333333333335
70 0.5984375 0.31166666666666665 0.01875 0.03833333333333333
69 0.7177083333333333 0.3225 0.017708333333333333 0.04
68 0.83984375 0.3416666666666667 0.019270833333333334 0.043333333333333335
67 0.9546875 0.36625 0.019791666666666666 0.0425
31 0.40208333333333335 0.28833333333333333 0.011458333333333333 0.03333333333333333
32 0.24088541666666666 0.29333333333333333 0.013020833333333334 0.03833333333333333
33 0.103125 0.30916666666666665 0.017708333333333333 0.043333333333333335
30 0.5875 0.29833333333333334 0.014583333333333334 0.03
28 0.91015625 0.33875 0.015104166666666667 0.035833333333333335
29 0.7291666666666666 0.31083333333333335 0.011458333333333333 0.03333333333333333
