58 0.7802083333333333 0.81 0.10416666666666667 0.23166666666666666
43 0.6151041666666667 0.39791666666666664 0.03958333333333333 0.07416666666666667
44 0.47369791666666666 0.32208333333333333 0.0234375 0.049166666666666664
57 0.41848958333333336 0.50375 0.0578125 0.12583333333333332
45 0.41822916666666665 0.30333333333333334 0.022916666666666665 0.04833333333333333
46 0.3385416666666667 0.28875 0.022916666666666665 0.0425
47 0.24088541666666666 0.2833333333333333 0.0203125 0.041666666666666664
56 0.17369791666666667 0.4191666666666667 0.043229166666666666 0.09166666666666666
5 0.8770833333333333 0.4175 0.026041666666666668 0.06
6 0.68984375 0.32708333333333334 0.015104166666666667 0.0425
7 0.5838541666666667 0.3104166666666667 0.015625 0.03916666666666667
8 0.44895833333333335 0.28291666666666665 0.013541666666666667 0.035833333333333335
9 0.30416666666666664 0.26958333333333334 0.011458333333333333 0.034166666666666665
10 0.14947916666666666 0.2704166666666667 0.0125 0.034166666666666665
48 0.134375 0.28458333333333335 0.017708333333333333 0.03916666666666667
49 0.0234375 0.28791666666666665 0.011458333333333333 0.034166666666666665
