5 0.1921875 0.40166666666666667 0.03333333333333333 0.08166666666666667
4 0.2981770833333333 0.31583333333333335 0.0203125 0.04666666666666667
19 0.846875 0.36083333333333334 0.015625 0.03833333333333333
18 0.9598958333333333 0.39625 0.016666666666666666 0.0475
21 0.6638020833333333 0.2920833333333333 0.011979166666666667 0.025833333333333333
20 0.7283854166666667 0.31416666666666665 0.0109375 0.03333333333333333
22 0.6174479166666667 0.2758333333333333 0.009895833333333333 0.02666666666666667
39 0.4505208333333333 0.2633333333333333 0.014583333333333334 0.028333333333333332
40 0.4828125 0.275 0.014583333333333334 0.03166666666666667
26 0.53671875 0.24916666666666668 0.009895833333333333 0.021666666666666667
23 0.5911458333333334 0.26625 0.010416666666666666 0.0225
25 0.5458333333333333 0.2520833333333333 0.008333333333333333 0.0225
67 0.4432291666666667 0.24166666666666667 0.010416666666666666 0.021666666666666667
69 0.371875 0.23791666666666667 0.010416666666666666 0.020833333333333332
29 0.3807291666666667 0.23416666666666666 0.007291666666666667 0.021666666666666667
64 0.48880208333333336 0.25125 0.013020833333333334 0.0225
63 0.5098958333333333 0.25916666666666666 0.013541666666666667 0.02666666666666667
62 0.521875 0.26625 0.013541666666666667 0.0275
24 0.5604166666666667 0.25958333333333333 0.009375 0.020833333333333332
61 0.5510416666666667 0.28 0.016666666666666666 0.03333333333333333
60 0.58359375 0.29583333333333334 0.0203125 0.04
58 0.6424479166666667 0.32958333333333334 0.024479166666666666 0.05583333333333333
41 0.4953125 0.28958333333333336 0.01875 0.03916666666666667
42 0.5205729166666667 0.32083333333333336 0.027604166666666666 0.056666666666666664
68 0.40989583333333335 0.23958333333333334 0.010416666666666666 0.0175
57 0.7328125 0.36625 0.030208333333333334 0.0625
43 0.57265625 0.41125 0.04010416666666667 0.08583333333333333
56 0.9255208333333333 0.41875 0.030208333333333334 0.06583333333333333
78 0.37604166666666666 0.2525 0.011458333333333333 0.025
77 0.3489583333333333 0.25125 0.0125 0.025833333333333333
2 0.3671875 0.26916666666666667 0.011458333333333333 0.03166666666666667
3 0.3411458333333333 0.28625 0.014583333333333334 0.0375
