76 0.6619791666666667 0.5645833333333333 0.06145833333333333 0.1425
75 0.4375 0.44416666666666665 0.04583333333333333 0.09666666666666666
74 0.3375 0.38875 0.03229166666666667 0.0775
73 0.37734375 0.34375 0.0265625 0.05583333333333333
72 0.4596354166666667 0.33 0.021354166666666667 0.04833333333333333
71 0.5671875 0.32375 0.020833333333333332 0.04416666666666667
70 0.69140625 0.32708333333333334 0.019270833333333334 0.0425
69 0.8208333333333333 0.34458333333333335 0.017708333333333333 0.03916666666666667
68 0.9557291666666666 0.3641666666666667 0.020833333333333332 0.045
31 0.47421875 0.29791666666666666 0.013020833333333334 0.035833333333333335
32 0.30130208333333336 0.30333333333333334 0.016145833333333335 0.04
33 0.14973958333333334 0.3204166666666667 0.019270833333333334 0.04416666666666667
30 0.67109375 0.31166666666666665 0.0140625 0.03333333333333333
29 0.8236979166666667 0.32916666666666666 0.0140625 0.03333333333333333
