32 0.042708333333333334 0.25083333333333335 0.0125 0.028333333333333332
31 0.17291666666666666 0.24291666666666667 0.011458333333333333 0.0325
30 0.32526041666666666 0.24625 0.008854166666666666 0.0275
29 0.4388020833333333 0.24916666666666668 0.0109375 0.028333333333333332
28 0.58125 0.26625 0.011458333333333333 0.0275
27 0.69375 0.28583333333333333 0.0125 0.03166666666666667
38 0.5768229166666666 0.5641666666666667 0.0578125 0.15
78 0.35442708333333334 0.43166666666666664 0.0515625 0.10333333333333333
64 0.80625 0.3591666666666667 0.029166666666666667 0.058333333333333334
26 0.815625 0.3154166666666667 0.017708333333333333 0.035833333333333335
25 0.87421875 0.3383333333333333 0.018229166666666668 0.045
68 0.50546875 0.2675 0.019270833333333334 0.03
69 0.41510416666666666 0.25833333333333336 0.014583333333333334 0.035
70 0.3216145833333333 0.2525 0.0140625 0.03833333333333333
71 0.23020833333333332 0.2554166666666667 0.01875 0.0375
72 0.15026041666666667 0.26 0.0171875 0.03833333333333333
73 0.08984375 0.2679166666666667 0.019270833333333334 0.03916666666666667
74 0.06015625 0.285 0.0203125 0.05
75 0.10572916666666667 0.3 0.026041666666666668 0.05
77 0.2552083333333333 0.3591666666666667 0.03854166666666667 0.07333333333333333
76 0.1765625 0.31625 0.030208333333333334 0.060833333333333336
67 0.58515625 0.28208333333333335 0.018229166666666668 0.0375
66 0.64921875 0.29541666666666666 0.0203125 0.03916666666666667
65 0.67265625 0.30625 0.0203125 0.0425
