5 0.18463541666666666 0.4025 0.03177083333333333 0.08166666666666667
4 0.29192708333333334 0.3175 0.021354166666666667 0.04666666666666667
19 0.8432291666666667 0.3591666666666667 0.015625 0.041666666666666664
18 0.9557291666666666 0.3954166666666667 0.017708333333333333 0.04583333333333333
21 0.659375 0.2925 0.010416666666666666 0.03
20 0.7231770833333333 0.3145833333333333 0.011979166666666667 0.034166666666666665
22 0.61171875 0.2758333333333333 0.008854166666666666 0.02666666666666667
39 0.44479166666666664 0.2633333333333333 0.013541666666666667 0.03
40 0.47682291666666665 0.27416666666666667 0.015104166666666667 0.03333333333333333
26 0.5307291666666667 0.24875 0.008333333333333333 0.020833333333333332
23 0.58515625 0.2654166666666667 0.008854166666666666 0.0275
25 0.5388020833333333 0.2525 0.0067708333333333336 0.023333333333333334
67 0.43645833333333334 0.24333333333333335 0.007291666666666667 0.018333333333333333
69 0.3658854166666667 0.23666666666666666 0.0109375 0.021666666666666667
29 0.375 0.23458333333333334 0.008333333333333333 0.019166666666666665
64 0.48359375 0.25125 0.011979166666666667 0.019166666666666665
63 0.5033854166666667 0.25916666666666666 0.013020833333333334 0.02666666666666667
62 0.515625 0.2675 0.013541666666666667 0.025
24 0.5557291666666667 0.26 0.010416666666666666 0.02
61 0.5453125 0.28 0.015625 0.03333333333333333
60 0.578125 0.2966666666666667 0.01875 0.03833333333333333
58 0.63828125 0.3333333333333333 0.022395833333333334 0.055
41 0.48880208333333336 0.29041666666666666 0.0203125 0.0375
42 0.5143229166666666 0.32166666666666666 0.0265625 0.055
68 0.40546875 0.23958333333333334 0.0078125 0.0175
57 0.7302083333333333 0.36583333333333334 0.03125 0.06333333333333334
43 0.5700520833333333 0.41458333333333336 0.0390625 0.08583333333333333
56 0.9239583333333333 0.42083333333333334 0.030208333333333334 0.06666666666666667
78 0.37109375 0.2525 0.0140625 0.028333333333333332
77 0.3424479166666667 0.2504166666666667 0.011979166666666667 0.025833333333333333
2 0.3606770833333333 0.2704166666666667 0.0109375 0.030833333333333334
3 0.3359375 0.28458333333333335 0.014583333333333334 0.035833333333333335
