78 0.8122395833333333 0.7745833333333333 0.12135416666666667 0.23416666666666666
77 0.5005208333333333 0.5029166666666667 0.0625 0.12916666666666668
76 0.34140625 0.39166666666666666 0.0390625 0.08333333333333333
75 0.23776041666666667 0.3541666666666667 0.03177083333333333 0.06666666666666667
74 0.17890625 0.3283333333333333 0.025520833333333333 0.056666666666666664
73 0.21744791666666666 0.30125 0.0234375 0.04583333333333333
72 0.28619791666666666 0.29541666666666666 0.019270833333333334 0.0425
71 0.37838541666666664 0.29041666666666666 0.018229166666666668 0.03916666666666667
70 0.484375 0.29291666666666666 0.014583333333333334 0.034166666666666665
69 0.5927083333333333 0.3020833333333333 0.015625 0.0375
68 0.7018229166666666 0.31875 0.018229166666666668 0.04083333333333333
67 0.8002604166666667 0.3383333333333333 0.019270833333333334 0.043333333333333335
66 0.890625 0.3625 0.021875 0.04666666666666667
65 0.9395833333333333 0.38125 0.021875 0.049166666666666664
31 0.309375 0.2733333333333333 0.013541666666666667 0.03166666666666667
32 0.16067708333333333 0.27666666666666667 0.0109375 0.035
33 0.036458333333333336 0.29041666666666666 0.015625 0.0375
30 0.48046875 0.28 0.011979166666666667 0.03
28 0.7747395833333334 0.31666666666666665 0.015104166666666667 0.03333333333333333
27 0.9145833333333333 0.34791666666666665 0.015625 0.035833333333333335
29 0.6114583333333333 0.2925 0.0125 0.03
