42 0.9497395833333333 0.6175 0.0671875 0.14666666666666667
43 0.5419270833333333 0.38125 0.0328125 0.06583333333333333
58 0.6140625 0.68 0.08333333333333333 0.19333333333333333
44 0.42083333333333334 0.31916666666666665 0.019791666666666666 0.045
57 0.3463541666666667 0.46708333333333335 0.05520833333333333 0.10916666666666666
45 0.36953125 0.30125 0.0203125 0.04416666666666667
46 0.29322916666666665 0.28833333333333333 0.01875 0.043333333333333335
47 0.19791666666666666 0.28208333333333335 0.019791666666666666 0.04416666666666667
56 0.13489583333333333 0.4025 0.041666666666666664 0.08333333333333333
5 0.7934895833333333 0.40125 0.024479166666666666 0.059166666666666666
6 0.6278645833333333 0.32166666666666666 0.0140625 0.04
7 0.5283854166666667 0.3075 0.015104166666666667 0.03333333333333333
8 0.4010416666666667 0.2833333333333333 0.0125 0.03333333333333333
9 0.2609375 0.26958333333333334 0.0125 0.0325
10 0.11015625 0.2725 0.011979166666666667 0.03333333333333333
48 0.09453125 0.2875 0.0171875 0.04
