42 0.78984375 0.53875 0.05572916666666667 0.12583333333333332
43 0.48020833333333335 0.36583333333333334 0.03125 0.06333333333333334
58 0.4903645833333333 0.5725 0.07552083333333333 0.15333333333333332
44 0.37604166666666666 0.3125 0.019791666666666666 0.04666666666666667
57 0.29635416666666664 0.43333333333333335 0.05 0.1
45 0.32864583333333336 0.29875 0.01875 0.0425
46 0.25729166666666664 0.28625 0.01875 0.0425
47 0.16796875 0.285 0.019270833333333334 0.04
56 0.10911458333333333 0.3854166666666667 0.03697916666666667 0.0775
5 0.7153645833333333 0.38125 0.021354166666666667 0.05416666666666667
6 0.5736979166666667 0.3120833333333333 0.013020833333333334 0.0375
7 0.4822916666666667 0.30291666666666667 0.013541666666666667 0.034166666666666665
8 0.3609375 0.2825 0.011458333333333333 0.03
9 0.22682291666666668 0.26958333333333334 0.0109375 0.0325
10 0.08229166666666667 0.27375 0.010416666666666666 0.0325
48 0.06822916666666666 0.28625 0.014583333333333334 0.035833333333333335
