39 0.87890625 0.7225 0.08072916666666667 0.2
38 0.41953125 0.46541666666666665 0.04114583333333333 0.11083333333333334
78 0.25234375 0.39 0.04010416666666667 0.08166666666666667
77 0.16354166666666667 0.3433333333333333 0.03333333333333333 0.07
76 0.08645833333333333 0.31125 0.026041666666666668 0.05583333333333333
75 0.01640625 0.2991666666666667 0.0234375 0.04833333333333333
72 0.04869791666666667 0.2629166666666667 0.016145833333333335 0.0375
71 0.12473958333333333 0.25458333333333333 0.0171875 0.035833333333333335
70 0.21276041666666667 0.2529166666666667 0.013020833333333334 0.029166666666666667
69 0.30104166666666665 0.25458333333333333 0.0125 0.0325
68 0.3875 0.2604166666666667 0.013541666666666667 0.030833333333333334
67 0.4609375 0.27125 0.013541666666666667 0.030833333333333334
66 0.5197916666666667 0.28125 0.016666666666666666 0.034166666666666665
65 0.540625 0.28875 0.016666666666666666 0.04083333333333333
64 0.64921875 0.32958333333333334 0.024479166666666666 0.05416666666666667
63 0.871875 0.43875 0.041666666666666664 0.08583333333333333
31 0.06848958333333334 0.24666666666666667 0.009895833333333333 0.028333333333333332
29 0.32421875 0.24666666666666667 0.009895833333333333 0.028333333333333332
28 0.4591145833333333 0.25583333333333336 0.0109375 0.028333333333333332
27 0.5653645833333333 0.27291666666666664 0.011979166666666667 0.0275
26 0.67578125 0.2975 0.0140625 0.035
25 0.725 0.3129166666666667 0.016666666666666666 0.0375
24 0.8510416666666667 0.3620833333333333 0.020833333333333332 0.0475
