64 0.6869791666666667 0.64125 0.07395833333333333 0.1725
63 0.38776041666666666 0.39166666666666666 0.0296875 0.075
62 0.3463541666666667 0.325 0.020833333333333332 0.05
38 0.68515625 0.3829166666666667 0.027604166666666666 0.060833333333333336
61 0.3151041666666667 0.2920833333333333 0.016666666666666666 0.04083333333333333
78 0.875 0.4320833333333333 0.030208333333333334 0.06916666666666667
39 0.5143229166666666 0.34375 0.024479166666666666 0.0475
40 0.4002604166666667 0.2970833333333333 0.0171875 0.03916666666666667
60 0.3067708333333333 0.27708333333333335 0.0125 0.0275
41 0.3736979166666667 0.27666666666666667 0.0140625 0.03333333333333333
42 0.35598958333333336 0.2658333333333333 0.011979166666666667 0.03166666666666667
0 0.80234375 0.3829166666666667 0.018229166666666668 0.04416666666666667
43 0.3458333333333333 0.2608333333333333 0.011458333333333333 0.02666666666666667
44 0.33645833333333336 0.25333333333333335 0.010416666666666666 0.023333333333333334
56 0.24505208333333334 0.2575 0.0109375 0.025
57 0.28359375 0.26125 0.011979166666666667 0.025833333333333333
20 0.19114583333333332 0.27458333333333335 0.009375 0.030833333333333334
23 0.04088541666666667 0.38875 0.03177083333333333 0.07083333333333333
21 0.16588541666666667 0.29041666666666666 0.0109375 0.0375
22 0.13854166666666667 0.32 0.016666666666666666 0.04666666666666667
1 0.6684895833333333 0.345 0.0171875 0.04
2 0.5432291666666667 0.30875 0.0125 0.0325
3 0.4859375 0.2841666666666667 0.010416666666666666 0.028333333333333332
4 0.45 0.2704166666666667 0.010416666666666666 0.025833333333333333
5 0.4231770833333333 0.26375 0.009895833333333333 0.0225
7 0.39427083333333335 0.2529166666666667 0.007291666666666667 0.020833333333333332
6 0.41692708333333334 0.25416666666666665 0.0067708333333333336 0.02
47 0.25703125 0.24583333333333332 0.009895833333333333 0.023333333333333334
45 0.32421875 0.24958333333333332 0.009895833333333333 0.0225
19 0.19765625 0.26375 0.0078125 0.0275
58 0.30052083333333335 0.26458333333333334 0.008333333333333333 0.029166666666666667
