62 0.46145833333333336 0.44416666666666665 0.040625 0.09666666666666666
39 0.828125 0.4920833333333333 0.053125 0.1025
40 0.47109375 0.34041666666666665 0.0265625 0.060833333333333336
61 0.33567708333333335 0.335 0.0234375 0.06166666666666667
60 0.3026041666666667 0.2975 0.01875 0.045
41 0.39947916666666666 0.30083333333333334 0.01875 0.043333333333333335
42 0.35833333333333334 0.2791666666666667 0.015625 0.03666666666666667
43 0.33619791666666665 0.26625 0.011979166666666667 0.0325
58 0.28489583333333335 0.27708333333333335 0.013541666666666667 0.035833333333333335
44 0.31927083333333334 0.26166666666666666 0.008333333333333333 0.02666666666666667
57 0.26067708333333334 0.27291666666666664 0.011979166666666667 0.0325
45 0.3020833333333333 0.25958333333333333 0.0125 0.030833333333333334
56 0.20833333333333334 0.2675 0.013541666666666667 0.03
20 0.13489583333333333 0.29875 0.014583333333333334 0.04083333333333333
21 0.0875 0.33875 0.021875 0.05416666666666667
1 0.9786458333333333 0.44916666666666666 0.028125 0.065
2 0.6875 0.3570833333333333 0.020833333333333332 0.0475
3 0.5528645833333333 0.3075 0.015104166666666667 0.035
4 0.48072916666666665 0.28708333333333336 0.0125 0.030833333333333334
5 0.43333333333333335 0.2733333333333333 0.009375 0.025
6 0.41510416666666666 0.25875 0.009375 0.025833333333333333
8 0.32786458333333335 0.2520833333333333 0.0078125 0.0225
7 0.3859375 0.25958333333333333 0.007291666666666667 0.0225
47 0.22213541666666667 0.25 0.008854166666666666 0.025
46 0.26953125 0.2529166666666667 0.009895833333333333 0.029166666666666667
19 0.146875 0.27958333333333335 0.009375 0.034166666666666665
18 0.11744791666666667 0.2791666666666667 0.008854166666666666 0.03166666666666667
17 0.022395833333333334 0.27875 0.009375 0.029166666666666667
