7 0.05546875 0.51375 0.0515625 0.1125
6 0.40260416666666665 0.3829166666666667 0.028125 0.07416666666666667
5 0.7265625 0.35541666666666666 0.019791666666666666 0.050833333333333335
4 0.840625 0.3283333333333333 0.016666666666666666 0.04
45 0.7763020833333333 0.625 0.0640625 0.155
44 0.83359375 0.4845833333333333 0.04739583333333333 0.10583333333333333
43 0.9583333333333334 0.38375 0.027083333333333334 0.060833333333333336
78 0.97421875 0.29791666666666666 0.011979166666666667 0.024166666666666666
77 0.9518229166666666 0.29375 0.0109375 0.0225
2 0.94140625 0.3075 0.011979166666666667 0.03
3 0.9010416666666666 0.3125 0.011458333333333333 0.03166666666666667
