38 0.6091145833333333 0.5891666666666666 0.06197916666666667 0.15833333333333333
78 0.346875 0.44333333333333336 0.05520833333333333 0.10666666666666667
77 0.23411458333333332 0.37125 0.04010416666666667 0.07916666666666666
76 0.14427083333333332 0.32458333333333333 0.029166666666666667 0.0625
75 0.06692708333333333 0.30583333333333335 0.024479166666666666 0.051666666666666666
74 0.019791666666666666 0.29041666666666666 0.019791666666666666 0.04583333333333333
73 0.04791666666666667 0.2733333333333333 0.016666666666666666 0.04
72 0.10807291666666667 0.2654166666666667 0.016145833333333335 0.03916666666666667
71 0.19036458333333334 0.2579166666666667 0.0171875 0.035833333333333335
70 0.28229166666666666 0.25666666666666665 0.013541666666666667 0.03
69 0.3768229166666667 0.26 0.0140625 0.035
68 0.4700520833333333 0.2683333333333333 0.016145833333333335 0.03666666666666667
67 0.55078125 0.28125 0.016145833333333335 0.034166666666666665
66 0.61796875 0.29625 0.019270833333333334 0.0375
65 0.6447916666666667 0.30625 0.01875 0.0425
64 0.7888020833333333 0.3591666666666667 0.027604166666666666 0.06166666666666667
31 0.13125 0.24833333333333332 0.010416666666666666 0.028333333333333332
29 0.40078125 0.25083333333333335 0.0109375 0.028333333333333332
28 0.5440104166666667 0.2658333333333333 0.0109375 0.02666666666666667
27 0.6588541666666666 0.2866666666666667 0.013541666666666667 0.03
26 0.78359375 0.3145833333333333 0.016145833333333335 0.034166666666666665
25 0.8453125 0.33791666666666664 0.016666666666666666 0.0375
