11 0.98203125 0.4 0.0140625 0.043333333333333335
12 0.7828125 0.37416666666666665 0.011458333333333333 0.04
13 0.5552083333333333 0.36791666666666667 0.01875 0.050833333333333335
14 0.33880208333333334 0.3779166666666667 0.021354166666666667 0.05583333333333333
15 0.059895833333333336 0.43166666666666664 0.034375 0.08166666666666667
50 0.9049479166666666 0.42625 0.015104166666666667 0.0475
51 0.7609375 0.42625 0.01875 0.0575
52 0.6377604166666667 0.4429166666666667 0.0265625 0.08083333333333333
53 0.5591145833333333 0.5008333333333334 0.027604166666666666 0.08666666666666667
54 0.6057291666666667 0.6408333333333334 0.053125 0.15333333333333332
