39 0.8643229166666667 0.7091666666666666 0.08802083333333334 0.19666666666666666
38 0.4114583333333333 0.46625 0.04895833333333333 0.11916666666666667
78 0.246875 0.38708333333333333 0.036458333333333336 0.08083333333333333
77 0.16171875 0.34 0.0296875 0.065
76 0.08359375 0.30916666666666665 0.024479166666666666 0.05333333333333334
75 0.013020833333333334 0.2966666666666667 0.022916666666666665 0.04833333333333333
72 0.046875 0.2629166666666667 0.017708333333333333 0.034166666666666665
71 0.12213541666666666 0.255 0.015104166666666667 0.03333333333333333
70 0.21015625 0.2520833333333333 0.013020833333333334 0.029166666666666667
69 0.29739583333333336 0.25458333333333333 0.013541666666666667 0.0325
68 0.3848958333333333 0.2608333333333333 0.014583333333333334 0.03333333333333333
67 0.45729166666666665 0.26875 0.014583333333333334 0.034166666666666665
66 0.5166666666666667 0.28041666666666665 0.015625 0.03916666666666667
65 0.5369791666666667 0.28833333333333333 0.016666666666666666 0.04
64 0.6450520833333333 0.3283333333333333 0.0234375 0.055
63 0.8627604166666667 0.43833333333333335 0.04114583333333333 0.085
31 0.06614583333333333 0.24583333333333332 0.010416666666666666 0.03
29 0.32083333333333336 0.24708333333333332 0.010416666666666666 0.0275
28 0.4546875 0.2575 0.0125 0.025
27 0.5611979166666666 0.27375 0.011979166666666667 0.0275
26 0.6705729166666666 0.29625 0.013020833333333334 0.0325
25 0.7200520833333334 0.3125 0.016145833333333335 0.03833333333333333
24 0.8458333333333333 0.36041666666666666 0.020833333333333332 0.04583333333333333
