5 0.14895833333333333 0.41 0.036458333333333336 0.08833333333333333
4 0.26197916666666665 0.3179166666666667 0.020833333333333332 0.0475
19 0.8236979166666667 0.35875 0.016145833333333335 0.0425
18 0.940625 0.395 0.015625 0.04666666666666667
21 0.6356770833333333 0.28958333333333336 0.009895833333333333 0.029166666666666667
20 0.7 0.31375 0.0125 0.034166666666666665
22 0.58515625 0.2725 0.009895833333333333 0.02666666666666667
39 0.4161458333333333 0.26 0.015625 0.03
40 0.44947916666666665 0.27208333333333334 0.016666666666666666 0.034166666666666665
26 0.5020833333333333 0.2475 0.008333333333333333 0.02
23 0.5575520833333333 0.2629166666666667 0.009895833333333333 0.0225
25 0.5106770833333333 0.25083333333333335 0.0078125 0.02
67 0.40911458333333334 0.23958333333333334 0.008854166666666666 0.020833333333333332
69 0.33567708333333335 0.23625 0.0109375 0.0225
29 0.34453125 0.23375 0.0078125 0.0175
64 0.45364583333333336 0.24958333333333332 0.011458333333333333 0.019166666666666665
63 0.4747395833333333 0.2579166666666667 0.013020833333333334 0.025833333333333333
62 0.48802083333333335 0.26375 0.011458333333333333 0.029166666666666667
24 0.52734375 0.25708333333333333 0.0109375 0.019166666666666665
61 0.5177083333333333 0.2783333333333333 0.017708333333333333 0.03666666666666667
60 0.553125 0.29583333333333334 0.017708333333333333 0.04
58 0.6158854166666666 0.32916666666666666 0.025520833333333333 0.055
41 0.4630208333333333 0.28833333333333333 0.017708333333333333 0.04
42 0.49192708333333335 0.3225 0.0265625 0.055
68 0.3763020833333333 0.23958333333333334 0.008854166666666666 0.019166666666666665
38 0.37473958333333335 0.25458333333333333 0.008854166666666666 0.020833333333333332
57 0.7119791666666667 0.36666666666666664 0.03229166666666667 0.065
43 0.5544270833333333 0.42041666666666666 0.04114583333333333 0.09083333333333334
56 0.9130208333333333 0.42 0.03229166666666667 0.06833333333333333
78 0.3416666666666667 0.25125 0.011458333333333333 0.0225
77 0.31302083333333336 0.24916666666666668 0.0125 0.028333333333333332
2 0.33046875 0.2683333333333333 0.0140625 0.03
3 0.30546875 0.2833333333333333 0.016145833333333335 0.03833333333333333
