64 0.5291666666666667 0.42541666666666667 0.041666666666666664 0.09416666666666666
63 0.43802083333333336 0.34 0.022916666666666665 0.056666666666666664
62 0.42630208333333336 0.305 0.015104166666666667 0.03666666666666667
38 0.675 0.34541666666666665 0.020833333333333332 0.050833333333333335
61 0.41067708333333336 0.28125 0.018229166666666668 0.034166666666666665
78 0.80859375 0.37416666666666665 0.025520833333333333 0.056666666666666664
39 0.5557291666666667 0.31833333333333336 0.020833333333333332 0.04666666666666667
40 0.48151041666666666 0.28625 0.0140625 0.0325
41 0.4669270833333333 0.2725 0.013020833333333334 0.03333333333333333
42 0.45546875 0.2654166666666667 0.009895833333333333 0.025833333333333333
0 0.7955729166666666 0.35125 0.015104166666666667 0.03916666666666667
56 0.3575520833333333 0.25458333333333333 0.0109375 0.020833333333333332
57 0.39114583333333336 0.25958333333333333 0.010416666666666666 0.024166666666666666
20 0.30859375 0.2679166666666667 0.008854166666666666 0.0225
24 0.1015625 0.4270833333333333 0.03958333333333333 0.0875
23 0.19895833333333332 0.33458333333333334 0.026041666666666668 0.050833333333333335
21 0.2859375 0.27666666666666667 0.0125 0.03333333333333333
22 0.2630208333333333 0.29791666666666666 0.016666666666666666 0.0375
2 0.60390625 0.29875 0.0109375 0.0275
3 0.565625 0.27791666666666665 0.010416666666666666 0.025833333333333333
4 0.5393229166666667 0.2704166666666667 0.008854166666666666 0.0225
77 0.9768229166666667 0.4175 0.025520833333333333 0.058333333333333334
5 0.5205729166666667 0.2625 0.0067708333333333336 0.02
43 0.4484375 0.25833333333333336 0.008333333333333333 0.02666666666666667
44 0.44166666666666665 0.25458333333333333 0.009375 0.0275
