76 0.75234375 0.6295833333333334 0.07135416666666666 0.16916666666666666
75 0.475 0.4716666666666667 0.04583333333333333 0.10666666666666667
74 0.35989583333333336 0.40166666666666667 0.034375 0.08166666666666667
73 0.39895833333333336 0.35333333333333333 0.027083333333333334 0.058333333333333334
72 0.48333333333333334 0.3383333333333333 0.023958333333333335 0.051666666666666666
71 0.5934895833333333 0.3304166666666667 0.022395833333333334 0.04416666666666667
70 0.72265625 0.3375 0.019270833333333334 0.045
69 0.8557291666666667 0.355 0.017708333333333333 0.043333333333333335
31 0.4947916666666667 0.30375 0.015625 0.034166666666666665
32 0.31666666666666665 0.3075 0.014583333333333334 0.041666666666666664
33 0.15989583333333332 0.325 0.021875 0.04833333333333333
30 0.6973958333333333 0.3175 0.013541666666666667 0.035
29 0.8541666666666666 0.33375 0.0125 0.04083333333333333
