76 0.73828125 0.6183333333333333 0.07135416666666666 0.165
75 0.46953125 0.4675 0.04635416666666667 0.10166666666666667
74 0.3572916666666667 0.4008333333333333 0.034375 0.08
73 0.396875 0.35333333333333333 0.027083333333333334 0.06
72 0.48072916666666665 0.33875 0.022916666666666665 0.0525
71 0.590625 0.3308333333333333 0.022916666666666665 0.045
70 0.7190104166666667 0.33708333333333335 0.021354166666666667 0.0425
69 0.8510416666666667 0.35333333333333333 0.019791666666666666 0.04
68 0.9890625 0.37875 0.017708333333333333 0.049166666666666664
31 0.49270833333333336 0.30583333333333335 0.010416666666666666 0.03333333333333333
32 0.3145833333333333 0.30875 0.015625 0.0425
33 0.15859375 0.3258333333333333 0.022395833333333334 0.04833333333333333
30 0.69453125 0.31833333333333336 0.013020833333333334 0.035
29 0.8502604166666666 0.335 0.0140625 0.035
