47 0.9515625 0.36125 0.027083333333333334 0.0525
10 0.8161458333333333 0.31666666666666665 0.016666666666666666 0.03833333333333333
11 0.6338541666666667 0.28875 0.011458333333333333 0.0375
12 0.46171875 0.26958333333333334 0.009895833333333333 0.0325
13 0.26328125 0.2654166666666667 0.011979166666666667 0.0425
14 0.08385416666666666 0.27666666666666667 0.016666666666666666 0.04666666666666667
49 0.6729166666666667 0.31125 0.010416666666666666 0.034166666666666665
48 0.8096354166666667 0.3308333333333333 0.021354166666666667 0.058333333333333334
50 0.5380208333333333 0.3045833333333333 0.0125 0.0375
51 0.4125 0.3 0.016666666666666666 0.05
52 0.30026041666666664 0.3154166666666667 0.018229166666666668 0.0525
55 0.40625 0.4995833333333333 0.058333333333333334 0.12916666666666668
53 0.221875 0.34291666666666665 0.021875 0.060833333333333336
54 0.21223958333333334 0.39166666666666666 0.025520833333333333 0.08166666666666667
