61 0.43645833333333334 0.5016666666666667 0.05625 0.125
60 0.30078125 0.35041666666666665 0.027604166666666666 0.0675
40 0.715625 0.49541666666666667 0.04791666666666667 0.10416666666666667
41 0.4544270833333333 0.3525 0.03177083333333333 0.06333333333333334
42 0.36041666666666666 0.30833333333333335 0.019791666666666666 0.04666666666666667
43 0.31588541666666664 0.2866666666666667 0.016145833333333335 0.03666666666666667
58 0.2565104166666667 0.30625 0.0203125 0.049166666666666664
44 0.28619791666666666 0.27166666666666667 0.0140625 0.03166666666666667
57 0.21875 0.2941666666666667 0.017708333333333333 0.043333333333333335
45 0.2640625 0.2675 0.0125 0.03
46 0.22239583333333332 0.26375 0.014583333333333334 0.029166666666666667
56 0.14739583333333334 0.28833333333333333 0.014583333333333334 0.03333333333333333
20 0.021354166666666667 0.3595833333333333 0.022916666666666665 0.0575
3 0.6778645833333333 0.36541666666666667 0.0203125 0.049166666666666664
4 0.5255208333333333 0.31916666666666665 0.016666666666666666 0.03333333333333333
5 0.44114583333333335 0.29333333333333333 0.011458333333333333 0.028333333333333332
6 0.40572916666666664 0.2725 0.009375 0.02666666666666667
7 0.3651041666666667 0.2708333333333333 0.009375 0.023333333333333334
8 0.29192708333333334 0.26 0.0078125 0.028333333333333332
9 0.20364583333333333 0.25583333333333336 0.008333333333333333 0.023333333333333334
47 0.16432291666666668 0.26 0.013020833333333334 0.03166666666666667
10 0.10651041666666666 0.25875 0.0078125 0.0225
19 0.05651041666666667 0.31375 0.0171875 0.04083333333333333
18 0.01640625 0.31 0.0140625 0.035
49 0.036458333333333336 0.2625 0.010416666666666666 0.025
11 0.009635416666666667 0.26125 0.0078125 0.025833333333333333
48 0.10130208333333333 0.2625 0.008854166666666666 0.025
55 0.006510416666666667 0.28958333333333336 0.009895833333333333 0.029166666666666667
