42 0.6408854166666667 0.45916666666666667 0.0484375 0.09666666666666666
43 0.4348958333333333 0.34791666666666665 0.027083333333333334 0.0575
58 0.39739583333333334 0.47041666666666665 0.04791666666666667 0.1125
44 0.35208333333333336 0.30625 0.017708333333333333 0.04083333333333333
57 0.26927083333333335 0.39125 0.03958333333333333 0.0825
45 0.31145833333333334 0.2945833333333333 0.01875 0.04083333333333333
46 0.24557291666666667 0.28458333333333335 0.0171875 0.03916666666666667
47 0.1625 0.28125 0.015625 0.034166666666666665
56 0.11640625 0.35791666666666666 0.033854166666666664 0.06583333333333333
4 0.94921875 0.4716666666666667 0.03177083333333333 0.07333333333333333
5 0.6447916666666667 0.3641666666666667 0.01875 0.04666666666666667
6 0.5333333333333333 0.30833333333333335 0.0125 0.03666666666666667
7 0.4544270833333333 0.30041666666666667 0.011979166666666667 0.030833333333333334
8 0.34401041666666665 0.2791666666666667 0.0109375 0.03
9 0.21875 0.2704166666666667 0.010416666666666666 0.029166666666666667
10 0.08255208333333333 0.2733333333333333 0.0109375 0.028333333333333332
48 0.07083333333333333 0.28625 0.014583333333333334 0.0325
