63 0.47942708333333334 0.47875 0.049479166666666664 0.11416666666666667
62 0.37473958333333335 0.3458333333333333 0.0265625 0.06166666666666667
38 0.8419270833333333 0.445 0.0359375 0.07666666666666666
61 0.3223958333333333 0.2970833333333333 0.017708333333333333 0.04416666666666667
39 0.5932291666666667 0.375 0.03229166666666667 0.06666666666666667
40 0.42421875 0.30333333333333334 0.018229166666666668 0.04666666666666667
60 0.30833333333333335 0.2733333333333333 0.014583333333333334 0.035
41 0.3848958333333333 0.27791666666666665 0.015625 0.0375
42 0.36041666666666666 0.26375 0.0125 0.0325
43 0.34661458333333334 0.25458333333333333 0.0109375 0.024166666666666666
58 0.2989583333333333 0.25833333333333336 0.010416666666666666 0.028333333333333332
0 0.9390625 0.4245833333333333 0.021875 0.0575
44 0.33359375 0.24791666666666667 0.0109375 0.025833333333333333
57 0.2796875 0.2554166666666667 0.0125 0.029166666666666667
56 0.23619791666666667 0.25125 0.0109375 0.025833333333333333
20 0.17552083333333332 0.27166666666666667 0.011458333333333333 0.03
21 0.14479166666666668 0.295 0.014583333333333334 0.04
22 0.10598958333333333 0.3433333333333333 0.021354166666666667 0.056666666666666664
1 0.7588541666666667 0.3729166666666667 0.023958333333333335 0.049166666666666664
2 0.590625 0.3175 0.013541666666666667 0.04
3 0.51171875 0.28708333333333336 0.013020833333333334 0.029166666666666667
4 0.46380208333333334 0.27208333333333334 0.009895833333333333 0.025833333333333333
5 0.43203125 0.26 0.0078125 0.023333333333333334
6 0.42109375 0.24875 0.0078125 0.024166666666666666
7 0.3958333333333333 0.24875 0.008333333333333333 0.0225
47 0.24947916666666667 0.24 0.010416666666666666 0.025
45 0.32109375 0.24583333333333332 0.008854166666666666 0.023333333333333334
46 0.290625 0.24 0.008333333333333333 0.02666666666666667
19 0.18489583333333334 0.25916666666666666 0.009375 0.03
17 0.07786458333333333 0.2575 0.008854166666666666 0.025
