32 0.20442708333333334 0.27416666666666667 0.015104166666666667 0.03666666666666667
33 0.07942708333333333 0.28833333333333333 0.0171875 0.04
31 0.3541666666666667 0.2725 0.0125 0.03
29 0.65859375 0.29375 0.0109375 0.0325
30 0.5263020833333333 0.27875 0.0109375 0.030833333333333334
28 0.8265625 0.32 0.013541666666666667 0.03
27 0.9692708333333333 0.35291666666666666 0.014583333333333334 0.0375
78 0.928125 0.82375 0.09895833333333333 0.23083333333333333
68 0.7520833333333333 0.3179166666666667 0.01875 0.0425
69 0.640625 0.3016666666666667 0.016666666666666666 0.03833333333333333
70 0.53203125 0.29375 0.018229166666666668 0.03916666666666667
71 0.42421875 0.29 0.019270833333333334 0.043333333333333335
72 0.33151041666666664 0.29333333333333333 0.0203125 0.045
73 0.26067708333333334 0.30041666666666667 0.021354166666666667 0.04583333333333333
74 0.22526041666666666 0.32625 0.024479166666666666 0.059166666666666666
75 0.28463541666666664 0.3525 0.033854166666666664 0.07166666666666667
76 0.39427083333333335 0.39666666666666667 0.040625 0.08833333333333333
77 0.5682291666666667 0.51625 0.058333333333333334 0.13083333333333333
67 0.8536458333333333 0.34208333333333335 0.01875 0.0425
66 0.9458333333333333 0.3645833333333333 0.023958333333333335 0.050833333333333335
