61 0.5067708333333333 0.5754166666666667 0.06666666666666667 0.15416666666666667
60 0.3145833333333333 0.3625 0.03229166666666667 0.07
40 0.8330729166666667 0.55625 0.058854166666666666 0.1275
41 0.484375 0.36333333333333334 0.03333333333333333 0.07
42 0.3734375 0.30875 0.019791666666666666 0.050833333333333335
43 0.3229166666666667 0.28208333333333335 0.016666666666666666 0.0375
58 0.2630208333333333 0.30875 0.020833333333333332 0.04583333333333333
44 0.290625 0.26916666666666667 0.013541666666666667 0.03333333333333333
57 0.22083333333333333 0.2941666666666667 0.020833333333333332 0.043333333333333335
45 0.2677083333333333 0.26458333333333334 0.014583333333333334 0.034166666666666665
46 0.22369791666666666 0.25958333333333333 0.013020833333333334 0.030833333333333334
56 0.14479166666666668 0.285 0.016666666666666666 0.04
19 0.046614583333333334 0.31833333333333336 0.018229166666666668 0.041666666666666664
3 0.725 0.375 0.022916666666666665 0.05333333333333334
4 0.5489583333333333 0.3204166666666667 0.016666666666666666 0.0375
5 0.4546875 0.29125 0.0125 0.0325
6 0.41510416666666666 0.2675 0.009375 0.03
7 0.37109375 0.26625 0.009895833333333333 0.025833333333333333
8 0.29713541666666665 0.25666666666666665 0.0078125 0.023333333333333334
9 0.20442708333333334 0.25 0.0078125 0.025
47 0.16510416666666666 0.25583333333333336 0.013541666666666667 0.03
10 0.10494791666666667 0.25458333333333333 0.0078125 0.020833333333333332
49 0.030729166666666665 0.26 0.008333333333333333 0.025
11 0.0046875 0.25708333333333333 0.007291666666666667 0.0225
48 0.09895833333333333 0.2575 0.008333333333333333 0.025
