7 0.11875 0.4920833333333333 0.04791666666666667 0.0975
6 0.4421875 0.38125 0.026041666666666668 0.07083333333333333
5 0.7572916666666667 0.3595833333333333 0.020833333333333332 0.0475
4 0.875 0.33541666666666664 0.015625 0.0375
45 0.7645833333333333 0.5920833333333333 0.05625 0.14583333333333334
44 0.8411458333333334 0.4725 0.042708333333333334 0.09833333333333333
43 0.9825520833333333 0.39 0.025520833333333333 0.056666666666666664
77 0.99375 0.3016666666666667 0.008333333333333333 0.023333333333333334
2 0.9825520833333333 0.31625 0.0109375 0.0225
3 0.9401041666666666 0.32083333333333336 0.013541666666666667 0.03
