62 0.5096354166666667 0.4791666666666667 0.04635416666666667 0.115
39 0.9322916666666666 0.5316666666666666 0.051041666666666666 0.115
40 0.4942708333333333 0.3425 0.029166666666666667 0.06166666666666667
61 0.3453125 0.33916666666666667 0.026041666666666668 0.06666666666666667
60 0.30546875 0.295 0.019270833333333334 0.045
41 0.4080729166666667 0.295 0.019270833333333334 0.045
42 0.3625 0.27416666666666667 0.015625 0.03833333333333333
43 0.3380208333333333 0.25875 0.014583333333333334 0.0325
58 0.28567708333333336 0.2733333333333333 0.015104166666666667 0.04
44 0.3190104166666667 0.2529166666666667 0.011979166666666667 0.029166666666666667
57 0.25885416666666666 0.26625 0.013541666666666667 0.0325
45 0.30182291666666666 0.2520833333333333 0.0140625 0.029166666666666667
56 0.20546875 0.2633333333333333 0.011979166666666667 0.03166666666666667
20 0.12786458333333334 0.29833333333333334 0.015104166666666667 0.041666666666666664
21 0.07421875 0.34375 0.021354166666666667 0.0575
2 0.7236979166666667 0.3595833333333333 0.021354166666666667 0.0475
3 0.5700520833333333 0.30375 0.0171875 0.034166666666666665
4 0.4901041666666667 0.2816666666666667 0.013541666666666667 0.03
5 0.4390625 0.2658333333333333 0.009375 0.02666666666666667
6 0.41901041666666666 0.25333333333333335 0.0078125 0.021666666666666667
8 0.32864583333333336 0.24291666666666667 0.007291666666666667 0.024166666666666666
9 0.25234375 0.23875 0.0067708333333333336 0.0225
7 0.3875 0.25125 0.008333333333333333 0.0225
47 0.21953125 0.24375 0.0109375 0.025833333333333333
46 0.2671875 0.24583333333333332 0.009375 0.023333333333333334
19 0.13984375 0.27708333333333335 0.013020833333333334 0.035833333333333335
18 0.109375 0.27666666666666667 0.009375 0.028333333333333332
17 0.011197916666666667 0.27791666666666665 0.008854166666666666 0.029166666666666667
48 0.16536458333333334 0.24833333333333332 0.008854166666666666 0.021666666666666667
55 0.0953125 0.2625 0.00625 0.02
