44 0.80625 0.37583333333333335 0.029166666666666667 0.058333333333333334
45 0.7270833333333333 0.34291666666666665 0.027083333333333334 0.0525
46 0.6268229166666667 0.3179166666666667 0.0234375 0.04583333333333333
47 0.5125 0.30375 0.025 0.0475
56 0.49140625 0.5454166666666667 0.06927083333333334 0.13583333333333333
7 0.90859375 0.36125 0.019270833333333334 0.04416666666666667
8 0.7455729166666667 0.31958333333333333 0.016145833333333335 0.035833333333333335
9 0.5776041666666667 0.29125 0.015625 0.034166666666666665
10 0.4075520833333333 0.2825 0.011979166666666667 0.035
11 0.24140625 0.27791666666666665 0.011979166666666667 0.0375
12 0.08177083333333333 0.28125 0.011458333333333333 0.034166666666666665
49 0.26979166666666665 0.2925 0.010416666666666666 0.035
48 0.3924479166666667 0.2941666666666667 0.016145833333333335 0.043333333333333335
50 0.14635416666666667 0.3016666666666667 0.0125 0.03833333333333333
51 0.029947916666666668 0.3154166666666667 0.016145833333333335 0.04416666666666667
