39 0.24739583333333334 0.34708333333333335 0.029166666666666667 0.0625
29 0.10208333333333333 0.24625 0.007291666666666667 0.025833333333333333
27 0.28932291666666665 0.25125 0.008854166666666666 0.025833333333333333
40 0.5104166666666666 0.5554166666666667 0.071875 0.15083333333333335
38 0.13151041666666666 0.31875 0.018229166666666668 0.049166666666666664
26 0.36432291666666666 0.2604166666666667 0.011979166666666667 0.024166666666666666
25 0.38776041666666666 0.2629166666666667 0.0109375 0.034166666666666665
24 0.44244791666666666 0.28375 0.013020833333333334 0.0325
23 0.5510416666666667 0.31416666666666665 0.017708333333333333 0.03833333333333333
22 0.7213541666666666 0.37416666666666665 0.027083333333333334 0.058333333333333334
68 0.14973958333333334 0.2520833333333333 0.0109375 0.029166666666666667
69 0.08333333333333333 0.25375 0.011458333333333333 0.0275
70 0.013020833333333334 0.25666666666666665 0.009375 0.023333333333333334
78 0.05625 0.3095833333333333 0.022916666666666665 0.0475
67 0.20520833333333333 0.25416666666666665 0.011458333333333333 0.02666666666666667
66 0.24583333333333332 0.2575 0.011458333333333333 0.03
65 0.25442708333333336 0.26125 0.013020833333333334 0.0325
64 0.3033854166666667 0.27666666666666667 0.0171875 0.035
63 0.3731770833333333 0.3075 0.0203125 0.04833333333333333
62 0.46848958333333335 0.36083333333333334 0.028645833333333332 0.06
61 0.8239583333333333 0.5345833333333333 0.057291666666666664 0.1225
28 0.20911458333333333 0.2475 0.0078125 0.02
