21 0.7494791666666667 0.3929166666666667 0.028125 0.0575
22 0.5440104166666667 0.33125 0.0171875 0.03916666666666667
39 0.2125 0.31375 0.020833333333333332 0.0475
29 0.09166666666666666 0.2520833333333333 0.008333333333333333 0.020833333333333332
27 0.2557291666666667 0.2575 0.008333333333333333 0.025
40 0.3260416666666667 0.37875 0.03229166666666667 0.07083333333333333
38 0.12890625 0.3020833333333333 0.016145833333333335 0.04083333333333333
26 0.31953125 0.2625 0.008854166666666666 0.025
25 0.3380208333333333 0.2675 0.010416666666666666 0.028333333333333332
24 0.37552083333333336 0.28041666666666665 0.011458333333333333 0.025833333333333333
23 0.44973958333333336 0.2995833333333333 0.0140625 0.0325
41 0.5671875 0.6191666666666666 0.06666666666666667 0.16666666666666666
68 0.13489583333333333 0.25708333333333333 0.0125 0.029166666666666667
69 0.07604166666666666 0.255 0.009375 0.025
78 0.07083333333333333 0.29541666666666666 0.017708333333333333 0.03916666666666667
77 0.025 0.2891666666666667 0.015625 0.03666666666666667
70 0.016145833333333335 0.2579166666666667 0.008333333333333333 0.0175
67 0.18307291666666667 0.26 0.009895833333333333 0.025
66 0.21822916666666667 0.2608333333333333 0.010416666666666666 0.023333333333333334
65 0.22578125 0.26375 0.008854166666666666 0.024166666666666666
64 0.2625 0.27291666666666664 0.014583333333333334 0.034166666666666665
63 0.3098958333333333 0.29375 0.017708333333333333 0.03916666666666667
62 0.3609375 0.3233333333333333 0.020833333333333332 0.045
61 0.50078125 0.38 0.0296875 0.06666666666666667
60 0.8846354166666667 0.5733333333333334 0.0609375 0.135
28 0.1859375 0.25375 0.007291666666666667 0.019166666666666665
30 0.012760416666666666 0.25583333333333336 0.005729166666666666 0.016666666666666666
