7 0.04010416666666667 0.5208333333333334 0.052083333333333336 0.115
6 0.3953125 0.38333333333333336 0.029166666666666667 0.07666666666666666
5 0.7184895833333333 0.35291666666666666 0.019270833333333334 0.0525
4 0.83203125 0.32708333333333334 0.0140625 0.035833333333333335
45 0.7794270833333333 0.6354166666666666 0.06614583333333333 0.16083333333333333
44 0.8330729166666667 0.4866666666666667 0.04739583333333333 0.1
43 0.9513020833333333 0.38458333333333333 0.030729166666666665 0.0625
78 0.9638020833333333 0.29541666666666666 0.0109375 0.0275
77 0.9411458333333333 0.2925 0.011458333333333333 0.025
2 0.9322916666666666 0.3045833333333333 0.010416666666666666 0.030833333333333334
3 0.8924479166666667 0.31 0.0140625 0.03333333333333333
