4 0.128125 0.35 0.026041666666666668 0.06
19 0.8065104166666667 0.37958333333333333 0.0203125 0.050833333333333335
18 0.9536458333333333 0.42291666666666666 0.022916666666666665 0.05416666666666667
21 0.55 0.29333333333333333 0.011458333333333333 0.03
20 0.63671875 0.32083333333333336 0.015104166666666667 0.04
22 0.4875 0.27625 0.009375 0.025833333333333333
39 0.30234375 0.2625 0.0140625 0.03
40 0.34453125 0.2791666666666667 0.013020833333333334 0.03666666666666667
26 0.38776041666666666 0.24583333333333332 0.0078125 0.021666666666666667
23 0.453125 0.26375 0.010416666666666666 0.024166666666666666
25 0.3984375 0.2475 0.007291666666666667 0.02
24 0.41692708333333334 0.2554166666666667 0.008854166666666666 0.0225
69 0.21145833333333333 0.23708333333333334 0.007291666666666667 0.020833333333333332
70 0.1671875 0.23875 0.007291666666666667 0.0175
67 0.28854166666666664 0.24 0.007291666666666667 0.02
68 0.25234375 0.23916666666666667 0.0078125 0.018333333333333333
29 0.2203125 0.23708333333333334 0.008333333333333333 0.020833333333333332
64 0.34010416666666665 0.25 0.010416666666666666 0.025
63 0.36432291666666666 0.2579166666666667 0.011979166666666667 0.0275
62 0.38255208333333335 0.2675 0.0109375 0.028333333333333332
61 0.42083333333333334 0.28458333333333335 0.015625 0.034166666666666665
60 0.4700520833333333 0.305 0.0203125 0.045
58 0.571875 0.355 0.028125 0.06333333333333334
41 0.36744791666666665 0.29875 0.019270833333333334 0.0475
42 0.41953125 0.34958333333333336 0.0296875 0.06583333333333333
38 0.2546875 0.26 0.009375 0.023333333333333334
30 0.16171875 0.23833333333333334 0.005729166666666666 0.018333333333333333
57 0.7169270833333333 0.4058333333333333 0.03802083333333333 0.07333333333333333
43 0.5822916666666667 0.5320833333333334 0.057291666666666664 0.1325
78 0.21901041666666668 0.2554166666666667 0.011979166666666667 0.030833333333333334
77 0.18697916666666667 0.25416666666666665 0.011458333333333333 0.025
2 0.209375 0.27666666666666667 0.0125 0.03333333333333333
3 0.18046875 0.29875 0.018229166666666668 0.04083333333333333
