6 0.24401041666666667 0.4066666666666667 0.04010416666666667 0.09333333333333334
5 0.6026041666666667 0.34875 0.019791666666666666 0.0525
4 0.7052083333333333 0.3120833333333333 0.016666666666666666 0.03916666666666667
45 0.884375 0.8475 0.09270833333333334 0.24
38 0.8388020833333333 0.2791666666666667 0.009895833333333333 0.023333333333333334
39 0.8760416666666667 0.28458333333333335 0.013541666666666667 0.024166666666666666
44 0.8158854166666667 0.5354166666666667 0.05260416666666667 0.12583333333333332
43 0.8635416666666667 0.38083333333333336 0.027083333333333334 0.065
40 0.8942708333333333 0.29541666666666666 0.017708333333333333 0.034166666666666665
64 0.9244791666666666 0.2783333333333333 0.0125 0.021666666666666667
63 0.9364583333333333 0.28708333333333336 0.013541666666666667 0.0225
62 0.9432291666666667 0.29541666666666666 0.011458333333333333 0.025833333333333333
61 0.95859375 0.30416666666666664 0.0171875 0.03333333333333333
60 0.9700520833333334 0.32125 0.019270833333333334 0.034166666666666665
58 0.9903645833333333 0.34541666666666665 0.0171875 0.04583333333333333
41 0.8903645833333333 0.3070833333333333 0.018229166666666668 0.034166666666666665
42 0.8828125 0.33125 0.022916666666666665 0.0425
78 0.8125 0.27291666666666664 0.013541666666666667 0.024166666666666666
77 0.7890625 0.26958333333333334 0.0125 0.024166666666666666
2 0.7895833333333333 0.2833333333333333 0.0125 0.03
3 0.75625 0.2916666666666667 0.0125 0.035
