41 0.7903645833333334 0.53125 0.0546875 0.1225
42 0.47994791666666664 0.36541666666666667 0.0296875 0.0675
43 0.3809895833333333 0.3125 0.0203125 0.045
60 0.48671875 0.5554166666666667 0.07239583333333334 0.14916666666666667
58 0.32005208333333335 0.36583333333333334 0.028645833333333332 0.07166666666666667
44 0.3294270833333333 0.29 0.016145833333333335 0.035
57 0.24921875 0.33125 0.028645833333333332 0.060833333333333336
45 0.2981770833333333 0.28125 0.015104166666666667 0.0375
46 0.24479166666666666 0.27458333333333335 0.016666666666666666 0.0375
47 0.17473958333333334 0.27166666666666667 0.0140625 0.03
56 0.14296875 0.31708333333333333 0.021354166666666667 0.049166666666666664
4 0.7200520833333334 0.38375 0.021354166666666667 0.050833333333333335
5 0.54921875 0.3258333333333333 0.0171875 0.04
6 0.48098958333333336 0.28875 0.009895833333333333 0.034166666666666665
7 0.421875 0.2841666666666667 0.010416666666666666 0.028333333333333332
8 0.3296875 0.26916666666666667 0.011458333333333333 0.03166666666666667
9 0.22265625 0.26166666666666666 0.0109375 0.02666666666666667
10 0.10390625 0.26375 0.0109375 0.0275
48 0.09557291666666666 0.2725 0.0109375 0.03333333333333333
49 0.015104166666666667 0.27166666666666667 0.010416666666666666 0.03
