41 0.6838541666666667 0.4691666666666667 0.05520833333333333 0.10666666666666667
42 0.4479166666666667 0.34291666666666665 0.027083333333333334 0.060833333333333336
43 0.36432291666666666 0.2995833333333333 0.018229166666666668 0.0425
60 0.42083333333333334 0.47708333333333336 0.05416666666666667 0.12083333333333333
58 0.3015625 0.3416666666666667 0.028125 0.06666666666666667
44 0.31927083333333334 0.28 0.014583333333333334 0.03333333333333333
57 0.23958333333333334 0.3145833333333333 0.026041666666666668 0.05416666666666667
45 0.29010416666666666 0.26916666666666667 0.015625 0.035
46 0.23958333333333334 0.26375 0.014583333333333334 0.035833333333333335
47 0.17161458333333332 0.2608333333333333 0.013020833333333334 0.03333333333333333
56 0.14401041666666667 0.30125 0.019270833333333334 0.04416666666666667
3 0.9856770833333334 0.47333333333333333 0.024479166666666666 0.07333333333333333
4 0.6705729166666666 0.36083333333333334 0.021354166666666667 0.051666666666666666
5 0.5231770833333333 0.3125 0.015104166666666667 0.03666666666666667
6 0.4635416666666667 0.2775 0.009375 0.03333333333333333
7 0.40859375 0.275 0.0109375 0.028333333333333332
8 0.32135416666666666 0.26166666666666666 0.009375 0.028333333333333332
9 0.2171875 0.2525 0.009375 0.028333333333333332
10 0.10390625 0.255 0.008854166666666666 0.025
49 0.018489583333333334 0.26166666666666666 0.008854166666666666 0.028333333333333332
48 0.09609375 0.2625 0.0140625 0.03333333333333333
