6 0.15390625 0.43166666666666664 0.044270833333333336 0.10333333333333333
5 0.5380208333333333 0.35375 0.026041666666666668 0.0575
4 0.6377604166666667 0.3104166666666667 0.018229166666666668 0.04083333333333333
39 0.8013020833333333 0.2808333333333333 0.013020833333333334 0.02666666666666667
22 0.959375 0.3020833333333333 0.010416666666666666 0.025833333333333333
44 0.8015625 0.5733333333333334 0.058333333333333334 0.14
40 0.8234375 0.2941666666666667 0.014583333333333334 0.03166666666666667
23 0.9419270833333333 0.2920833333333333 0.0109375 0.025833333333333333
64 0.8463541666666666 0.27375 0.010416666666666666 0.0225
63 0.8611979166666667 0.28208333333333335 0.011979166666666667 0.020833333333333332
62 0.86796875 0.2891666666666667 0.013020833333333334 0.023333333333333334
24 0.9171875 0.28583333333333333 0.009375 0.021666666666666667
61 0.8856770833333333 0.30041666666666667 0.015104166666666667 0.030833333333333334
60 0.9020833333333333 0.3154166666666667 0.01875 0.035833333333333335
58 0.9294270833333333 0.34125 0.022395833333333334 0.0475
41 0.8213541666666667 0.30625 0.017708333333333333 0.0325
42 0.8221354166666667 0.32916666666666666 0.022395833333333334 0.04833333333333333
57 0.98828125 0.3720833333333333 0.0203125 0.0575
43 0.8125 0.38208333333333333 0.03125 0.0675
78 0.7356770833333334 0.26958333333333334 0.013020833333333334 0.020833333333333332
77 0.71328125 0.26666666666666666 0.011979166666666667 0.02666666666666667
2 0.71796875 0.28041666666666665 0.009895833333333333 0.0275
3 0.68671875 0.28791666666666665 0.015104166666666667 0.03916666666666667
