40 0.6135416666666667 0.4295833333333333 0.04479166666666667 0.0925
61 0.39036458333333335 0.4241666666666667 0.0421875 0.09666666666666666
60 0.2989583333333333 0.32708333333333334 0.022916666666666665 0.059166666666666666
41 0.43307291666666664 0.3308333333333333 0.0265625 0.058333333333333334
42 0.35833333333333334 0.295 0.017708333333333333 0.041666666666666664
43 0.31979166666666664 0.2733333333333333 0.013541666666666667 0.03333333333333333
58 0.2643229166666667 0.29041666666666666 0.0171875 0.04583333333333333
44 0.2947916666666667 0.26458333333333334 0.013541666666666667 0.030833333333333334
57 0.23020833333333332 0.28041666666666665 0.017708333333333333 0.04083333333333333
45 0.27395833333333336 0.2579166666666667 0.0125 0.0325
46 0.23359375 0.25583333333333336 0.013020833333333334 0.03
56 0.1640625 0.2758333333333333 0.014583333333333334 0.03666666666666667
20 0.059375 0.33375 0.01875 0.0525
2 0.9127604166666666 0.44625 0.028645833333333332 0.0675
3 0.6356770833333333 0.3416666666666667 0.0171875 0.045
4 0.5098958333333333 0.30416666666666664 0.014583333333333334 0.03666666666666667
5 0.4375 0.2841666666666667 0.0125 0.03333333333333333
6 0.40729166666666666 0.26416666666666666 0.008333333333333333 0.028333333333333332
8 0.3020833333333333 0.2529166666666667 0.008333333333333333 0.024166666666666666
9 0.21796875 0.24708333333333332 0.008854166666666666 0.025833333333333333
47 0.17994791666666668 0.25 0.013020833333333334 0.035
7 0.3697916666666667 0.26166666666666666 0.009375 0.028333333333333332
10 0.125 0.2504166666666667 0.008333333333333333 0.019166666666666665
19 0.08385416666666666 0.29791666666666666 0.014583333333333334 0.0375
18 0.04583333333333333 0.29375 0.0125 0.030833333333333334
11 0.03177083333333333 0.2525 0.007291666666666667 0.025
48 0.12005208333333334 0.25458333333333333 0.008854166666666666 0.024166666666666666
55 0.03411458333333333 0.27708333333333335 0.0078125 0.025833333333333333
