39 0.9182291666666667 0.7483333333333333 0.084375 0.205
38 0.4359375 0.475 0.04479166666666667 0.115
78 0.2604166666666667 0.3933333333333333 0.040625 0.08666666666666667
77 0.17161458333333332 0.3441666666666667 0.0328125 0.06833333333333333
76 0.09244791666666667 0.3120833333333333 0.025520833333333333 0.05416666666666667
75 0.02265625 0.2991666666666667 0.022395833333333334 0.04833333333333333
72 0.05572916666666667 0.2629166666666667 0.014583333333333334 0.034166666666666665
71 0.13125 0.2554166666666667 0.015625 0.034166666666666665
70 0.21979166666666666 0.2529166666666667 0.013541666666666667 0.029166666666666667
69 0.30911458333333336 0.255 0.013020833333333334 0.03333333333333333
68 0.3953125 0.26125 0.013541666666666667 0.0325
67 0.4703125 0.27166666666666667 0.013541666666666667 0.03
66 0.5294270833333333 0.2816666666666667 0.016145833333333335 0.03666666666666667
65 0.5510416666666667 0.29083333333333333 0.017708333333333333 0.03833333333333333
64 0.6614583333333334 0.32958333333333334 0.027083333333333334 0.05583333333333333
63 0.8916666666666667 0.4454166666666667 0.04479166666666667 0.0875
31 0.07578125 0.2475 0.009895833333333333 0.02666666666666667
29 0.33125 0.24666666666666667 0.010416666666666666 0.028333333333333332
28 0.4671875 0.25625 0.010416666666666666 0.0275
27 0.5739583333333333 0.2733333333333333 0.0125 0.03166666666666667
26 0.6859375 0.29875 0.015625 0.034166666666666665
25 0.73671875 0.31416666666666665 0.016145833333333335 0.03833333333333333
24 0.865625 0.36333333333333334 0.01875 0.045
