63 0.6697916666666667 0.6758333333333333 0.08020833333333334 0.18166666666666667
62 0.4122395833333333 0.38 0.0328125 0.07666666666666666
39 0.6942708333333333 0.4220833333333333 0.042708333333333334 0.0825
40 0.4479166666666667 0.31416666666666665 0.021875 0.05333333333333334
61 0.3299479166666667 0.305 0.021354166666666667 0.051666666666666666
60 0.30755208333333334 0.27625 0.016145833333333335 0.0375
41 0.39427083333333335 0.2808333333333333 0.017708333333333333 0.041666666666666664
42 0.3611979166666667 0.2608333333333333 0.011979166666666667 0.03666666666666667
43 0.34296875 0.25416666666666665 0.011979166666666667 0.03166666666666667
58 0.29401041666666666 0.26 0.013020833333333334 0.035
44 0.32786458333333335 0.24583333333333332 0.0109375 0.02666666666666667
57 0.2713541666666667 0.25333333333333335 0.011458333333333333 0.03
56 0.2234375 0.24833333333333332 0.0125 0.03
20 0.1578125 0.2733333333333333 0.0125 0.035
21 0.1203125 0.30333333333333334 0.017708333333333333 0.04666666666666667
22 0.06197916666666667 0.37375 0.028125 0.0725
1 0.8622395833333333 0.4075 0.027604166666666666 0.058333333333333334
2 0.6395833333333333 0.3329166666666667 0.015625 0.04083333333333333
3 0.5341145833333333 0.29083333333333333 0.0140625 0.03333333333333333
4 0.47421875 0.2725 0.0109375 0.02666666666666667
5 0.4348958333333333 0.25833333333333336 0.010416666666666666 0.028333333333333332
6 0.4200520833333333 0.24583333333333332 0.0078125 0.023333333333333334
7 0.3932291666666667 0.24583333333333332 0.009375 0.021666666666666667
47 0.23671875 0.23416666666666666 0.009895833333333333 0.021666666666666667
45 0.31302083333333336 0.24041666666666667 0.009375 0.025833333333333333
46 0.28151041666666665 0.23625 0.009895833333333333 0.025833333333333333
19 0.16744791666666667 0.2575 0.009895833333333333 0.03333333333333333
18 0.13802083333333334 0.25708333333333333 0.009375 0.029166666666666667
17 0.0515625 0.25416666666666665 0.008333333333333333 0.02666666666666667
