63 0.5072916666666667 0.5066666666666667 0.052083333333333336 0.11833333333333333
62 0.3815104166666667 0.35041666666666665 0.0265625 0.0675
38 0.8796875 0.45875 0.0375 0.0825
61 0.32447916666666665 0.3 0.017708333333333333 0.04833333333333333
39 0.6104166666666667 0.38166666666666665 0.03333333333333333 0.07
40 0.42864583333333334 0.30416666666666664 0.019791666666666666 0.045
60 0.30807291666666664 0.2758333333333333 0.015104166666666667 0.03833333333333333
41 0.38723958333333336 0.2783333333333333 0.016145833333333335 0.03666666666666667
42 0.36041666666666666 0.26166666666666666 0.011458333333333333 0.03166666666666667
43 0.34609375 0.25333333333333335 0.013020833333333334 0.02666666666666667
58 0.2981770833333333 0.25833333333333336 0.0109375 0.03166666666666667
0 0.9684895833333333 0.43666666666666665 0.021354166666666667 0.056666666666666664
44 0.3328125 0.2475 0.011458333333333333 0.025
57 0.27786458333333336 0.25625 0.013020833333333334 0.0275
56 0.23333333333333334 0.25 0.0125 0.02666666666666667
20 0.17317708333333334 0.2725 0.0109375 0.03
21 0.140625 0.29541666666666666 0.014583333333333334 0.04083333333333333
22 0.09791666666666667 0.34708333333333335 0.021875 0.059166666666666666
1 0.7783854166666667 0.38 0.0265625 0.051666666666666666
2 0.6005208333333333 0.32 0.016666666666666666 0.03833333333333333
3 0.5161458333333333 0.28708333333333336 0.0125 0.030833333333333334
4 0.4661458333333333 0.2708333333333333 0.010416666666666666 0.028333333333333332
5 0.4328125 0.25708333333333333 0.010416666666666666 0.029166666666666667
6 0.42109375 0.24833333333333332 0.0078125 0.021666666666666667
7 0.39505208333333336 0.24833333333333332 0.0078125 0.021666666666666667
47 0.24739583333333334 0.23833333333333334 0.009375 0.023333333333333334
45 0.31875 0.24208333333333334 0.010416666666666666 0.025833333333333333
46 0.28984375 0.23958333333333334 0.008854166666666666 0.024166666666666666
19 0.18098958333333334 0.25916666666666666 0.009895833333333333 0.03
17 0.07239583333333334 0.25583333333333336 0.007291666666666667 0.023333333333333334
