63 0.8776041666666666 0.8858333333333334 0.10833333333333334 0.225
62 0.43776041666666665 0.42541666666666667 0.03802083333333333 0.08916666666666667
39 0.7622395833333333 0.46791666666666665 0.049479166666666664 0.0925
40 0.46041666666666664 0.3375 0.025 0.055
61 0.3338541666666667 0.3304166666666667 0.023958333333333335 0.05583333333333333
60 0.30520833333333336 0.2970833333333333 0.017708333333333333 0.04416666666666667
41 0.39765625 0.3 0.019270833333333334 0.041666666666666664
42 0.35963541666666665 0.27958333333333335 0.015104166666666667 0.0375
43 0.33984375 0.26916666666666667 0.009895833333333333 0.028333333333333332
58 0.28984375 0.28 0.013020833333333334 0.035
44 0.32395833333333335 0.26375 0.010416666666666666 0.024166666666666666
57 0.26588541666666665 0.27125 0.0140625 0.0325
45 0.3078125 0.26 0.010416666666666666 0.028333333333333332
56 0.21536458333333333 0.26708333333333334 0.013020833333333334 0.029166666666666667
20 0.146875 0.29625 0.0125 0.0375
21 0.10364583333333334 0.33125 0.017708333333333333 0.050833333333333335
22 0.032552083333333336 0.4225 0.033854166666666664 0.085
1 0.9234375 0.43833333333333335 0.03125 0.06333333333333334
2 0.66484375 0.35583333333333333 0.019270833333333334 0.041666666666666664
3 0.5453125 0.31 0.015625 0.03333333333333333
4 0.47734375 0.28958333333333336 0.011979166666666667 0.030833333333333334
5 0.4348958333333333 0.27541666666666664 0.009375 0.024166666666666666
6 0.41822916666666665 0.26125 0.009375 0.025833333333333333
8 0.33307291666666666 0.2529166666666667 0.0078125 0.020833333333333332
7 0.38958333333333334 0.26125 0.008333333333333333 0.0225
47 0.22942708333333334 0.25166666666666665 0.009895833333333333 0.021666666666666667
46 0.2752604166666667 0.255 0.008854166666666666 0.02666666666666667
19 0.15677083333333333 0.27791666666666665 0.011458333333333333 0.034166666666666665
18 0.12786458333333334 0.27666666666666667 0.009895833333333333 0.03166666666666667
17 0.036458333333333336 0.27625 0.008333333333333333 0.025833333333333333
