63 0.6247395833333333 0.6304166666666666 0.0734375 0.16416666666666666
62 0.40520833333333334 0.375 0.03125 0.07833333333333334
39 0.6747395833333333 0.41541666666666666 0.04010416666666667 0.08416666666666667
40 0.44453125 0.31416666666666665 0.021354166666666667 0.05333333333333334
61 0.3294270833333333 0.30791666666666667 0.021354166666666667 0.0525
60 0.30755208333333334 0.28041666666666665 0.015104166666666667 0.03916666666666667
41 0.3919270833333333 0.28291666666666665 0.018229166666666668 0.03916666666666667
42 0.3614583333333333 0.26458333333333334 0.0125 0.034166666666666665
43 0.34322916666666664 0.25583333333333336 0.011458333333333333 0.028333333333333332
58 0.2950520833333333 0.2629166666666667 0.011979166666666667 0.034166666666666665
44 0.3302083333333333 0.24958333333333332 0.009375 0.025833333333333333
57 0.2713541666666667 0.25583333333333336 0.0125 0.03
56 0.22630208333333332 0.2520833333333333 0.013020833333333334 0.029166666666666667
20 0.1609375 0.27708333333333335 0.0125 0.035833333333333335
21 0.12447916666666667 0.30541666666666667 0.016666666666666666 0.04583333333333333
22 0.07083333333333333 0.37041666666666667 0.029166666666666667 0.06916666666666667
1 0.8432291666666667 0.4033333333333333 0.028125 0.056666666666666664
2 0.6307291666666667 0.3325 0.015625 0.041666666666666664
3 0.5299479166666666 0.29375 0.0140625 0.0325
4 0.47239583333333335 0.27416666666666667 0.011458333333333333 0.02666666666666667
5 0.43359375 0.25833333333333336 0.009895833333333333 0.028333333333333332
6 0.42083333333333334 0.24791666666666667 0.008333333333333333 0.025833333333333333
7 0.39296875 0.2504166666666667 0.008854166666666666 0.020833333333333332
47 0.23984375 0.23833333333333334 0.008854166666666666 0.021666666666666667
45 0.3140625 0.24375 0.010416666666666666 0.025833333333333333
46 0.2828125 0.23916666666666667 0.009375 0.025
19 0.17005208333333333 0.2608333333333333 0.0109375 0.03
18 0.14192708333333334 0.26 0.009895833333333333 0.028333333333333332
17 0.05651041666666667 0.25666666666666665 0.008854166666666666 0.028333333333333332
