61 0.6119791666666666 0.6908333333333333 0.08333333333333333 0.18666666666666668
60 0.33229166666666665 0.38166666666666665 0.036458333333333336 0.07833333333333334
40 0.9731770833333333 0.6458333333333334 0.0484375 0.15666666666666668
41 0.5205729166666667 0.38208333333333333 0.03697916666666667 0.0775
42 0.38723958333333336 0.31583333333333335 0.022395833333333334 0.051666666666666666
43 0.33255208333333336 0.28875 0.015104166666666667 0.0375
58 0.2708333333333333 0.31583333333333335 0.020833333333333332 0.051666666666666666
44 0.29713541666666665 0.27208333333333334 0.0140625 0.030833333333333334
57 0.22630208333333332 0.30125 0.0203125 0.04583333333333333
45 0.27265625 0.2654166666666667 0.0140625 0.0325
46 0.22734375 0.26208333333333333 0.013020833333333334 0.0325
47 0.16614583333333333 0.25833333333333336 0.011458333333333333 0.02666666666666667
56 0.14453125 0.29041666666666666 0.018229166666666668 0.03916666666666667
19 0.037760416666666664 0.32416666666666666 0.019270833333333334 0.045
3 0.7783854166666667 0.39666666666666667 0.024479166666666666 0.058333333333333334
4 0.5747395833333333 0.32958333333333334 0.0171875 0.04083333333333333
5 0.46927083333333336 0.2966666666666667 0.0125 0.03333333333333333
6 0.42604166666666665 0.27166666666666667 0.009375 0.03
7 0.37994791666666666 0.26916666666666667 0.009895833333333333 0.025
8 0.30234375 0.25833333333333336 0.009895833333333333 0.02666666666666667
9 0.2078125 0.2520833333333333 0.009375 0.024166666666666666
10 0.10442708333333334 0.25625 0.0078125 0.024166666666666666
49 0.027604166666666666 0.26458333333333334 0.009375 0.030833333333333334
48 0.09791666666666667 0.26 0.011458333333333333 0.028333333333333332
