76 0.8447916666666667 0.6875 0.08229166666666667 0.18833333333333332
75 0.5135416666666667 0.48125 0.051041666666666666 0.11083333333333334
74 0.38385416666666666 0.4 0.03854166666666667 0.085
73 0.4205729166666667 0.3466666666666667 0.030729166666666665 0.06333333333333334
72 0.5075520833333333 0.3333333333333333 0.025520833333333333 0.055
71 0.6192708333333333 0.3275 0.025 0.045
70 0.7515625 0.335 0.020833333333333332 0.04666666666666667
69 0.8880208333333334 0.3566666666666667 0.01875 0.043333333333333335
31 0.5161458333333333 0.2966666666666667 0.014583333333333334 0.03666666666666667
32 0.33255208333333336 0.2945833333333333 0.016145833333333335 0.04416666666666667
33 0.17057291666666666 0.31083333333333335 0.0203125 0.05
30 0.7229166666666667 0.31625 0.015625 0.035833333333333335
29 0.8825520833333333 0.33791666666666664 0.015104166666666667 0.035833333333333335
