20 0.9526041666666667 0.46208333333333335 0.03125 0.06916666666666667
21 0.65390625 0.36 0.021354166666666667 0.04833333333333333
22 0.503125 0.31708333333333333 0.014583333333333334 0.0375
39 0.2171875 0.30125 0.017708333333333333 0.0425
29 0.10598958333333333 0.2529166666666667 0.0078125 0.0225
27 0.25885416666666666 0.25875 0.00625 0.0225
40 0.3026041666666667 0.345 0.025 0.06
38 0.14401041666666667 0.29041666666666666 0.0171875 0.035833333333333335
26 0.31744791666666666 0.26416666666666666 0.008854166666666666 0.023333333333333334
25 0.3338541666666667 0.2654166666666667 0.009375 0.0275
24 0.36614583333333334 0.27791666666666665 0.008333333333333333 0.025833333333333333
23 0.42864583333333334 0.2920833333333333 0.0125 0.0325
41 0.41744791666666664 0.45666666666666667 0.043229166666666666 0.10166666666666667
68 0.14609375 0.2575 0.013020833333333334 0.025
69 0.09192708333333334 0.2575 0.009895833333333333 0.025
78 0.09192708333333334 0.29 0.016145833333333335 0.03666666666666667
70 0.035416666666666666 0.25833333333333336 0.008333333333333333 0.025
77 0.04895833333333333 0.2841666666666667 0.016666666666666666 0.03333333333333333
67 0.19114583333333332 0.25916666666666666 0.010416666666666666 0.021666666666666667
66 0.2234375 0.26166666666666666 0.008333333333333333 0.025
65 0.23072916666666668 0.26166666666666666 0.009375 0.025
64 0.2630208333333333 0.27125 0.0125 0.0275
63 0.30416666666666664 0.2891666666666667 0.015625 0.03333333333333333
62 0.34322916666666664 0.3095833333333333 0.016666666666666666 0.04083333333333333
61 0.44114583333333335 0.35125 0.026041666666666668 0.05416666666666667
60 0.6544270833333333 0.4504166666666667 0.04114583333333333 0.08916666666666667
28 0.19401041666666666 0.25333333333333335 0.0078125 0.018333333333333333
30 0.030729166666666665 0.25583333333333336 0.00625 0.016666666666666666
1 0.03854166666666667 0.3154166666666667 0.016666666666666666 0.035833333333333335
2 0.05026041666666667 0.3516666666666667 0.022395833333333334 0.055
