62 0.5231770833333333 0.49291666666666667 0.0484375 0.11583333333333333
39 0.9614583333333333 0.5470833333333334 0.05416666666666667 0.1175
40 0.5015625 0.3475 0.029166666666666667 0.065
61 0.34921875 0.34291666666666665 0.0265625 0.06583333333333333
60 0.30885416666666665 0.30041666666666667 0.01875 0.04416666666666667
41 0.4109375 0.2991666666666667 0.01875 0.04666666666666667
42 0.3653645833333333 0.27666666666666667 0.015104166666666667 0.04
43 0.34036458333333336 0.2633333333333333 0.011979166666666667 0.03
58 0.2875 0.27666666666666667 0.01875 0.04
44 0.32135416666666666 0.25625 0.013541666666666667 0.0275
57 0.26067708333333334 0.27 0.013020833333333334 0.03333333333333333
45 0.3033854166666667 0.2529166666666667 0.011979166666666667 0.029166666666666667
56 0.20598958333333334 0.2658333333333333 0.0140625 0.03166666666666667
20 0.12786458333333334 0.3020833333333333 0.015104166666666667 0.04083333333333333
21 0.0734375 0.35 0.020833333333333332 0.06
2 0.7341145833333333 0.36375 0.021354166666666667 0.049166666666666664
3 0.5752604166666667 0.30625 0.015104166666666667 0.0375
4 0.49296875 0.2841666666666667 0.011979166666666667 0.03166666666666667
5 0.44114583333333335 0.26916666666666667 0.010416666666666666 0.025
6 0.42109375 0.25333333333333335 0.0067708333333333336 0.023333333333333334
8 0.3296875 0.24583333333333332 0.008333333333333333 0.023333333333333334
9 0.25364583333333335 0.2425 0.007291666666666667 0.025
7 0.3893229166666667 0.25375 0.008854166666666666 0.025833333333333333
47 0.2203125 0.24708333333333332 0.009375 0.025833333333333333
46 0.2682291666666667 0.24625 0.009375 0.0225
19 0.14088541666666668 0.2808333333333333 0.011979166666666667 0.03333333333333333
18 0.109375 0.28125 0.009375 0.0275
17 0.010677083333333334 0.28 0.009895833333333333 0.03
48 0.16614583333333333 0.25166666666666665 0.008333333333333333 0.021666666666666667
55 0.0953125 0.2675 0.007291666666666667 0.028333333333333332
