66 0.8677083333333333 0.82625 0.096875 0.24083333333333334
65 0.8294270833333334 0.53625 0.05364583333333333 0.12416666666666666
64 0.7671875 0.36875 0.026041666666666668 0.059166666666666666
63 0.7583333333333333 0.3308333333333333 0.01875 0.045
62 0.77421875 0.3125 0.015104166666666667 0.03166666666666667
38 0.96484375 0.35333333333333333 0.0234375 0.04
39 0.8791666666666667 0.32708333333333334 0.01875 0.035833333333333335
40 0.8377604166666667 0.30333333333333334 0.015104166666666667 0.03333333333333333
56 0.74765625 0.27291666666666664 0.011979166666666667 0.024166666666666666
24 0.4986979166666667 0.3491666666666667 0.0265625 0.058333333333333334
25 0.25546875 0.4320833333333333 0.04114583333333333 0.0925
23 0.5776041666666667 0.3129166666666667 0.01875 0.04083333333333333
22 0.6411458333333333 0.29875 0.013541666666666667 0.0325
2 0.9481770833333333 0.31958333333333333 0.011979166666666667 0.030833333333333334
3 0.9276041666666667 0.30416666666666664 0.011458333333333333 0.02666666666666667
4 0.9130208333333333 0.29625 0.009375 0.025833333333333333
5 0.90078125 0.2875 0.011979166666666667 0.02666666666666667
21 0.66875 0.2866666666666667 0.010416666666666666 0.028333333333333332
