20 0.8377604166666667 0.41875 0.025520833333333333 0.06416666666666666
21 0.60390625 0.3416666666666667 0.019270833333333334 0.045
22 0.4765625 0.30666666666666664 0.013541666666666667 0.03333333333333333
39 0.2140625 0.2945833333333333 0.017708333333333333 0.0375
29 0.10833333333333334 0.2504166666666667 0.007291666666666667 0.019166666666666665
27 0.2552083333333333 0.25416666666666665 0.007291666666666667 0.02
40 0.28802083333333334 0.32875 0.021875 0.05416666666666667
26 0.31145833333333334 0.26 0.008333333333333333 0.023333333333333334
25 0.3260416666666667 0.26208333333333333 0.010416666666666666 0.024166666666666666
24 0.35625 0.27375 0.010416666666666666 0.025833333333333333
23 0.4122395833333333 0.28625 0.011979166666666667 0.0275
41 0.36875 0.4025 0.035416666666666666 0.08333333333333333
68 0.14713541666666666 0.25416666666666665 0.009895833333333333 0.025
69 0.09505208333333333 0.25333333333333335 0.008854166666666666 0.023333333333333334
78 0.09869791666666666 0.28 0.0140625 0.035
70 0.040625 0.25625 0.008333333333333333 0.0225
71 0.011197916666666667 0.27375 0.013020833333333334 0.025833333333333333
77 0.05625 0.2783333333333333 0.013541666666666667 0.03166666666666667
67 0.190625 0.255 0.008333333333333333 0.02
66 0.22083333333333333 0.25666666666666665 0.008333333333333333 0.028333333333333332
65 0.22864583333333333 0.26 0.008333333333333333 0.021666666666666667
64 0.25859375 0.26708333333333334 0.0109375 0.029166666666666667
63 0.29583333333333334 0.28125 0.013541666666666667 0.0325
62 0.3302083333333333 0.29833333333333334 0.015625 0.041666666666666664
61 0.41041666666666665 0.3329166666666667 0.022916666666666665 0.049166666666666664
60 0.5669270833333333 0.40375 0.0359375 0.07916666666666666
42 0.8221354166666667 0.82125 0.10885416666666667 0.24583333333333332
38 0.14713541666666666 0.2841666666666667 0.0109375 0.03166666666666667
28 0.19348958333333333 0.25083333333333335 0.0078125 0.016666666666666666
30 0.036458333333333336 0.25333333333333335 0.007291666666666667 0.015
1 0.052083333333333336 0.305 0.015625 0.035
2 0.06666666666666667 0.33125 0.022916666666666665 0.050833333333333335
