11 0.9630208333333333 0.38083333333333336 0.0125 0.041666666666666664
12 0.7651041666666667 0.355 0.0125 0.041666666666666664
13 0.5403645833333334 0.34958333333333336 0.016145833333333335 0.04583333333333333
14 0.32838541666666665 0.36125 0.0203125 0.05416666666666667
15 0.05677083333333333 0.4091666666666667 0.03229166666666667 0.08166666666666667
50 0.88125 0.40375 0.014583333333333334 0.049166666666666664
51 0.7395833333333334 0.40208333333333335 0.019791666666666666 0.0525
52 0.6153645833333333 0.42125 0.0234375 0.07416666666666667
53 0.5346354166666667 0.47333333333333333 0.024479166666666666 0.08166666666666667
54 0.56640625 0.60375 0.050520833333333334 0.13583333333333333
