65 0.8260416666666667 0.5679166666666666 0.06041666666666667 0.13583333333333333
64 0.7296875 0.375 0.029166666666666667 0.06
63 0.7122395833333334 0.33375 0.016145833333333335 0.04083333333333333
62 0.7239583333333334 0.3120833333333333 0.016666666666666666 0.0425
38 0.92109375 0.35125 0.022395833333333334 0.0425
39 0.8328125 0.3283333333333333 0.017708333333333333 0.04
40 0.7880208333333333 0.30333333333333334 0.015625 0.03166666666666667
56 0.6942708333333333 0.2725 0.0125 0.025
24 0.4513020833333333 0.3570833333333333 0.025520833333333333 0.059166666666666666
25 0.19765625 0.4579166666666667 0.043229166666666666 0.0975
23 0.52890625 0.31833333333333336 0.018229166666666668 0.041666666666666664
22 0.59140625 0.2995833333333333 0.013020833333333334 0.0325
1 0.9643229166666667 0.3441666666666667 0.016145833333333335 0.03333333333333333
2 0.89921875 0.31875 0.0109375 0.029166666666666667
3 0.8760416666666667 0.30291666666666667 0.011458333333333333 0.024166666666666666
4 0.8596354166666667 0.29291666666666666 0.0109375 0.025833333333333333
5 0.8471354166666667 0.2891666666666667 0.011979166666666667 0.02666666666666667
21 0.6171875 0.28625 0.010416666666666666 0.030833333333333334
