39 0.8635416666666667 0.70875 0.08229166666666667 0.19583333333333333
38 0.4125 0.46375 0.042708333333333334 0.10916666666666666
78 0.246875 0.38625 0.03958333333333333 0.08583333333333333
77 0.16119791666666666 0.3416666666666667 0.033854166666666664 0.06833333333333333
76 0.084375 0.3095833333333333 0.026041666666666668 0.0525
75 0.015364583333333333 0.29583333333333334 0.0234375 0.04833333333333333
72 0.04583333333333333 0.2629166666666667 0.015625 0.034166666666666665
71 0.121875 0.25416666666666665 0.014583333333333334 0.03166666666666667
70 0.209375 0.25333333333333335 0.0125 0.02666666666666667
69 0.29765625 0.2554166666666667 0.013020833333333334 0.029166666666666667
68 0.3846354166666667 0.2608333333333333 0.015104166666666667 0.03333333333333333
67 0.45807291666666666 0.26916666666666667 0.013020833333333334 0.03166666666666667
66 0.5158854166666667 0.28041666666666665 0.015104166666666667 0.034166666666666665
65 0.53671875 0.2875 0.0171875 0.04
64 0.6442708333333333 0.32666666666666666 0.025 0.051666666666666666
63 0.8635416666666667 0.43625 0.041666666666666664 0.08416666666666667
31 0.06614583333333333 0.24708333333333332 0.011458333333333333 0.0275
29 0.32083333333333336 0.24625 0.009375 0.0275
28 0.4552083333333333 0.25583333333333336 0.011458333333333333 0.028333333333333332
27 0.5609375 0.2708333333333333 0.0125 0.03
26 0.6708333333333333 0.29625 0.015625 0.0325
25 0.7200520833333334 0.31166666666666665 0.016145833333333335 0.043333333333333335
24 0.8458333333333333 0.3591666666666667 0.017708333333333333 0.043333333333333335
