45 0.91875 0.37666666666666665 0.030208333333333334 0.056666666666666664
46 0.80703125 0.34208333333333335 0.028645833333333332 0.050833333333333335
47 0.68359375 0.31833333333333336 0.028645833333333332 0.04833333333333333
56 0.7380208333333333 0.6379166666666667 0.084375 0.17083333333333334
8 0.9265625 0.34791666666666665 0.022916666666666665 0.04083333333333333
9 0.746875 0.30666666666666664 0.01875 0.04
10 0.5697916666666667 0.2866666666666667 0.014583333333333334 0.03833333333333333
11 0.3971354166666667 0.2733333333333333 0.011979166666666667 0.04
12 0.23489583333333333 0.26958333333333334 0.008333333333333333 0.034166666666666665
13 0.04375 0.28 0.011458333333333333 0.035
49 0.42916666666666664 0.2920833333333333 0.0125 0.04083333333333333
48 0.5591145833333333 0.30375 0.024479166666666666 0.0425
50 0.30234375 0.29583333333333334 0.013020833333333334 0.041666666666666664
51 0.1828125 0.29791666666666666 0.017708333333333333 0.0525
52 0.07708333333333334 0.3179166666666667 0.015625 0.050833333333333335
55 0.15572916666666667 0.45 0.04479166666666667 0.09333333333333334
