32 0.1859375 0.27208333333333334 0.0125 0.034166666666666665
33 0.06614583333333333 0.28291666666666665 0.016666666666666666 0.0375
31 0.3294270833333333 0.2708333333333333 0.011979166666666667 0.03
29 0.625 0.28833333333333333 0.011458333333333333 0.03166666666666667
30 0.496875 0.27791666666666665 0.011458333333333333 0.030833333333333334
28 0.784375 0.31333333333333335 0.0125 0.03
27 0.91875 0.34291666666666665 0.014583333333333334 0.0375
78 0.7325520833333333 0.6679166666666667 0.0828125 0.17916666666666667
68 0.709375 0.31083333333333335 0.017708333333333333 0.041666666666666664
69 0.6041666666666666 0.2991666666666667 0.014583333333333334 0.035
70 0.49921875 0.29 0.015104166666666667 0.03166666666666667
71 0.3966145833333333 0.28541666666666665 0.019270833333333334 0.0375
72 0.30520833333333336 0.29041666666666666 0.021875 0.04583333333333333
73 0.23854166666666668 0.29583333333333334 0.022916666666666665 0.04666666666666667
74 0.20364583333333333 0.31916666666666665 0.022916666666666665 0.058333333333333334
75 0.259375 0.3425 0.03125 0.06166666666666667
76 0.35546875 0.37583333333333335 0.034895833333333334 0.08
77 0.49140625 0.46708333333333335 0.05260416666666667 0.10916666666666666
67 0.8052083333333333 0.3329166666666667 0.01875 0.0425
66 0.8893229166666666 0.35625 0.021354166666666667 0.04583333333333333
65 0.9338541666666667 0.37416666666666665 0.023958333333333335 0.055
