62 0.5653645833333333 0.5279166666666667 0.05260416666666667 0.13083333333333333
40 0.5182291666666666 0.3545833333333333 0.029166666666666667 0.0675
61 0.35885416666666664 0.3541666666666667 0.029166666666666667 0.06666666666666667
60 0.3125 0.3025 0.020833333333333332 0.05
41 0.4203125 0.30291666666666667 0.020833333333333332 0.049166666666666664
42 0.3697916666666667 0.28 0.017708333333333333 0.041666666666666664
43 0.34348958333333335 0.26416666666666666 0.013020833333333334 0.03
58 0.29010416666666666 0.27958333333333335 0.015625 0.0375
44 0.3229166666666667 0.25666666666666665 0.011458333333333333 0.028333333333333332
57 0.26223958333333336 0.27291666666666664 0.0171875 0.034166666666666665
45 0.30546875 0.25416666666666665 0.013020833333333334 0.03166666666666667
56 0.20755208333333333 0.26916666666666667 0.0140625 0.03166666666666667
20 0.125 0.30791666666666667 0.016666666666666666 0.04083333333333333
21 0.06536458333333334 0.3616666666666667 0.025520833333333333 0.06333333333333334
2 0.7609375 0.3720833333333333 0.022916666666666665 0.0525
3 0.5885416666666666 0.3095833333333333 0.016666666666666666 0.0375
4 0.5015625 0.28583333333333333 0.0125 0.03
5 0.446875 0.27 0.009375 0.03
6 0.42473958333333334 0.25458333333333333 0.008854166666666666 0.025833333333333333
8 0.33177083333333335 0.24791666666666667 0.008333333333333333 0.025833333333333333
9 0.25416666666666665 0.24458333333333335 0.008333333333333333 0.0225
7 0.3932291666666667 0.25583333333333336 0.008333333333333333 0.023333333333333334
10 0.1703125 0.24958333333333332 0.007291666666666667 0.0225
47 0.22135416666666666 0.24875 0.009375 0.029166666666666667
46 0.27057291666666666 0.25083333333333335 0.0109375 0.028333333333333332
19 0.13932291666666666 0.2841666666666667 0.013020833333333334 0.035
18 0.10677083333333333 0.285 0.009375 0.03
17 0.00625 0.28291666666666665 0.009375 0.029166666666666667
48 0.16588541666666667 0.25083333333333335 0.0067708333333333336 0.025
55 0.09244791666666667 0.2733333333333333 0.0067708333333333336 0.025
