6 0.04505208333333333 0.46791666666666665 0.049479166666666664 0.1225
5 0.46380208333333334 0.3570833333333333 0.027604166666666666 0.060833333333333336
4 0.5625 0.3095833333333333 0.01875 0.04416666666666667
21 0.9177083333333333 0.30791666666666667 0.0125 0.030833333333333334
20 0.9645833333333333 0.3308333333333333 0.0125 0.035
22 0.8794270833333333 0.29291666666666666 0.0109375 0.025833333333333333
44 0.79453125 0.6175 0.0640625 0.15833333333333333
39 0.7197916666666667 0.27375 0.013541666666666667 0.0275
40 0.7450520833333333 0.28625 0.013020833333333334 0.0275
23 0.8588541666666667 0.28041666666666665 0.009375 0.0275
64 0.7625 0.26375 0.011458333333333333 0.024166666666666666
63 0.78046875 0.27416666666666667 0.013020833333333334 0.023333333333333334
62 0.78828125 0.2816666666666667 0.013020833333333334 0.02666666666666667
24 0.8328125 0.27375 0.011458333333333333 0.0275
61 0.80859375 0.2916666666666667 0.015104166666666667 0.03333333333333333
60 0.82734375 0.31 0.019270833333333334 0.04
58 0.8630208333333333 0.33708333333333335 0.022916666666666665 0.0475
41 0.7463541666666667 0.2991666666666667 0.016666666666666666 0.03333333333333333
42 0.75234375 0.3254166666666667 0.024479166666666666 0.0475
57 0.928125 0.3695833333333333 0.028125 0.0575
43 0.7565104166666666 0.3829166666666667 0.030729166666666665 0.07583333333333334
78 0.65390625 0.26166666666666666 0.011979166666666667 0.025
77 0.6294270833333333 0.26166666666666666 0.0140625 0.025
2 0.63671875 0.27666666666666667 0.013020833333333334 0.028333333333333332
3 0.6078125 0.28583333333333333 0.014583333333333334 0.03166666666666667
