39 0.8661458333333333 0.7120833333333333 0.08020833333333334 0.19083333333333333
38 0.41640625 0.46375 0.04010416666666667 0.11083333333333334
78 0.2484375 0.3875 0.03958333333333333 0.08166666666666667
77 0.16145833333333334 0.3425 0.03229166666666667 0.06833333333333333
76 0.08411458333333334 0.31 0.0265625 0.056666666666666664
75 0.014583333333333334 0.2995833333333333 0.025 0.0475
72 0.04739583333333333 0.2629166666666667 0.016666666666666666 0.0375
71 0.12239583333333333 0.255 0.016666666666666666 0.035
70 0.20963541666666666 0.25375 0.011979166666666667 0.025833333333333333
69 0.2986979166666667 0.255 0.013020833333333334 0.03333333333333333
68 0.384375 0.26166666666666666 0.013541666666666667 0.03333333333333333
67 0.4588541666666667 0.2708333333333333 0.014583333333333334 0.03
66 0.5177083333333333 0.27958333333333335 0.016666666666666666 0.034166666666666665
65 0.5375 0.28833333333333333 0.016666666666666666 0.04
64 0.64453125 0.32916666666666666 0.0234375 0.05333333333333334
63 0.8645833333333334 0.43666666666666665 0.041666666666666664 0.08333333333333333
31 0.06666666666666667 0.24583333333333332 0.010416666666666666 0.03
29 0.32109375 0.24833333333333332 0.0109375 0.028333333333333332
28 0.45703125 0.25625 0.0109375 0.0275
27 0.56171875 0.2733333333333333 0.0109375 0.02666666666666667
26 0.6713541666666667 0.29583333333333334 0.013541666666666667 0.03333333333333333
25 0.72109375 0.3120833333333333 0.018229166666666668 0.03916666666666667
24 0.8471354166666667 0.35791666666666666 0.019270833333333334 0.04583333333333333
