4 0.10494791666666667 0.36291666666666667 0.028645833333333332 0.06583333333333333
19 0.821875 0.3879166666666667 0.022916666666666665 0.0525
18 0.978125 0.4354166666666667 0.020833333333333332 0.05416666666666667
21 0.5424479166666667 0.2941666666666667 0.011979166666666667 0.03166666666666667
20 0.6369791666666667 0.32458333333333333 0.015625 0.04083333333333333
22 0.47734375 0.27708333333333335 0.009895833333333333 0.025833333333333333
39 0.2875 0.2654166666666667 0.0125 0.0325
40 0.33046875 0.2808333333333333 0.0171875 0.04
26 0.3731770833333333 0.24541666666666667 0.0067708333333333336 0.024166666666666666
23 0.440625 0.2658333333333333 0.010416666666666666 0.025
25 0.38359375 0.2475 0.0078125 0.025
24 0.4044270833333333 0.25625 0.0078125 0.0175
69 0.19348958333333333 0.24 0.008854166666666666 0.02
70 0.14921875 0.24 0.0078125 0.02
67 0.2734375 0.24166666666666667 0.007291666666666667 0.021666666666666667
68 0.23776041666666667 0.24125 0.008854166666666666 0.020833333333333332
29 0.203125 0.23833333333333334 0.00625 0.018333333333333333
64 0.3265625 0.25 0.010416666666666666 0.02666666666666667
63 0.35104166666666664 0.26125 0.011458333333333333 0.025833333333333333
62 0.3690104166666667 0.26916666666666667 0.011979166666666667 0.028333333333333332
61 0.41067708333333336 0.28708333333333336 0.0140625 0.034166666666666665
60 0.46328125 0.30916666666666665 0.0203125 0.045
58 0.5765625 0.36291666666666667 0.028125 0.06416666666666666
41 0.35703125 0.3025 0.0203125 0.04833333333333333
42 0.41744791666666664 0.3570833333333333 0.03177083333333333 0.06916666666666667
38 0.23984375 0.25958333333333333 0.008854166666666666 0.0225
30 0.14348958333333334 0.23833333333333334 0.0067708333333333336 0.018333333333333333
57 0.7393229166666667 0.42083333333333334 0.04010416666666667 0.08
43 0.6268229166666667 0.5854166666666667 0.06510416666666667 0.15583333333333332
78 0.20182291666666666 0.25625 0.011979166666666667 0.029166666666666667
77 0.17005208333333333 0.255 0.0109375 0.025
2 0.19166666666666668 0.27875 0.014583333333333334 0.035833333333333335
3 0.1625 0.3020833333333333 0.019791666666666666 0.04583333333333333
