65 0.9174479166666667 0.7495833333333334 0.08177083333333333 0.19916666666666666
64 0.6114583333333333 0.3983333333333333 0.03333333333333333 0.075
63 0.56015625 0.34041666666666665 0.019270833333333334 0.0475
62 0.5598958333333334 0.31416666666666665 0.014583333333333334 0.03333333333333333
38 0.7791666666666667 0.3516666666666667 0.019791666666666666 0.043333333333333335
61 0.5481770833333334 0.2916666666666667 0.0140625 0.03333333333333333
78 0.8953125 0.37916666666666665 0.023958333333333335 0.04666666666666667
39 0.6755208333333333 0.3254166666666667 0.019791666666666666 0.04083333333333333
40 0.6158854166666666 0.29875 0.015104166666666667 0.034166666666666665
41 0.6059895833333333 0.28708333333333336 0.011979166666666667 0.030833333333333334
56 0.5065104166666666 0.26916666666666667 0.0109375 0.02666666666666667
57 0.5375 0.27291666666666664 0.011458333333333333 0.0275
20 0.45859375 0.2791666666666667 0.008854166666666666 0.03
24 0.2708333333333333 0.3933333333333333 0.030208333333333334 0.07
23 0.3515625 0.3329166666666667 0.020833333333333332 0.0475
21 0.4361979166666667 0.28625 0.0109375 0.0375
22 0.41171875 0.30666666666666664 0.015104166666666667 0.03333333333333333
0 0.9015625 0.35833333333333334 0.0125 0.04
1 0.8075520833333333 0.33666666666666667 0.015104166666666667 0.03333333333333333
2 0.7322916666666667 0.31 0.011458333333333333 0.03
3 0.7010416666666667 0.29333333333333333 0.010416666666666666 0.023333333333333334
4 0.67890625 0.2866666666666667 0.0109375 0.021666666666666667
5 0.6627604166666666 0.2808333333333333 0.008854166666666666 0.02
