32 0.14791666666666667 0.26458333333333334 0.013541666666666667 0.034166666666666665
33 0.03463541666666667 0.27541666666666664 0.016145833333333335 0.0375
31 0.28619791666666666 0.25958333333333333 0.0109375 0.029166666666666667
29 0.5674479166666667 0.27541666666666664 0.0109375 0.029166666666666667
28 0.7192708333333333 0.2975 0.011458333333333333 0.03
27 0.84453125 0.3229166666666667 0.0140625 0.035833333333333335
78 0.55703125 0.54125 0.07135416666666666 0.1425
26 0.9861979166666667 0.36291666666666667 0.015104166666666667 0.035833333333333335
68 0.64375 0.29625 0.016666666666666666 0.034166666666666665
69 0.5453125 0.2825 0.016666666666666666 0.03833333333333333
70 0.4453125 0.27666666666666667 0.014583333333333334 0.03333333333333333
71 0.34713541666666664 0.27458333333333335 0.019270833333333334 0.035833333333333335
72 0.26276041666666666 0.2783333333333333 0.018229166666666668 0.03833333333333333
73 0.19739583333333333 0.28541666666666665 0.020833333333333332 0.04583333333333333
74 0.16380208333333332 0.3020833333333333 0.021354166666666667 0.049166666666666664
75 0.2140625 0.3204166666666667 0.029166666666666667 0.059166666666666666
77 0.40208333333333335 0.415 0.042708333333333334 0.08666666666666667
76 0.29609375 0.35041666666666665 0.033854166666666664 0.0675
67 0.7322916666666667 0.31333333333333335 0.019791666666666666 0.04
66 0.8075520833333333 0.33166666666666667 0.019270833333333334 0.045
65 0.8427083333333333 0.34708333333333335 0.021875 0.04416666666666667
