43 0.825 0.4554166666666667 0.052083333333333336 0.08583333333333333
44 0.62734375 0.34791666666666665 0.028645833333333332 0.05416666666666667
57 0.66328125 0.6470833333333333 0.08072916666666667 0.17583333333333334
45 0.5611979166666666 0.32125 0.025520833333333333 0.0475
46 0.4708333333333333 0.30333333333333334 0.021875 0.043333333333333335
47 0.3640625 0.29291666666666666 0.021875 0.04416666666666667
56 0.30520833333333336 0.47791666666666666 0.052083333333333336 0.1125
6 0.8622395833333333 0.35875 0.019270833333333334 0.0475
7 0.7348958333333333 0.33541666666666664 0.015625 0.04083333333333333
8 0.5856770833333333 0.2995833333333333 0.0171875 0.035833333333333335
9 0.42916666666666664 0.28 0.013541666666666667 0.035
10 0.26614583333333336 0.2758333333333333 0.013541666666666667 0.03666666666666667
11 0.10625 0.27791666666666665 0.010416666666666666 0.034166666666666665
49 0.13255208333333332 0.2916666666666667 0.0109375 0.03333333333333333
48 0.2513020833333333 0.29083333333333333 0.015104166666666667 0.03833333333333333
50 0.01328125 0.30333333333333334 0.011979166666666667 0.03166666666666667
