58 0.6958333333333333 0.7395833333333334 0.08854166666666667 0.21583333333333332
43 0.578125 0.38958333333333334 0.0375 0.0725
44 0.44583333333333336 0.32083333333333336 0.022916666666666665 0.04833333333333333
57 0.38333333333333336 0.4866666666666667 0.05416666666666667 0.11666666666666667
45 0.39296875 0.30333333333333334 0.022395833333333334 0.04666666666666667
46 0.31588541666666664 0.2891666666666667 0.022395833333333334 0.045
47 0.21953125 0.2825 0.021354166666666667 0.043333333333333335
56 0.15364583333333334 0.41208333333333336 0.040625 0.0875
5 0.8356770833333333 0.40958333333333335 0.024479166666666666 0.059166666666666666
6 0.6591145833333333 0.32416666666666666 0.0140625 0.043333333333333335
7 0.55625 0.3104166666666667 0.013541666666666667 0.034166666666666665
8 0.42552083333333335 0.28458333333333335 0.014583333333333334 0.0325
9 0.28229166666666666 0.2704166666666667 0.011458333333333333 0.030833333333333334
10 0.1296875 0.2725 0.013541666666666667 0.03333333333333333
48 0.11510416666666666 0.28291666666666665 0.014583333333333334 0.03916666666666667
49 0.00546875 0.2920833333333333 0.0109375 0.035833333333333335
