39 0.38723958333333336 0.4691666666666667 0.04739583333333333 0.10666666666666667
30 0.052083333333333336 0.255 0.010416666666666666 0.025
29 0.15494791666666666 0.25083333333333335 0.008854166666666666 0.02666666666666667
27 0.37265625 0.26416666666666666 0.011979166666666667 0.03
38 0.17421875 0.385 0.028645833333333332 0.08
26 0.465625 0.27708333333333335 0.011458333333333333 0.0325
25 0.5015625 0.28833333333333333 0.014583333333333334 0.035
24 0.5872395833333334 0.31625 0.0171875 0.0425
23 0.7736979166666667 0.3770833333333333 0.024479166666666666 0.05583333333333333
68 0.20989583333333334 0.2579166666666667 0.014583333333333334 0.0325
69 0.13125 0.25833333333333336 0.0125 0.028333333333333332
70 0.049479166666666664 0.26 0.013541666666666667 0.028333333333333332
77 0.008333333333333333 0.3283333333333333 0.015625 0.056666666666666664
78 0.06770833333333333 0.3541666666666667 0.030208333333333334 0.06333333333333334
67 0.2747395833333333 0.26375 0.013020833333333334 0.030833333333333334
66 0.3255208333333333 0.27125 0.014583333333333334 0.0325
65 0.33828125 0.27666666666666667 0.015104166666666667 0.03333333333333333
64 0.40989583333333335 0.30083333333333334 0.020833333333333332 0.043333333333333335
63 0.53515625 0.3620833333333333 0.0296875 0.0625
62 0.8080729166666667 0.5175 0.0546875 0.11333333333333333
28 0.27838541666666666 0.255 0.009895833333333333 0.025
