77 0.7565104166666666 0.6704166666666667 0.0796875 0.18416666666666667
76 0.4708333333333333 0.4575 0.04895833333333333 0.10833333333333334
75 0.32864583333333336 0.39458333333333334 0.036458333333333336 0.07583333333333334
74 0.25625 0.35583333333333333 0.026041666666666668 0.06333333333333334
73 0.29635416666666664 0.3258333333333333 0.021875 0.04833333333333333
72 0.3736979166666667 0.315 0.021354166666666667 0.045
71 0.47213541666666664 0.3104166666666667 0.0203125 0.0425
70 0.58671875 0.3125 0.0171875 0.035
69 0.70546875 0.3233333333333333 0.0171875 0.03833333333333333
68 0.8252604166666667 0.3425 0.0203125 0.043333333333333335
67 0.9393229166666667 0.36666666666666664 0.021354166666666667 0.043333333333333335
31 0.39348958333333334 0.29083333333333333 0.013020833333333334 0.03333333333333333
32 0.23333333333333334 0.2945833333333333 0.014583333333333334 0.0375
33 0.09713541666666667 0.30875 0.016145833333333335 0.0425
30 0.5765625 0.2991666666666667 0.0125 0.03166666666666667
28 0.89765625 0.34 0.015104166666666667 0.035
29 0.7174479166666666 0.3104166666666667 0.0109375 0.0325
