43 0.6802083333333333 0.41458333333333336 0.041666666666666664 0.0775
44 0.521875 0.32916666666666666 0.027083333333333334 0.04833333333333333
57 0.4901041666666667 0.5458333333333333 0.06666666666666667 0.13833333333333334
45 0.46328125 0.31083333333333335 0.0234375 0.04666666666666667
46 0.37942708333333336 0.2945833333333333 0.022395833333333334 0.04583333333333333
47 0.2791666666666667 0.28791666666666665 0.019791666666666666 0.0425
56 0.21119791666666668 0.43833333333333335 0.049479166666666664 0.095
5 0.9541666666666667 0.4395833333333333 0.028125 0.0675
6 0.74453125 0.33625 0.0171875 0.0425
7 0.63125 0.31958333333333333 0.015625 0.0375
8 0.49114583333333334 0.29041666666666666 0.015625 0.035833333333333335
9 0.34296875 0.27291666666666664 0.011979166666666667 0.0325
10 0.1859375 0.27291666666666664 0.0125 0.0325
11 0.029427083333333333 0.27666666666666667 0.0109375 0.03333333333333333
48 0.17005208333333333 0.285 0.015104166666666667 0.035
49 0.055989583333333336 0.2891666666666667 0.013020833333333334 0.03666666666666667
