42 0.83125 0.5604166666666667 0.06041666666666667 0.13083333333333333
43 0.49583333333333335 0.3720833333333333 0.03125 0.06583333333333333
58 0.51875 0.59875 0.06875 0.15416666666666667
44 0.38619791666666664 0.3154166666666667 0.021354166666666667 0.04583333333333333
57 0.30755208333333334 0.445 0.0515625 0.10166666666666667
45 0.33880208333333334 0.30083333333333334 0.0203125 0.045
46 0.26484375 0.28791666666666665 0.018229166666666668 0.0425
47 0.1734375 0.285 0.01875 0.04
56 0.1140625 0.39125 0.040625 0.0825
5 0.7356770833333334 0.3883333333333333 0.022395833333333334 0.055
6 0.5864583333333333 0.31625 0.0125 0.03916666666666667
7 0.49375 0.30375 0.013541666666666667 0.034166666666666665
8 0.37005208333333334 0.2825 0.0140625 0.03166666666666667
9 0.23385416666666667 0.27125 0.0125 0.0325
10 0.08723958333333333 0.275 0.011979166666666667 0.03166666666666667
48 0.07317708333333334 0.28833333333333333 0.0140625 0.041666666666666664
