39 0.8692708333333333 0.7141666666666666 0.07916666666666666 0.195
38 0.4153645833333333 0.4658333333333333 0.04114583333333333 0.11333333333333333
78 0.24895833333333334 0.38708333333333333 0.0375 0.0825
77 0.1625 0.3416666666666667 0.03333333333333333 0.06833333333333333
76 0.08541666666666667 0.3104166666666667 0.026041666666666668 0.05416666666666667
75 0.015364583333333333 0.29833333333333334 0.022395833333333334 0.04833333333333333
72 0.04791666666666667 0.2625 0.015625 0.035
71 0.1234375 0.25625 0.015625 0.030833333333333334
70 0.21067708333333332 0.2520833333333333 0.011979166666666667 0.029166666666666667
69 0.29921875 0.25416666666666665 0.0140625 0.03333333333333333
68 0.3859375 0.2608333333333333 0.013541666666666667 0.03333333333333333
67 0.45807291666666666 0.2708333333333333 0.015104166666666667 0.03
66 0.5184895833333333 0.28041666666666665 0.016145833333333335 0.035833333333333335
65 0.5385416666666667 0.28958333333333336 0.017708333333333333 0.03916666666666667
64 0.646875 0.3304166666666667 0.023958333333333335 0.0525
63 0.86640625 0.43875 0.04114583333333333 0.08583333333333333
31 0.06692708333333333 0.2475 0.0109375 0.02666666666666667
29 0.321875 0.24666666666666667 0.010416666666666666 0.028333333333333332
28 0.45703125 0.25666666666666665 0.0109375 0.028333333333333332
27 0.5622395833333333 0.2733333333333333 0.011979166666666667 0.028333333333333332
26 0.6723958333333333 0.29625 0.014583333333333334 0.0325
25 0.721875 0.31166666666666665 0.016666666666666666 0.03666666666666667
24 0.8481770833333333 0.3595833333333333 0.018229166666666668 0.0425
