39 0.28151041666666665 0.375 0.033854166666666664 0.075
29 0.11380208333333333 0.24041666666666667 0.008854166666666666 0.029166666666666667
27 0.31197916666666664 0.2475 0.010416666666666666 0.025
40 0.8151041666666666 0.8566666666666667 0.11354166666666667 0.265
38 0.13828125 0.33375 0.021354166666666667 0.05583333333333333
26 0.39453125 0.2608333333333333 0.009895833333333333 0.02666666666666667
25 0.42291666666666666 0.26708333333333334 0.011458333333333333 0.035833333333333335
24 0.4864583333333333 0.29041666666666666 0.014583333333333334 0.035833333333333335
23 0.62109375 0.3283333333333333 0.021354166666666667 0.041666666666666664
22 0.8533854166666667 0.41541666666666666 0.0328125 0.06416666666666666
68 0.1640625 0.24875 0.0125 0.029166666666666667
69 0.09322916666666667 0.24708333333333332 0.013541666666666667 0.0325
70 0.01796875 0.2525 0.0109375 0.025
78 0.05286458333333333 0.31833333333333336 0.0234375 0.055
67 0.2234375 0.25083333333333335 0.0125 0.028333333333333332
66 0.2682291666666667 0.2575 0.0125 0.03333333333333333
65 0.27760416666666665 0.2608333333333333 0.0125 0.03333333333333333
64 0.3333333333333333 0.2783333333333333 0.016666666666666666 0.03666666666666667
63 0.4200520833333333 0.3204166666666667 0.0234375 0.05583333333333333
62 0.5609375 0.39666666666666667 0.036458333333333336 0.07666666666666666
28 0.22734375 0.24291666666666667 0.008854166666666666 0.024166666666666666
