38 0.5880208333333333 0.5745833333333333 0.058333333333333334 0.15083333333333335
78 0.3372395833333333 0.4379166666666667 0.05364583333333333 0.1075
77 0.22682291666666668 0.36541666666666667 0.0390625 0.08083333333333333
76 0.13828125 0.32125 0.0296875 0.0625
75 0.062239583333333334 0.30375 0.0265625 0.05583333333333333
74 0.015104166666666667 0.28958333333333336 0.019791666666666666 0.04416666666666667
73 0.042708333333333334 0.27291666666666664 0.015625 0.03916666666666667
72 0.10260416666666666 0.26375 0.017708333333333333 0.0375
71 0.18385416666666668 0.2579166666666667 0.015625 0.034166666666666665
70 0.2752604166666667 0.2554166666666667 0.013020833333333334 0.029166666666666667
69 0.3697916666666667 0.2579166666666667 0.014583333333333334 0.034166666666666665
68 0.4627604166666667 0.26666666666666666 0.0140625 0.03333333333333333
67 0.54296875 0.27875 0.0171875 0.035833333333333335
66 0.6091145833333333 0.2920833333333333 0.0171875 0.03916666666666667
65 0.6354166666666666 0.30291666666666667 0.019791666666666666 0.0425
64 0.7747395833333334 0.35541666666666666 0.028645833333333332 0.0625
31 0.12421875 0.24666666666666667 0.009895833333333333 0.02666666666666667
29 0.39296875 0.25 0.008854166666666666 0.02666666666666667
28 0.5361979166666667 0.26458333333333334 0.011979166666666667 0.029166666666666667
27 0.65078125 0.28541666666666665 0.0109375 0.030833333333333334
26 0.7734375 0.31375 0.015625 0.034166666666666665
25 0.8338541666666667 0.33458333333333334 0.016666666666666666 0.0375
