65 0.8565104166666667 0.6558333333333334 0.06822916666666666 0.16166666666666665
64 0.6611979166666667 0.38875 0.030729166666666665 0.07083333333333333
63 0.625 0.33875 0.01875 0.04416666666666667
62 0.6299479166666667 0.31583333333333335 0.0171875 0.03666666666666667
78 0.9489583333333333 0.3829166666666667 0.021875 0.04583333333333333
38 0.8393229166666667 0.3516666666666667 0.022395833333333334 0.041666666666666664
39 0.7427083333333333 0.3275 0.019791666666666666 0.03833333333333333
40 0.6895833333333333 0.30125 0.014583333333333334 0.0325
41 0.6815104166666667 0.29291666666666666 0.008854166666666666 0.029166666666666667
56 0.5872395833333334 0.2733333333333333 0.011979166666666667 0.02666666666666667
24 0.35 0.37833333333333335 0.029166666666666667 0.065
25 0.05911458333333333 0.5329166666666667 0.0546875 0.11916666666666667
23 0.4283854166666667 0.325 0.021354166666666667 0.04666666666666667
22 0.4890625 0.305 0.014583333333333334 0.035
0 0.9630208333333333 0.3645833333333333 0.014583333333333334 0.0375
1 0.8731770833333333 0.34041666666666665 0.016145833333333335 0.0325
2 0.8028645833333333 0.3154166666666667 0.011979166666666667 0.029166666666666667
3 0.7744791666666667 0.3 0.011458333333333333 0.025
4 0.7552083333333334 0.29083333333333333 0.010416666666666666 0.021666666666666667
5 0.7411458333333333 0.285 0.009375 0.02
57 0.6171875 0.2758333333333333 0.010416666666666666 0.02666666666666667
21 0.51328125 0.29041666666666666 0.0109375 0.029166666666666667
