60 0.3578125 0.41458333333333336 0.041666666666666664 0.0925
41 0.5682291666666667 0.41083333333333333 0.042708333333333334 0.08666666666666667
42 0.40677083333333336 0.33166666666666667 0.023958333333333335 0.05333333333333334
43 0.3419270833333333 0.29791666666666666 0.0171875 0.03916666666666667
58 0.2799479166666667 0.32958333333333334 0.025520833333333333 0.05583333333333333
44 0.30416666666666664 0.28 0.014583333333333334 0.03333333333333333
57 0.23046875 0.3120833333333333 0.022395833333333334 0.050833333333333335
45 0.278125 0.2733333333333333 0.014583333333333334 0.03333333333333333
46 0.23125 0.26875 0.0125 0.0325
47 0.16744791666666667 0.26666666666666666 0.013020833333333334 0.02666666666666667
56 0.14348958333333334 0.3 0.018229166666666668 0.041666666666666664
19 0.026822916666666665 0.3383333333333333 0.021354166666666667 0.05
3 0.84453125 0.4245833333333333 0.0265625 0.06583333333333333
4 0.6065104166666667 0.34541666666666665 0.0171875 0.04416666666666667
5 0.48723958333333334 0.30916666666666665 0.013020833333333334 0.03166666666666667
6 0.4388020833333333 0.28041666666666665 0.0109375 0.034166666666666665
7 0.38958333333333334 0.2775 0.010416666666666666 0.02666666666666667
8 0.30859375 0.2654166666666667 0.008854166666666666 0.024166666666666666
9 0.21041666666666667 0.25833333333333336 0.008333333333333333 0.02666666666666667
10 0.10416666666666667 0.26166666666666666 0.009375 0.025
49 0.0234375 0.27125 0.010416666666666666 0.030833333333333334
48 0.09635416666666667 0.2675 0.011458333333333333 0.028333333333333332
