62 0.45807291666666666 0.44125 0.04010416666666667 0.09916666666666667
39 0.8200520833333333 0.4895833333333333 0.05260416666666667 0.10083333333333333
40 0.4703125 0.33958333333333335 0.025 0.059166666666666666
61 0.3359375 0.335 0.023958333333333335 0.06
60 0.30182291666666666 0.2970833333333333 0.018229166666666668 0.04416666666666667
41 0.39921875 0.3 0.018229166666666668 0.045
42 0.35859375 0.27958333333333335 0.0140625 0.0375
43 0.33697916666666666 0.2679166666666667 0.0125 0.029166666666666667
58 0.28619791666666666 0.28 0.013020833333333334 0.03333333333333333
44 0.31953125 0.26 0.009895833333333333 0.028333333333333332
57 0.2604166666666667 0.27125 0.0125 0.030833333333333334
45 0.3028645833333333 0.25833333333333336 0.011979166666666667 0.03166666666666667
56 0.20989583333333334 0.2679166666666667 0.013541666666666667 0.030833333333333334
20 0.13697916666666668 0.2995833333333333 0.014583333333333334 0.04083333333333333
21 0.08984375 0.33708333333333335 0.021354166666666667 0.05416666666666667
1 0.9723958333333333 0.44958333333333333 0.027083333333333334 0.0625
2 0.684375 0.35625 0.019791666666666666 0.049166666666666664
3 0.55234375 0.30916666666666665 0.016145833333333335 0.03666666666666667
4 0.48046875 0.29 0.011979166666666667 0.03
5 0.43333333333333335 0.27375 0.008333333333333333 0.025833333333333333
6 0.41510416666666666 0.26 0.010416666666666666 0.028333333333333332
8 0.32864583333333336 0.2520833333333333 0.007291666666666667 0.024166666666666666
7 0.38671875 0.26 0.0078125 0.023333333333333334
47 0.22421875 0.25166666666666665 0.0078125 0.023333333333333334
46 0.26979166666666665 0.25166666666666665 0.009375 0.02666666666666667
19 0.14817708333333332 0.27791666666666665 0.0109375 0.0375
18 0.11796875 0.2783333333333333 0.008854166666666666 0.03166666666666667
17 0.024739583333333332 0.27708333333333335 0.008854166666666666 0.0275
