62 0.6020833333333333 0.5641666666666667 0.06041666666666667 0.14333333333333334
40 0.53046875 0.36583333333333334 0.03177083333333333 0.07
61 0.365625 0.36291666666666667 0.029166666666666667 0.07083333333333333
60 0.3143229166666667 0.31 0.0203125 0.05
41 0.42421875 0.3095833333333333 0.019270833333333334 0.049166666666666664
42 0.37083333333333335 0.28458333333333335 0.016666666666666666 0.03916666666666667
43 0.34348958333333335 0.26916666666666667 0.0140625 0.03333333333333333
58 0.290625 0.2841666666666667 0.014583333333333334 0.04
44 0.3234375 0.2633333333333333 0.0125 0.028333333333333332
57 0.26223958333333336 0.27791666666666665 0.016145833333333335 0.0375
45 0.30494791666666665 0.25708333333333333 0.011979166666666667 0.029166666666666667
46 0.2674479166666667 0.25625 0.0078125 0.024166666666666666
56 0.20546875 0.27291666666666664 0.0140625 0.0325
20 0.12083333333333333 0.315 0.016666666666666666 0.04
21 0.05807291666666667 0.37125 0.0234375 0.06416666666666666
2 0.7791666666666667 0.38125 0.025 0.05583333333333333
3 0.5966145833333333 0.31625 0.015104166666666667 0.03916666666666667
4 0.50546875 0.29125 0.013020833333333334 0.034166666666666665
5 0.44895833333333335 0.27666666666666667 0.010416666666666666 0.02666666666666667
6 0.4270833333333333 0.25916666666666666 0.008333333333333333 0.023333333333333334
8 0.33125 0.2525 0.008333333333333333 0.025
9 0.25364583333333335 0.24916666666666668 0.007291666666666667 0.023333333333333334
7 0.39296875 0.25958333333333333 0.008854166666666666 0.0225
10 0.16822916666666668 0.2525 0.008333333333333333 0.021666666666666667
47 0.21979166666666666 0.25333333333333335 0.009375 0.02666666666666667
19 0.13645833333333332 0.29 0.014583333333333334 0.03666666666666667
18 0.10364583333333334 0.2891666666666667 0.008333333333333333 0.03
48 0.16354166666666667 0.25708333333333333 0.008333333333333333 0.025833333333333333
55 0.08984375 0.27625 0.0067708333333333336 0.0275
