64 0.5645833333333333 0.41 0.036458333333333336 0.08333333333333333
63 0.49557291666666664 0.3425 0.021354166666666667 0.05333333333333334
62 0.4895833333333333 0.31 0.014583333333333334 0.035
38 0.7216145833333333 0.34833333333333333 0.022395833333333334 0.04666666666666667
61 0.47708333333333336 0.2891666666666667 0.0125 0.03333333333333333
78 0.8458333333333333 0.38 0.023958333333333335 0.051666666666666666
39 0.6130208333333333 0.32375 0.017708333333333333 0.04416666666666667
40 0.5463541666666667 0.295 0.015625 0.03
41 0.5354166666666667 0.28 0.0125 0.03
56 0.42994791666666665 0.26416666666666666 0.011979166666666667 0.028333333333333332
57 0.4627604166666667 0.26875 0.011979166666666667 0.025833333333333333
20 0.3815104166666667 0.27541666666666664 0.008854166666666666 0.030833333333333334
24 0.19010416666666666 0.4091666666666667 0.034375 0.07666666666666666
23 0.2747395833333333 0.33375 0.021354166666666667 0.049166666666666664
21 0.35963541666666665 0.28375 0.011979166666666667 0.034166666666666665
22 0.33541666666666664 0.3045833333333333 0.014583333333333334 0.0375
0 0.84375 0.35583333333333333 0.014583333333333334 0.04
1 0.746875 0.3325 0.0125 0.03333333333333333
2 0.6643229166666667 0.30625 0.0109375 0.0275
3 0.6299479166666667 0.2891666666666667 0.0109375 0.023333333333333334
4 0.6059895833333333 0.28125 0.008854166666666666 0.0225
5 0.5890625 0.27416666666666667 0.010416666666666666 0.023333333333333334
42 0.52578125 0.27416666666666667 0.009895833333333333 0.023333333333333334
