43 0.9692708333333333 0.4970833333333333 0.05416666666666667 0.09416666666666666
44 0.7317708333333334 0.36333333333333334 0.030208333333333334 0.06
57 0.8572916666666667 0.76 0.09895833333333333 0.215
45 0.6578125 0.33416666666666667 0.026041666666666668 0.05333333333333334
46 0.5619791666666667 0.31375 0.025 0.0475
47 0.45026041666666666 0.2995833333333333 0.024479166666666666 0.0425
56 0.41119791666666666 0.51875 0.0609375 0.12916666666666668
6 0.9763020833333333 0.38083333333333336 0.0234375 0.05
7 0.8377604166666667 0.35083333333333333 0.018229166666666668 0.041666666666666664
8 0.6791666666666667 0.31166666666666665 0.015625 0.03666666666666667
9 0.5166666666666667 0.2866666666666667 0.015625 0.03666666666666667
10 0.34921875 0.28 0.013020833333333334 0.035
11 0.18541666666666667 0.27708333333333335 0.011458333333333333 0.03916666666666667
12 0.026822916666666665 0.2825 0.009895833333333333 0.03
49 0.21302083333333333 0.2920833333333333 0.010416666666666666 0.035833333333333335
48 0.3341145833333333 0.2945833333333333 0.0140625 0.0375
50 0.09192708333333334 0.3020833333333333 0.013020833333333334 0.0375
