6 0.28932291666666665 0.3954166666666667 0.03177083333333333 0.09083333333333334
5 0.63671875 0.34541666666666665 0.022395833333333334 0.05583333333333333
4 0.7421875 0.3129166666666667 0.015625 0.04083333333333333
45 0.85 0.7758333333333334 0.08541666666666667 0.21666666666666667
38 0.88203125 0.27875 0.008854166666666666 0.0275
39 0.9174479166666667 0.2875 0.0140625 0.025
44 0.8236979166666667 0.5204166666666666 0.0515625 0.11583333333333333
43 0.8903645833333333 0.37666666666666665 0.03177083333333333 0.06666666666666667
40 0.9348958333333334 0.29875 0.014583333333333334 0.0325
64 0.9661458333333334 0.28208333333333335 0.0125 0.020833333333333332
63 0.9783854166666667 0.2920833333333333 0.008854166666666666 0.019166666666666665
62 0.9848958333333333 0.2975 0.010416666666666666 0.025
41 0.9278645833333333 0.30875 0.019270833333333334 0.035833333333333335
42 0.91953125 0.33125 0.021354166666666667 0.04583333333333333
78 0.85390625 0.27625 0.011979166666666667 0.0225
77 0.8309895833333333 0.27208333333333334 0.011979166666666667 0.025833333333333333
2 0.8294270833333334 0.28541666666666665 0.011979166666666667 0.025833333333333333
3 0.7940104166666667 0.29291666666666666 0.013020833333333334 0.029166666666666667
