77 0.7036458333333333 0.63625 0.07604166666666666 0.1775
76 0.44895833333333335 0.44583333333333336 0.04375 0.1
75 0.3125 0.38458333333333333 0.0375 0.0725
74 0.24296875 0.34958333333333336 0.027604166666666666 0.06583333333333333
73 0.2833333333333333 0.32083333333333336 0.026041666666666668 0.04833333333333333
72 0.35885416666666664 0.31166666666666665 0.020833333333333332 0.045
71 0.45729166666666665 0.3075 0.01875 0.041666666666666664
70 0.57109375 0.30916666666666665 0.0171875 0.03833333333333333
69 0.6872395833333333 0.32125 0.016145833333333335 0.04083333333333333
68 0.8057291666666667 0.3383333333333333 0.01875 0.043333333333333335
67 0.9174479166666667 0.36333333333333334 0.019270833333333334 0.045
31 0.37994791666666666 0.28708333333333336 0.013020833333333334 0.034166666666666665
32 0.22213541666666667 0.2920833333333333 0.013020833333333334 0.034166666666666665
33 0.08802083333333334 0.30541666666666667 0.016666666666666666 0.04416666666666667
30 0.5611979166666666 0.2970833333333333 0.013020833333333334 0.030833333333333334
28 0.878125 0.33666666666666667 0.013541666666666667 0.035
29 0.7013020833333333 0.30916666666666665 0.011979166666666667 0.03
