75 0.5861979166666667 0.525 0.05677083333333333 0.12833333333333333
74 0.42526041666666664 0.4175 0.0421875 0.09666666666666666
73 0.45807291666666666 0.35291666666666666 0.030729166666666665 0.0675
72 0.5466145833333333 0.33541666666666664 0.025520833333333333 0.05583333333333333
71 0.6614583333333334 0.33125 0.026041666666666668 0.050833333333333335
70 0.79765625 0.34 0.0203125 0.04833333333333333
69 0.940625 0.36375 0.020833333333333332 0.049166666666666664
31 0.5494791666666666 0.2966666666666667 0.016666666666666666 0.03666666666666667
32 0.35911458333333335 0.2945833333333333 0.0171875 0.04583333333333333
33 0.18880208333333334 0.31083333333333335 0.021354166666666667 0.05
30 0.7619791666666667 0.3179166666666667 0.0125 0.035833333333333335
29 0.9283854166666666 0.3441666666666667 0.015104166666666667 0.03833333333333333
