11 0.85625 0.3491666666666667 0.011458333333333333 0.03833333333333333
12 0.6692708333333334 0.32208333333333333 0.013541666666666667 0.04083333333333333
13 0.45416666666666666 0.315 0.0125 0.045
14 0.2552083333333333 0.3229166666666667 0.019791666666666666 0.0525
15 0.011197916666666667 0.36041666666666666 0.0203125 0.07416666666666667
49 0.9174479166666667 0.37875 0.013020833333333334 0.04583333333333333
50 0.7671875 0.36666666666666664 0.014583333333333334 0.043333333333333335
51 0.6315104166666666 0.3620833333333333 0.016145833333333335 0.0575
52 0.51015625 0.3779166666666667 0.0203125 0.06416666666666666
55 0.7770833333333333 0.7445833333333334 0.09583333333333334 0.18916666666666668
53 0.42630208333333336 0.41375 0.022395833333333334 0.07583333333333334
54 0.4317708333333333 0.5033333333333333 0.036458333333333336 0.10666666666666667
