21 0.9354166666666667 0.45166666666666666 0.03333333333333333 0.07166666666666667
22 0.6236979166666666 0.35 0.021354166666666667 0.04666666666666667
39 0.21848958333333332 0.3283333333333333 0.0265625 0.055
29 0.08541666666666667 0.24625 0.008333333333333333 0.0225
27 0.2625 0.25166666666666665 0.009375 0.023333333333333334
40 0.39140625 0.44875 0.0484375 0.1025
38 0.11796875 0.30791666666666667 0.0171875 0.04416666666666667
26 0.3328125 0.2579166666666667 0.009375 0.0275
25 0.35390625 0.26458333333333334 0.0109375 0.025833333333333333
24 0.4010416666666667 0.27875 0.010416666666666666 0.030833333333333334
23 0.49244791666666665 0.30416666666666664 0.0171875 0.03666666666666667
68 0.13151041666666666 0.25 0.009895833333333333 0.02666666666666667
69 0.06796875 0.2520833333333333 0.0109375 0.024166666666666666
78 0.05026041666666667 0.30083333333333334 0.019270833333333334 0.043333333333333335
67 0.18307291666666667 0.25375 0.011979166666666667 0.0275
66 0.221875 0.25458333333333333 0.011458333333333333 0.0275
65 0.23020833333333332 0.25875 0.010416666666666666 0.0275
64 0.2716145833333333 0.27166666666666667 0.016145833333333335 0.03666666666666667
63 0.33151041666666664 0.2975 0.018229166666666668 0.043333333333333335
62 0.40390625 0.3383333333333333 0.024479166666666666 0.05
61 0.6315104166666666 0.4425 0.044270833333333336 0.08666666666666667
28 0.18802083333333333 0.24458333333333335 0.00625 0.024166666666666666
