62 0.46484375 0.44708333333333333 0.043229166666666666 0.1025
39 0.8359375 0.4945833333333333 0.05520833333333333 0.10083333333333333
40 0.47421875 0.34208333333333335 0.025520833333333333 0.0575
61 0.33567708333333335 0.33541666666666664 0.025520833333333333 0.060833333333333336
60 0.30182291666666666 0.2975 0.019270833333333334 0.045
41 0.39947916666666666 0.2975 0.019791666666666666 0.045
42 0.35859375 0.27791666666666665 0.016145833333333335 0.0375
43 0.33619791666666665 0.265 0.011979166666666667 0.03
58 0.284375 0.27666666666666667 0.014583333333333334 0.035
44 0.31796875 0.25833333333333336 0.0109375 0.028333333333333332
57 0.25885416666666666 0.26958333333333334 0.013541666666666667 0.0325
45 0.30104166666666665 0.25583333333333336 0.013541666666666667 0.03166666666666667
56 0.2078125 0.26708333333333334 0.0125 0.029166666666666667
20 0.13385416666666666 0.29791666666666666 0.013541666666666667 0.03916666666666667
21 0.08645833333333333 0.33916666666666667 0.019791666666666666 0.05333333333333334
1 0.98515625 0.44875 0.0265625 0.0625
2 0.6903645833333333 0.35541666666666666 0.019270833333333334 0.0475
3 0.55390625 0.30666666666666664 0.0140625 0.035
4 0.48072916666666665 0.28625 0.0125 0.0275
5 0.43359375 0.27125 0.009895833333333333 0.0275
6 0.41432291666666665 0.2575 0.008854166666666666 0.02666666666666667
8 0.32734375 0.24791666666666667 0.0078125 0.0225
7 0.38515625 0.25625 0.0078125 0.0225
47 0.2203125 0.24833333333333332 0.009375 0.023333333333333334
46 0.26796875 0.25083333333333335 0.009895833333333333 0.028333333333333332
19 0.14583333333333334 0.27708333333333335 0.011458333333333333 0.03916666666666667
18 0.11458333333333333 0.27708333333333335 0.010416666666666666 0.0325
17 0.020833333333333332 0.27875 0.007291666666666667 0.0275
