43 0.78984375 0.44583333333333336 0.04739583333333333 0.085
44 0.6013020833333333 0.3425 0.027604166666666666 0.051666666666666666
57 0.6174479166666667 0.6225 0.0796875 0.165
45 0.5369791666666667 0.31875 0.023958333333333335 0.0475
46 0.44817708333333334 0.30083333333333334 0.0234375 0.045
47 0.3424479166666667 0.2920833333333333 0.0203125 0.04083333333333333
56 0.28046875 0.4691666666666667 0.0515625 0.11166666666666666
6 0.8330729166666667 0.35125 0.018229166666666668 0.0475
7 0.7096354166666666 0.32916666666666666 0.0171875 0.04
8 0.5630208333333333 0.2975 0.014583333333333334 0.03666666666666667
9 0.40859375 0.2783333333333333 0.013020833333333334 0.03166666666666667
10 0.24635416666666668 0.27458333333333335 0.0125 0.035833333333333335
11 0.08697916666666666 0.2783333333333333 0.010416666666666666 0.03166666666666667
49 0.11380208333333333 0.2916666666666667 0.011979166666666667 0.035
48 0.22942708333333334 0.28958333333333336 0.018229166666666668 0.03916666666666667
