63 0.47317708333333336 0.47333333333333333 0.0484375 0.10666666666666667
62 0.3731770833333333 0.34291666666666665 0.025520833333333333 0.060833333333333336
38 0.8330729166666667 0.44 0.0359375 0.075
61 0.32265625 0.29833333333333334 0.018229166666666668 0.045
39 0.5885416666666666 0.3729166666666667 0.03229166666666667 0.06416666666666666
40 0.42265625 0.3016666666666667 0.0171875 0.043333333333333335
60 0.30755208333333334 0.27666666666666667 0.0140625 0.035
41 0.384375 0.27791666666666665 0.013541666666666667 0.04083333333333333
42 0.36015625 0.2625 0.013020833333333334 0.03333333333333333
43 0.34661458333333334 0.25458333333333333 0.011979166666666667 0.025833333333333333
58 0.2994791666666667 0.2629166666666667 0.011458333333333333 0.029166666666666667
0 0.9322916666666666 0.4241666666666667 0.020833333333333332 0.05333333333333334
44 0.33359375 0.24958333333333332 0.009895833333333333 0.025833333333333333
57 0.2799479166666667 0.2579166666666667 0.0109375 0.024166666666666666
56 0.23645833333333333 0.25125 0.010416666666666666 0.025833333333333333
20 0.1765625 0.27291666666666664 0.010416666666666666 0.0325
21 0.146875 0.29333333333333333 0.013541666666666667 0.043333333333333335
22 0.10651041666666666 0.33958333333333335 0.022395833333333334 0.059166666666666666
1 0.7546875 0.37041666666666667 0.023958333333333335 0.049166666666666664
2 0.5888020833333333 0.31833333333333336 0.0140625 0.035
3 0.5106770833333333 0.28583333333333333 0.013020833333333334 0.03166666666666667
4 0.46380208333333334 0.27125 0.0109375 0.0275
5 0.43125 0.25833333333333336 0.008333333333333333 0.025
6 0.4205729166666667 0.24916666666666668 0.0078125 0.021666666666666667
7 0.39505208333333336 0.24791666666666667 0.008854166666666666 0.0225
47 0.24895833333333334 0.24208333333333334 0.008333333333333333 0.019166666666666665
45 0.3203125 0.24583333333333332 0.009375 0.023333333333333334
46 0.2911458333333333 0.2425 0.008333333333333333 0.02666666666666667
19 0.18489583333333334 0.25916666666666666 0.009375 0.03
17 0.0796875 0.255 0.009375 0.02666666666666667
