32 0.1921875 0.27 0.013541666666666667 0.03333333333333333
33 0.07005208333333333 0.2825 0.0171875 0.03833333333333333
31 0.3375 0.26666666666666666 0.0125 0.03333333333333333
29 0.6356770833333333 0.29041666666666666 0.0109375 0.029166666666666667
30 0.50625 0.27666666666666667 0.010416666666666666 0.028333333333333332
28 0.7989583333333333 0.3145833333333333 0.0125 0.034166666666666665
27 0.9346354166666667 0.3458333333333333 0.0140625 0.035
78 0.7919270833333333 0.7158333333333333 0.08802083333333334 0.195
68 0.7239583333333334 0.31375 0.01875 0.04083333333333333
69 0.6161458333333333 0.2975 0.019791666666666666 0.04
70 0.5091145833333334 0.29041666666666666 0.016145833333333335 0.035833333333333335
71 0.4049479166666667 0.2833333333333333 0.018229166666666668 0.041666666666666664
72 0.3151041666666667 0.28833333333333333 0.019791666666666666 0.043333333333333335
73 0.24557291666666667 0.29291666666666666 0.022395833333333334 0.049166666666666664
74 0.21119791666666668 0.3175 0.021354166666666667 0.055
75 0.26640625 0.34291666666666665 0.0296875 0.06583333333333333
76 0.36770833333333336 0.38125 0.03854166666666667 0.07916666666666666
77 0.515625 0.48291666666666666 0.052083333333333336 0.11583333333333333
67 0.82109375 0.335 0.019270833333333334 0.043333333333333335
66 0.9067708333333333 0.35833333333333334 0.022916666666666665 0.045
65 0.95546875 0.37916666666666665 0.022395833333333334 0.051666666666666666
