21 0.87578125 0.43416666666666665 0.033854166666666664 0.07166666666666667
22 0.5981770833333333 0.34541666666666665 0.019270833333333334 0.04583333333333333
39 0.21536458333333333 0.3258333333333333 0.024479166666666666 0.055
29 0.08463541666666667 0.25083333333333335 0.008854166666666666 0.02
27 0.25885416666666666 0.2525 0.009375 0.025
40 0.36666666666666664 0.4266666666666667 0.042708333333333334 0.095
38 0.11927083333333334 0.30666666666666664 0.017708333333333333 0.043333333333333335
26 0.3265625 0.2633333333333333 0.009375 0.023333333333333334
25 0.34713541666666664 0.26916666666666667 0.008854166666666666 0.02666666666666667
24 0.39140625 0.28 0.011979166666666667 0.03333333333333333
23 0.478125 0.305 0.014583333333333334 0.035
68 0.13020833333333334 0.2529166666666667 0.011458333333333333 0.024166666666666666
69 0.06848958333333334 0.25416666666666665 0.0109375 0.02666666666666667
78 0.05364583333333333 0.30041666666666667 0.020833333333333332 0.04083333333333333
77 0.007291666666666667 0.2920833333333333 0.013541666666666667 0.04083333333333333
67 0.18072916666666666 0.255 0.011458333333333333 0.02666666666666667
66 0.21875 0.2608333333333333 0.010416666666666666 0.02666666666666667
65 0.22734375 0.26166666666666666 0.0109375 0.028333333333333332
64 0.2671875 0.27416666666666667 0.014583333333333334 0.03333333333333333
63 0.32395833333333335 0.2995833333333333 0.016666666666666666 0.04083333333333333
62 0.3890625 0.33458333333333334 0.01875 0.04583333333333333
61 0.5856770833333333 0.4216666666666667 0.03697916666666667 0.08333333333333333
28 0.18567708333333333 0.25 0.0078125 0.02
