39 0.865625 0.7079166666666666 0.07708333333333334 0.18916666666666668
38 0.4158854166666667 0.46458333333333335 0.0421875 0.10916666666666666
78 0.24765625 0.3879166666666667 0.0390625 0.0825
77 0.16145833333333334 0.34208333333333335 0.03229166666666667 0.06583333333333333
76 0.08411458333333334 0.3104166666666667 0.0265625 0.05583333333333333
75 0.014322916666666666 0.29875 0.021354166666666667 0.0475
72 0.047135416666666666 0.2625 0.0171875 0.035
71 0.12239583333333333 0.25458333333333333 0.015625 0.0325
70 0.20989583333333334 0.2529166666666667 0.0125 0.029166666666666667
69 0.2981770833333333 0.25416666666666665 0.013020833333333334 0.03333333333333333
68 0.38515625 0.2604166666666667 0.0140625 0.030833333333333334
67 0.4578125 0.27 0.015625 0.03
66 0.5169270833333334 0.2808333333333333 0.0171875 0.035
65 0.5375 0.2875 0.016666666666666666 0.041666666666666664
64 0.6458333333333334 0.3283333333333333 0.025 0.051666666666666666
63 0.8651041666666667 0.43666666666666665 0.040625 0.08333333333333333
31 0.06588541666666667 0.24666666666666667 0.0109375 0.03166666666666667
29 0.32109375 0.24666666666666667 0.0109375 0.02666666666666667
28 0.4557291666666667 0.25708333333333333 0.011458333333333333 0.029166666666666667
27 0.5611979166666666 0.2725 0.011979166666666667 0.03
26 0.6716145833333333 0.29583333333333334 0.0140625 0.03333333333333333
25 0.7208333333333333 0.3120833333333333 0.016666666666666666 0.03916666666666667
24 0.8463541666666666 0.36 0.019791666666666666 0.045
