62 0.47317708333333336 0.4533333333333333 0.044270833333333336 0.1
39 0.8565104166666667 0.5029166666666667 0.0546875 0.10416666666666667
40 0.4765625 0.33875 0.028125 0.059166666666666666
61 0.33697916666666666 0.33416666666666667 0.027083333333333334 0.06
60 0.30104166666666665 0.295 0.017708333333333333 0.045
41 0.39869791666666665 0.2945833333333333 0.018229166666666668 0.04583333333333333
42 0.3578125 0.2758333333333333 0.015625 0.03666666666666667
43 0.3341145833333333 0.2629166666666667 0.013020833333333334 0.030833333333333334
58 0.2838541666666667 0.275 0.013541666666666667 0.03666666666666667
44 0.31666666666666665 0.25583333333333336 0.010416666666666666 0.028333333333333332
57 0.25755208333333335 0.26625 0.0140625 0.0325
45 0.29973958333333334 0.25166666666666665 0.0140625 0.03
56 0.20520833333333333 0.26416666666666666 0.0125 0.03
20 0.13020833333333334 0.2970833333333333 0.013541666666666667 0.03916666666666667
21 0.08255208333333333 0.33875 0.021354166666666667 0.05416666666666667
2 0.6963541666666667 0.35541666666666666 0.019791666666666666 0.0475
3 0.5557291666666667 0.30416666666666664 0.014583333333333334 0.03833333333333333
4 0.48098958333333336 0.28208333333333335 0.011979166666666667 0.030833333333333334
5 0.43307291666666664 0.26875 0.0109375 0.025833333333333333
6 0.41328125 0.255 0.008854166666666666 0.02666666666666667
8 0.3260416666666667 0.2475 0.008333333333333333 0.025
7 0.3848958333333333 0.25375 0.008333333333333333 0.0225
47 0.21927083333333333 0.24541666666666667 0.010416666666666666 0.024166666666666666
46 0.26666666666666666 0.24958333333333332 0.009375 0.025833333333333333
19 0.14270833333333333 0.275 0.0125 0.03833333333333333
18 0.11223958333333334 0.27708333333333335 0.008854166666666666 0.0275
17 0.016927083333333332 0.2758333333333333 0.008854166666666666 0.02666666666666667
48 0.16536458333333334 0.25 0.0067708333333333336 0.025
