65 0.83203125 0.59875 0.06197916666666667 0.1475
64 0.7005208333333334 0.38125 0.030208333333333334 0.06916666666666667
63 0.6770833333333334 0.33666666666666667 0.01875 0.043333333333333335
62 0.6861979166666666 0.31583333333333335 0.015104166666666667 0.035
78 0.9903645833333333 0.38166666666666665 0.016145833333333335 0.04666666666666667
38 0.8861979166666667 0.35333333333333333 0.022395833333333334 0.04
39 0.7942708333333334 0.32875 0.01875 0.04083333333333333
40 0.7463541666666667 0.30333333333333334 0.014583333333333334 0.03333333333333333
56 0.6497395833333334 0.275 0.0109375 0.025
24 0.41067708333333336 0.3675 0.024479166666666666 0.06
25 0.14427083333333332 0.4870833333333333 0.04479166666666667 0.1025
23 0.4875 0.32 0.019791666666666666 0.04666666666666667
22 0.5489583333333333 0.30333333333333334 0.014583333333333334 0.03333333333333333
1 0.92578125 0.34291666666666665 0.015104166666666667 0.035833333333333335
2 0.8591145833333333 0.31958333333333333 0.0109375 0.0275
3 0.8338541666666667 0.30291666666666667 0.011458333333333333 0.025833333333333333
4 0.8158854166666667 0.29583333333333334 0.008854166666666666 0.025
5 0.8026041666666667 0.28833333333333333 0.010416666666666666 0.02666666666666667
21 0.57421875 0.2916666666666667 0.009895833333333333 0.028333333333333332
