21 0.7244791666666667 0.3804166666666667 0.025 0.060833333333333336
22 0.5341145833333333 0.32458333333333333 0.016145833333333335 0.04083333333333333
39 0.21536458333333333 0.30666666666666664 0.019270833333333334 0.043333333333333335
29 0.09661458333333334 0.2475 0.008854166666666666 0.025
27 0.2578125 0.25333333333333335 0.007291666666666667 0.023333333333333334
40 0.32057291666666665 0.3641666666666667 0.028645833333333332 0.06833333333333333
38 0.13515625 0.295 0.015104166666666667 0.04
26 0.32057291666666665 0.25958333333333333 0.008854166666666666 0.024166666666666666
25 0.3377604166666667 0.26416666666666666 0.009895833333333333 0.03
24 0.37526041666666665 0.27666666666666667 0.0109375 0.028333333333333332
23 0.44479166666666664 0.29583333333333334 0.015625 0.03166666666666667
41 0.5119791666666667 0.55875 0.0625 0.1425
68 0.13932291666666666 0.25416666666666665 0.013020833333333334 0.02666666666666667
69 0.08203125 0.2529166666666667 0.009895833333333333 0.024166666666666666
78 0.07734375 0.28875 0.016145833333333335 0.0375
70 0.023177083333333334 0.25458333333333333 0.0078125 0.025833333333333333
77 0.03229166666666667 0.28291666666666665 0.016666666666666666 0.035833333333333335
67 0.18671875 0.25375 0.0109375 0.025833333333333333
66 0.22083333333333333 0.2575 0.009375 0.02666666666666667
65 0.228125 0.2604166666666667 0.009375 0.024166666666666666
64 0.2635416666666667 0.26916666666666667 0.0125 0.028333333333333332
63 0.31015625 0.29 0.0140625 0.035
62 0.3578125 0.3125 0.019791666666666666 0.04666666666666667
61 0.48359375 0.3675 0.027604166666666666 0.06
60 0.8088541666666667 0.53125 0.05520833333333333 0.11416666666666667
28 0.19036458333333334 0.24958333333333332 0.0078125 0.015833333333333335
30 0.01875 0.2520833333333333 0.00625 0.020833333333333332
1 0.0140625 0.32458333333333333 0.017708333333333333 0.04083333333333333
2 0.016666666666666666 0.37333333333333335 0.029166666666666667 0.065
