20 0.7174479166666666 0.3729166666666667 0.022395833333333334 0.05583333333333333
21 0.5473958333333333 0.32208333333333333 0.013541666666666667 0.03916666666666667
22 0.4453125 0.2945833333333333 0.0125 0.030833333333333334
39 0.21041666666666667 0.28291666666666665 0.015625 0.0375
29 0.11041666666666666 0.24541666666666667 0.00625 0.020833333333333332
40 0.271875 0.30916666666666665 0.017708333333333333 0.04833333333333333
26 0.3033854166666667 0.255 0.0078125 0.02
23 0.3927083333333333 0.27791666666666665 0.011458333333333333 0.025833333333333333
25 0.31640625 0.26 0.0078125 0.021666666666666667
24 0.34270833333333334 0.265 0.009375 0.02666666666666667
3 0.0265625 0.365 0.027083333333333334 0.06166666666666667
41 0.32473958333333336 0.3566666666666667 0.030729166666666665 0.06666666666666667
68 0.1484375 0.24916666666666668 0.009375 0.021666666666666667
69 0.0984375 0.24791666666666667 0.009375 0.0225
78 0.10494791666666667 0.27375 0.0140625 0.034166666666666665
70 0.047135416666666666 0.25166666666666665 0.008854166666666666 0.021666666666666667
71 0.022395833333333334 0.2675 0.011458333333333333 0.028333333333333332
77 0.0671875 0.2704166666666667 0.013541666666666667 0.030833333333333334
67 0.1890625 0.25166666666666665 0.008333333333333333 0.018333333333333333
66 0.21822916666666667 0.25166666666666665 0.009375 0.021666666666666667
65 0.22421875 0.2529166666666667 0.0067708333333333336 0.0225
64 0.2515625 0.26166666666666666 0.010416666666666666 0.02666666666666667
63 0.28567708333333336 0.2733333333333333 0.013020833333333334 0.028333333333333332
62 0.31328125 0.2866666666666667 0.0140625 0.03666666666666667
61 0.37786458333333334 0.3125 0.0203125 0.04666666666666667
60 0.48463541666666665 0.35833333333333334 0.03177083333333333 0.06333333333333334
58 0.7877604166666666 0.5033333333333333 0.050520833333333334 0.11
42 0.5223958333333333 0.5275 0.05520833333333333 0.13
38 0.15026041666666667 0.27666666666666667 0.009895833333333333 0.028333333333333332
30 0.042708333333333334 0.24958333333333332 0.00625 0.014166666666666666
1 0.06640625 0.29583333333333334 0.011979166666666667 0.035
2 0.08333333333333333 0.31166666666666665 0.017708333333333333 0.043333333333333335
