78 0.6763020833333333 0.6675 0.1015625 0.195
77 0.43802083333333336 0.46625 0.058333333333333334 0.11416666666666667
76 0.30078125 0.37666666666666665 0.0390625 0.07833333333333334
75 0.20546875 0.34375 0.030729166666666665 0.0625
74 0.14973958333333334 0.3225 0.0234375 0.055
73 0.184375 0.29791666666666666 0.019791666666666666 0.04416666666666667
72 0.25338541666666664 0.29083333333333333 0.019270833333333334 0.041666666666666664
71 0.34322916666666664 0.28583333333333333 0.017708333333333333 0.03833333333333333
70 0.4473958333333333 0.2875 0.014583333333333334 0.03333333333333333
69 0.5520833333333334 0.2941666666666667 0.016666666666666666 0.03666666666666667
68 0.65703125 0.30875 0.018229166666666668 0.03916666666666667
67 0.75078125 0.32708333333333334 0.018229166666666668 0.03916666666666667
66 0.8354166666666667 0.34791666666666665 0.020833333333333332 0.0425
65 0.87890625 0.36625 0.021354166666666667 0.049166666666666664
31 0.27682291666666664 0.26916666666666667 0.011979166666666667 0.03166666666666667
32 0.13151041666666666 0.27416666666666667 0.013020833333333334 0.03333333333333333
33 0.009895833333333333 0.28833333333333333 0.014583333333333334 0.04
29 0.5716145833333334 0.28541666666666665 0.0109375 0.030833333333333334
28 0.73203125 0.30833333333333335 0.013020833333333334 0.03166666666666667
27 0.86484375 0.3358333333333333 0.0140625 0.03666666666666667
