65 0.8442708333333333 0.63625 0.06770833333333333 0.15416666666666667
64 0.6744791666666666 0.3854166666666667 0.029166666666666667 0.07083333333333333
63 0.6408854166666667 0.33916666666666667 0.019270833333333334 0.043333333333333335
62 0.6473958333333333 0.31666666666666665 0.016666666666666666 0.03666666666666667
78 0.9638020833333333 0.38208333333333333 0.022395833333333334 0.0475
38 0.8528645833333334 0.35208333333333336 0.021354166666666667 0.0425
39 0.7580729166666667 0.3283333333333333 0.019270833333333334 0.041666666666666664
40 0.7080729166666667 0.3020833333333333 0.015104166666666667 0.034166666666666665
56 0.6052083333333333 0.27375 0.0125 0.025833333333333333
24 0.37057291666666664 0.37416666666666665 0.027604166666666666 0.06166666666666667
25 0.08645833333333333 0.5166666666666667 0.04791666666666667 0.11666666666666667
23 0.446875 0.3258333333333333 0.020833333333333332 0.041666666666666664
22 0.509375 0.30375 0.013541666666666667 0.034166666666666665
0 0.9778645833333334 0.36625 0.013020833333333334 0.035833333333333335
1 0.8901041666666667 0.34041666666666665 0.016666666666666666 0.0325
2 0.8205729166666667 0.31666666666666665 0.0109375 0.028333333333333332
3 0.7927083333333333 0.3 0.011458333333333333 0.025
5 0.7596354166666667 0.28625 0.008854166666666666 0.020833333333333332
4 0.77421875 0.29291666666666666 0.0109375 0.025833333333333333
57 0.63671875 0.2783333333333333 0.008854166666666666 0.023333333333333334
21 0.5328125 0.28833333333333333 0.010416666666666666 0.03166666666666667
