4 0.10677083333333333 0.3616666666666667 0.027083333333333334 0.06666666666666667
19 0.8205729166666667 0.38708333333333333 0.021354166666666667 0.050833333333333335
18 0.9755208333333333 0.43416666666666665 0.020833333333333332 0.055
21 0.5432291666666667 0.295 0.011458333333333333 0.03
20 0.6377604166666667 0.3229166666666667 0.0140625 0.04083333333333333
22 0.478125 0.2775 0.010416666666666666 0.02666666666666667
39 0.2890625 0.26625 0.0125 0.0325
40 0.33255208333333336 0.28125 0.015104166666666667 0.0375
26 0.37473958333333335 0.24583333333333332 0.0067708333333333336 0.023333333333333334
23 0.4427083333333333 0.2658333333333333 0.009375 0.025
25 0.3854166666666667 0.24916666666666668 0.007291666666666667 0.023333333333333334
24 0.4049479166666667 0.2579166666666667 0.009895833333333333 0.025833333333333333
69 0.19557291666666668 0.23958333333333334 0.0078125 0.024166666666666666
70 0.15104166666666666 0.24041666666666667 0.00625 0.019166666666666665
67 0.27369791666666665 0.24291666666666667 0.0078125 0.020833333333333332
68 0.23932291666666666 0.23833333333333334 0.008854166666666666 0.021666666666666667
29 0.20520833333333333 0.23708333333333334 0.007291666666666667 0.020833333333333332
64 0.328125 0.2504166666666667 0.009375 0.024166666666666666
63 0.35234375 0.26 0.011979166666666667 0.025
62 0.37109375 0.2679166666666667 0.011979166666666667 0.029166666666666667
61 0.41119791666666666 0.28708333333333336 0.015104166666666667 0.030833333333333334
60 0.46510416666666665 0.31 0.01875 0.04666666666666667
58 0.5765625 0.3625 0.023958333333333335 0.06333333333333334
41 0.35703125 0.30333333333333334 0.0203125 0.04833333333333333
42 0.41744791666666664 0.3566666666666667 0.028645833333333332 0.06833333333333333
38 0.2421875 0.25875 0.009375 0.025833333333333333
30 0.14505208333333333 0.23791666666666667 0.0067708333333333336 0.014166666666666666
57 0.7364583333333333 0.41875 0.034375 0.08083333333333333
43 0.6216145833333333 0.5779166666666666 0.0671875 0.15583333333333332
78 0.20390625 0.2575 0.011979166666666667 0.02666666666666667
77 0.17083333333333334 0.255 0.011458333333333333 0.02666666666666667
2 0.19375 0.28 0.014583333333333334 0.03333333333333333
3 0.16354166666666667 0.3016666666666667 0.017708333333333333 0.043333333333333335
