47 0.98515625 0.40041666666666664 0.025520833333333333 0.050833333333333335
10 0.8442708333333333 0.35208333333333336 0.019791666666666666 0.0425
11 0.66171875 0.3225 0.013020833333333334 0.03666666666666667
12 0.4869791666666667 0.29833333333333334 0.008333333333333333 0.03666666666666667
13 0.2872395833333333 0.29291666666666666 0.011979166666666667 0.04416666666666667
14 0.10416666666666667 0.30083333333333334 0.015625 0.04666666666666667
49 0.7020833333333333 0.3475 0.009375 0.03166666666666667
48 0.8403645833333333 0.3675 0.0203125 0.05333333333333334
50 0.5653645833333333 0.33416666666666667 0.009895833333333333 0.03666666666666667
51 0.43776041666666665 0.3304166666666667 0.016145833333333335 0.0525
52 0.3255208333333333 0.34375 0.019791666666666666 0.05583333333333333
55 0.44375 0.5483333333333333 0.06041666666666667 0.13333333333333333
53 0.24557291666666667 0.36833333333333335 0.0203125 0.065
54 0.23854166666666668 0.4266666666666667 0.027083333333333334 0.07833333333333334
