6 0.31484375 0.39125 0.03177083333333333 0.08916666666666667
5 0.6557291666666667 0.34375 0.025 0.05583333333333333
4 0.76328125 0.31375 0.015104166666666667 0.03916666666666667
45 0.8302083333333333 0.7358333333333333 0.08229166666666667 0.20166666666666666
38 0.9067708333333333 0.28208333333333335 0.009375 0.029166666666666667
44 0.8234375 0.50875 0.058333333333333334 0.11583333333333333
39 0.9424479166666667 0.29125 0.015104166666666667 0.0275
43 0.9057291666666667 0.3770833333333333 0.030208333333333334 0.0675
40 0.9591145833333333 0.30125 0.0140625 0.029166666666666667
64 0.9932291666666667 0.28625 0.010416666666666666 0.0225
41 0.94921875 0.31166666666666665 0.016145833333333335 0.03666666666666667
42 0.9390625 0.3325 0.019791666666666666 0.04
78 0.8791666666666667 0.27708333333333335 0.0125 0.025833333333333333
77 0.85703125 0.27458333333333335 0.0109375 0.0225
2 0.8541666666666666 0.28958333333333336 0.010416666666666666 0.024166666666666666
3 0.81796875 0.29583333333333334 0.009895833333333333 0.03166666666666667
