63 0.4401041666666667 0.45125 0.04479166666666667 0.09583333333333334
62 0.36223958333333334 0.3425 0.024479166666666666 0.065
38 0.7875 0.43 0.03333333333333333 0.07
61 0.31666666666666665 0.30083333333333334 0.020833333333333332 0.045
39 0.5638020833333334 0.36791666666666667 0.030729166666666665 0.06583333333333333
40 0.4119791666666667 0.30583333333333335 0.017708333333333333 0.041666666666666664
60 0.3028645833333333 0.27958333333333335 0.013020833333333334 0.034166666666666665
41 0.3776041666666667 0.2841666666666667 0.014583333333333334 0.04
42 0.35390625 0.26875 0.011979166666666667 0.0325
43 0.3419270833333333 0.26166666666666666 0.009895833333333333 0.025
58 0.2942708333333333 0.2675 0.008333333333333333 0.025
0 0.8934895833333333 0.41791666666666666 0.0203125 0.0525
44 0.3299479166666667 0.255 0.0109375 0.025
57 0.2752604166666667 0.2625 0.011979166666666667 0.03
56 0.23411458333333332 0.2575 0.011979166666666667 0.02666666666666667
20 0.17526041666666667 0.2783333333333333 0.009895833333333333 0.03
21 0.14661458333333333 0.2975 0.013020833333333334 0.04
22 0.109375 0.33916666666666667 0.022916666666666665 0.051666666666666666
1 0.7260416666666667 0.3695833333333333 0.020833333333333332 0.0475
2 0.571875 0.32 0.015625 0.03666666666666667
3 0.49947916666666664 0.29041666666666666 0.0125 0.030833333333333334
4 0.4549479166666667 0.27666666666666667 0.0109375 0.02666666666666667
5 0.4244791666666667 0.2654166666666667 0.008333333333333333 0.025833333333333333
6 0.41510416666666666 0.255 0.008333333333333333 0.02
7 0.39036458333333335 0.25458333333333333 0.0078125 0.024166666666666666
47 0.246875 0.24583333333333332 0.008333333333333333 0.023333333333333334
45 0.31640625 0.25083333333333335 0.008854166666666666 0.018333333333333333
19 0.18333333333333332 0.2658333333333333 0.009375 0.02666666666666667
46 0.2875 0.24833333333333332 0.007291666666666667 0.021666666666666667
