21 0.7838541666666666 0.4083333333333333 0.026041666666666668 0.06333333333333334
22 0.55703125 0.33875 0.0171875 0.0425
39 0.20989583333333334 0.3204166666666667 0.021875 0.04583333333333333
29 0.0875 0.2525 0.008333333333333333 0.023333333333333334
27 0.25416666666666665 0.25916666666666666 0.008333333333333333 0.021666666666666667
40 0.334375 0.39416666666666667 0.03229166666666667 0.075
38 0.12239583333333333 0.30375 0.017708333333333333 0.0425
26 0.3190104166666667 0.2654166666666667 0.008854166666666666 0.0275
25 0.33697916666666666 0.27 0.010416666666666666 0.03
24 0.3770833333333333 0.28291666666666665 0.011458333333333333 0.029166666666666667
23 0.4546875 0.30291666666666667 0.014583333333333334 0.034166666666666665
41 0.6484375 0.7204166666666667 0.08645833333333333 0.2075
68 0.13177083333333334 0.25833333333333336 0.009375 0.02666666666666667
69 0.07057291666666667 0.25833333333333336 0.0109375 0.025
78 0.0625 0.2995833333333333 0.01875 0.04083333333333333
77 0.015104166666666667 0.29083333333333333 0.016666666666666666 0.03833333333333333
70 0.009375 0.26125 0.010416666666666666 0.025833333333333333
67 0.1796875 0.26125 0.010416666666666666 0.0225
66 0.21458333333333332 0.26416666666666666 0.010416666666666666 0.028333333333333332
65 0.22291666666666668 0.2654166666666667 0.009375 0.025833333333333333
64 0.26119791666666664 0.275 0.015104166666666667 0.035
63 0.3111979166666667 0.29833333333333334 0.0171875 0.03666666666666667
62 0.36614583333333334 0.32625 0.020833333333333332 0.0475
61 0.5200520833333333 0.3929166666666667 0.0328125 0.0775
60 0.9783854166666667 0.63875 0.0359375 0.14916666666666667
28 0.18333333333333332 0.25416666666666665 0.00625 0.018333333333333333
30 0.0067708333333333336 0.25708333333333333 0.007291666666666667 0.019166666666666665
