20 0.92421875 0.45166666666666666 0.0296875 0.07166666666666667
21 0.6416666666666667 0.35583333333333333 0.019791666666666666 0.04833333333333333
22 0.49557291666666664 0.315 0.016145833333333335 0.03666666666666667
39 0.21614583333333334 0.3 0.01875 0.04
29 0.10755208333333334 0.25083333333333335 0.0078125 0.025
27 0.25833333333333336 0.2575 0.008333333333333333 0.02
40 0.29921875 0.3408333333333333 0.0234375 0.056666666666666664
26 0.31666666666666665 0.2625 0.008333333333333333 0.02
25 0.33229166666666665 0.26458333333333334 0.011458333333333333 0.029166666666666667
24 0.36380208333333336 0.27708333333333335 0.013020833333333334 0.025833333333333333
23 0.4244791666666667 0.29333333333333333 0.010416666666666666 0.028333333333333332
41 0.4049479166666667 0.4425 0.04010416666666667 0.09833333333333333
68 0.14661458333333333 0.25625 0.009895833333333333 0.024166666666666666
69 0.09244791666666667 0.25625 0.008854166666666666 0.0225
78 0.09401041666666667 0.2875 0.015104166666666667 0.035
70 0.03671875 0.25833333333333336 0.009895833333333333 0.025
71 0.005729166666666666 0.27708333333333335 0.011458333333333333 0.0325
77 0.0515625 0.2841666666666667 0.014583333333333334 0.03333333333333333
67 0.19140625 0.25916666666666666 0.009895833333333333 0.021666666666666667
66 0.2234375 0.2604166666666667 0.008333333333333333 0.024166666666666666
65 0.23020833333333332 0.26416666666666666 0.009375 0.023333333333333334
64 0.26171875 0.2708333333333333 0.011979166666666667 0.03
63 0.3020833333333333 0.2875 0.014583333333333334 0.03333333333333333
62 0.33932291666666664 0.30583333333333335 0.0171875 0.03833333333333333
61 0.43359375 0.34791666666666665 0.0234375 0.049166666666666664
60 0.6286458333333333 0.4370833333333333 0.042708333333333334 0.08583333333333333
38 0.14505208333333333 0.2916666666666667 0.013020833333333334 0.035
28 0.19427083333333334 0.25458333333333333 0.007291666666666667 0.0175
30 0.03203125 0.25583333333333336 0.0067708333333333336 0.016666666666666666
1 0.04192708333333333 0.31416666666666665 0.0171875 0.035
2 0.053385416666666664 0.34791666666666665 0.022395833333333334 0.05583333333333333
