39 0.9544270833333334 0.7729166666666667 0.08697916666666666 0.2125
38 0.4479166666666667 0.48 0.046875 0.11666666666666667
78 0.26640625 0.3954166666666667 0.04114583333333333 0.08916666666666667
77 0.17578125 0.3466666666666667 0.034895833333333334 0.07333333333333333
76 0.09661458333333334 0.3129166666666667 0.025520833333333333 0.05583333333333333
75 0.026302083333333334 0.2995833333333333 0.025520833333333333 0.0475
73 0.006510416666666667 0.26958333333333334 0.011979166666666667 0.035833333333333335
72 0.0609375 0.2633333333333333 0.015625 0.03666666666666667
71 0.1359375 0.25458333333333333 0.015625 0.034166666666666665
70 0.22578125 0.25083333333333335 0.011979166666666667 0.028333333333333332
69 0.31588541666666664 0.255 0.013020833333333334 0.03333333333333333
68 0.40208333333333335 0.26125 0.015625 0.0325
67 0.478125 0.2725 0.014583333333333334 0.03
66 0.5377604166666666 0.28208333333333335 0.0171875 0.035833333333333335
65 0.5591145833333333 0.29041666666666666 0.0171875 0.03916666666666667
64 0.671875 0.3325 0.025 0.056666666666666664
63 0.9096354166666667 0.4508333333333333 0.043229166666666666 0.085
31 0.08125 0.24625 0.009375 0.025833333333333333
29 0.3375 0.24625 0.010416666666666666 0.0275
28 0.4739583333333333 0.2575 0.011458333333333333 0.02666666666666667
27 0.5809895833333333 0.2733333333333333 0.013020833333333334 0.03166666666666667
26 0.6942708333333333 0.29875 0.015625 0.034166666666666665
25 0.7455729166666667 0.315 0.0171875 0.04
24 0.8778645833333333 0.3645833333333333 0.018229166666666668 0.0475
