38 0.8067708333333333 0.72875 0.08229166666666667 0.20083333333333334
78 0.43828125 0.5025 0.06302083333333333 0.12666666666666668
77 0.29791666666666666 0.40125 0.04479166666666667 0.09083333333333334
76 0.19609375 0.3416666666666667 0.0328125 0.06833333333333333
75 0.11458333333333333 0.31916666666666665 0.027083333333333334 0.05333333333333334
74 0.0640625 0.3016666666666667 0.019791666666666666 0.045
73 0.09713541666666667 0.2825 0.0171875 0.03833333333333333
72 0.159375 0.275 0.01875 0.03666666666666667
71 0.24401041666666667 0.26958333333333334 0.016145833333333335 0.035833333333333335
70 0.340625 0.26875 0.014583333333333334 0.0325
69 0.4390625 0.27416666666666667 0.013541666666666667 0.03333333333333333
68 0.5364583333333334 0.28625 0.017708333333333333 0.035833333333333335
67 0.6208333333333333 0.2995833333333333 0.016666666666666666 0.03916666666666667
66 0.69375 0.31666666666666665 0.01875 0.03666666666666667
65 0.7260416666666667 0.32958333333333334 0.019791666666666666 0.0425
64 0.8942708333333333 0.39625 0.034375 0.06583333333333333
31 0.18333333333333332 0.25666666666666665 0.010416666666666666 0.03
32 0.04453125 0.26375 0.011979166666666667 0.0325
29 0.46067708333333335 0.26666666666666666 0.0109375 0.03
28 0.6106770833333334 0.2833333333333333 0.0109375 0.03
27 0.7315104166666667 0.30666666666666664 0.0109375 0.03333333333333333
26 0.8651041666666667 0.34041666666666665 0.016666666666666666 0.03916666666666667
25 0.93515625 0.36375 0.0171875 0.04416666666666667
