61 0.3932291666666667 0.4320833333333333 0.046875 0.09916666666666667
60 0.29765625 0.33125 0.0265625 0.059166666666666666
40 0.6234375 0.4354166666666667 0.046875 0.09583333333333334
41 0.43359375 0.33458333333333334 0.024479166666666666 0.059166666666666666
42 0.35572916666666665 0.2966666666666667 0.01875 0.041666666666666664
43 0.3177083333333333 0.27708333333333335 0.014583333333333334 0.035833333333333335
58 0.26197916666666665 0.2941666666666667 0.017708333333333333 0.043333333333333335
44 0.2911458333333333 0.26666666666666666 0.0125 0.03
57 0.22708333333333333 0.28625 0.016666666666666666 0.0375
45 0.27057291666666666 0.26 0.013020833333333334 0.03166666666666667
46 0.23020833333333332 0.2579166666666667 0.011458333333333333 0.0325
56 0.15989583333333332 0.27791666666666665 0.015625 0.034166666666666665
20 0.052083333333333336 0.33625 0.020833333333333332 0.05416666666666667
2 0.9260416666666667 0.45125 0.029166666666666667 0.06916666666666667
3 0.63828125 0.345 0.018229166666666668 0.045
4 0.509375 0.305 0.014583333333333334 0.03666666666666667
5 0.4348958333333333 0.28583333333333333 0.011458333333333333 0.03166666666666667
6 0.4049479166666667 0.265 0.008854166666666666 0.02666666666666667
8 0.2981770833333333 0.25416666666666665 0.0078125 0.025
9 0.21432291666666667 0.24916666666666668 0.008854166666666666 0.023333333333333334
47 0.17604166666666668 0.25458333333333333 0.0125 0.0325
7 0.36692708333333335 0.2658333333333333 0.008854166666666666 0.025
10 0.11953125 0.2525 0.0078125 0.023333333333333334
19 0.07786458333333333 0.3016666666666667 0.015104166666666667 0.03666666666666667
18 0.04114583333333333 0.29791666666666666 0.0125 0.035833333333333335
11 0.026302083333333334 0.25458333333333333 0.0078125 0.024166666666666666
48 0.11484375 0.25625 0.0078125 0.0275
55 0.028125 0.28125 0.009375 0.0275
