64 0.57890625 0.40458333333333335 0.0359375 0.07916666666666666
63 0.51640625 0.33791666666666664 0.0203125 0.0525
62 0.5127604166666667 0.30625 0.0140625 0.034166666666666665
38 0.7403645833333333 0.34791666666666665 0.0203125 0.04583333333333333
61 0.5013020833333334 0.28833333333333333 0.0140625 0.03333333333333333
78 0.8609375 0.37666666666666665 0.026041666666666668 0.05333333333333334
39 0.6325520833333333 0.32458333333333333 0.0203125 0.04416666666666667
40 0.5692708333333333 0.2966666666666667 0.015625 0.03333333333333333
41 0.5572916666666666 0.2808333333333333 0.011458333333333333 0.035
56 0.4546875 0.2658333333333333 0.011458333333333333 0.025
57 0.4856770833333333 0.26875 0.0109375 0.025833333333333333
20 0.40677083333333336 0.275 0.009375 0.028333333333333332
24 0.21640625 0.40041666666666664 0.033854166666666664 0.07083333333333333
23 0.3 0.3308333333333333 0.020833333333333332 0.04666666666666667
21 0.3848958333333333 0.28458333333333335 0.0125 0.034166666666666665
22 0.3611979166666667 0.30416666666666664 0.0140625 0.03833333333333333
0 0.8611979166666667 0.355 0.015104166666666667 0.04
1 0.76640625 0.33208333333333334 0.0140625 0.034166666666666665
2 0.6864583333333333 0.30583333333333335 0.0125 0.03
3 0.65234375 0.28958333333333336 0.011979166666666667 0.029166666666666667
4 0.6294270833333333 0.2825 0.009895833333333333 0.023333333333333334
5 0.6130208333333333 0.27416666666666667 0.010416666666666666 0.023333333333333334
