64 0.7424479166666667 0.70125 0.08385416666666666 0.19083333333333333
63 0.38828125 0.3983333333333333 0.0359375 0.08166666666666667
62 0.33984375 0.32625 0.022395833333333334 0.0525
38 0.69296875 0.38916666666666666 0.027604166666666666 0.06166666666666667
61 0.30703125 0.29333333333333333 0.0171875 0.03833333333333333
78 0.8911458333333333 0.44083333333333335 0.03229166666666667 0.07
39 0.5140625 0.34625 0.026041666666666668 0.059166666666666666
40 0.39479166666666665 0.2991666666666667 0.016666666666666666 0.04
60 0.2981770833333333 0.2783333333333333 0.011979166666666667 0.03166666666666667
41 0.36744791666666665 0.2791666666666667 0.0140625 0.03166666666666667
42 0.34791666666666665 0.26708333333333334 0.010416666666666666 0.029166666666666667
0 0.8096354166666667 0.3883333333333333 0.018229166666666668 0.045
58 0.29192708333333334 0.26375 0.0109375 0.029166666666666667
43 0.33828125 0.26 0.0109375 0.025
44 0.3265625 0.25625 0.010416666666666666 0.0275
57 0.27421875 0.26208333333333333 0.013020833333333334 0.025833333333333333
56 0.23489583333333333 0.2579166666666667 0.011458333333333333 0.025833333333333333
20 0.18046875 0.27625 0.008854166666666666 0.0275
23 0.019791666666666666 0.4 0.03333333333333333 0.07333333333333333
21 0.15494791666666666 0.2920833333333333 0.013020833333333334 0.035833333333333335
22 0.12630208333333334 0.3258333333333333 0.019270833333333334 0.04666666666666667
1 0.67109375 0.3475 0.022395833333333334 0.041666666666666664
2 0.540625 0.31083333333333335 0.013541666666666667 0.03333333333333333
3 0.48072916666666665 0.28541666666666665 0.0125 0.029166666666666667
4 0.4434895833333333 0.27291666666666664 0.009895833333333333 0.025833333333333333
5 0.4161458333333333 0.26666666666666666 0.008333333333333333 0.021666666666666667
7 0.38619791666666664 0.255 0.008854166666666666 0.02
6 0.409375 0.25458333333333333 0.008333333333333333 0.019166666666666665
47 0.24791666666666667 0.24875 0.009375 0.0225
45 0.3151041666666667 0.25166666666666665 0.009375 0.023333333333333334
19 0.18723958333333332 0.2658333333333333 0.0078125 0.025
