21 0.76171875 0.39666666666666667 0.027604166666666666 0.058333333333333334
22 0.5494791666666666 0.3329166666666667 0.015625 0.0425
39 0.2109375 0.3145833333333333 0.021875 0.0475
29 0.08984375 0.24958333333333332 0.0067708333333333336 0.0225
27 0.2546875 0.25625 0.008333333333333333 0.0225
40 0.32916666666666666 0.38333333333333336 0.03333333333333333 0.07666666666666666
38 0.12786458333333334 0.30291666666666667 0.0140625 0.04083333333333333
26 0.31927083333333334 0.26458333333333334 0.008333333333333333 0.025833333333333333
25 0.3377604166666667 0.2683333333333333 0.009895833333333333 0.03
24 0.3768229166666667 0.28041666666666665 0.013020833333333334 0.0275
23 0.45078125 0.3 0.011979166666666667 0.03333333333333333
41 0.5921875 0.6479166666666667 0.07604166666666666 0.17583333333333334
68 0.13385416666666666 0.25625 0.0125 0.0275
69 0.075 0.25625 0.010416666666666666 0.0275
78 0.06744791666666666 0.2970833333333333 0.016145833333333335 0.03916666666666667
77 0.022395833333333334 0.28875 0.016666666666666666 0.034166666666666665
70 0.013541666666666667 0.25916666666666666 0.009375 0.023333333333333334
67 0.18203125 0.26 0.0109375 0.023333333333333334
66 0.21666666666666667 0.25916666666666666 0.010416666666666666 0.02666666666666667
65 0.22447916666666667 0.2625 0.009375 0.02666666666666667
64 0.26171875 0.27458333333333335 0.013020833333333334 0.030833333333333334
63 0.3111979166666667 0.29625 0.016145833333333335 0.0375
62 0.36276041666666664 0.32416666666666666 0.0203125 0.043333333333333335
61 0.50703125 0.38458333333333333 0.028645833333333332 0.0675
60 0.9182291666666667 0.5929166666666666 0.065625 0.13583333333333333
28 0.18541666666666667 0.25166666666666665 0.007291666666666667 0.018333333333333333
30 0.010677083333333334 0.2554166666666667 0.0078125 0.015833333333333335
