6 0.08567708333333333 0.45208333333333334 0.04635416666666667 0.1125
5 0.490625 0.3566666666666667 0.026041666666666668 0.06
4 0.58984375 0.3104166666666667 0.019270833333333334 0.03916666666666667
21 0.9447916666666667 0.3125 0.013541666666666667 0.03166666666666667
20 0.9916666666666667 0.33416666666666667 0.0125 0.03333333333333333
22 0.9083333333333333 0.2966666666666667 0.011458333333333333 0.02666666666666667
44 0.7958333333333333 0.595 0.06145833333333333 0.15166666666666667
39 0.7497395833333333 0.275 0.013020833333333334 0.025
40 0.7739583333333333 0.2875 0.014583333333333334 0.03
23 0.8888020833333333 0.28458333333333335 0.0109375 0.0275
64 0.79296875 0.26666666666666666 0.011979166666666667 0.023333333333333334
63 0.8091145833333333 0.27708333333333335 0.013020833333333334 0.020833333333333332
62 0.8166666666666667 0.2841666666666667 0.014583333333333334 0.02666666666666667
24 0.86328125 0.27666666666666667 0.0109375 0.028333333333333332
61 0.8359375 0.2945833333333333 0.016666666666666666 0.030833333333333334
60 0.8552083333333333 0.31125 0.019791666666666666 0.034166666666666665
58 0.8861979166666667 0.3383333333333333 0.021354166666666667 0.051666666666666666
41 0.771875 0.30291666666666667 0.016666666666666666 0.0325
42 0.778125 0.3275 0.022916666666666665 0.05
57 0.9497395833333333 0.37 0.027604166666666666 0.056666666666666664
43 0.7760416666666666 0.38166666666666665 0.03229166666666667 0.07333333333333333
78 0.6828125 0.26625 0.0125 0.0225
77 0.6598958333333333 0.2625 0.0125 0.025
2 0.6658854166666667 0.275 0.0109375 0.03
3 0.6375 0.28708333333333336 0.0125 0.030833333333333334
