42 0.6294270833333333 0.45166666666666666 0.044270833333333336 0.09666666666666666
43 0.4317708333333333 0.345 0.026041666666666668 0.056666666666666664
58 0.3919270833333333 0.4608333333333333 0.04739583333333333 0.11
44 0.35130208333333335 0.30666666666666664 0.0171875 0.04
57 0.26901041666666664 0.3858333333333333 0.04010416666666667 0.08
45 0.31223958333333335 0.2925 0.0171875 0.04
46 0.246875 0.2841666666666667 0.01875 0.04
47 0.16432291666666668 0.27958333333333335 0.016145833333333335 0.0375
56 0.11927083333333334 0.35541666666666666 0.03125 0.06416666666666666
4 0.9346354166666667 0.46541666666666665 0.030729166666666665 0.06916666666666667
5 0.63984375 0.3620833333333333 0.019270833333333334 0.0475
6 0.53125 0.30583333333333335 0.0125 0.03666666666666667
7 0.453125 0.2975 0.011458333333333333 0.03166666666666667
8 0.34401041666666665 0.2808333333333333 0.011979166666666667 0.03166666666666667
9 0.21901041666666668 0.2708333333333333 0.0109375 0.03
10 0.08463541666666667 0.2733333333333333 0.009895833333333333 0.028333333333333332
48 0.07395833333333333 0.28208333333333335 0.014583333333333334 0.030833333333333334
