7 0.0890625 0.5020833333333333 0.05 0.1025
6 0.42421875 0.38 0.025520833333333333 0.07333333333333333
5 0.7419270833333333 0.35625 0.019270833333333334 0.049166666666666664
4 0.85859375 0.33166666666666667 0.015104166666666667 0.03666666666666667
45 0.7692708333333333 0.6058333333333333 0.06041666666666667 0.155
44 0.83828125 0.4791666666666667 0.04114583333333333 0.1
43 0.96875 0.38458333333333333 0.029166666666666667 0.0575
78 0.9953125 0.3025 0.007291666666666667 0.02666666666666667
77 0.9747395833333333 0.29833333333333334 0.011979166666666667 0.023333333333333334
2 0.9622395833333334 0.31083333333333335 0.0109375 0.02666666666666667
3 0.9203125 0.31666666666666665 0.013541666666666667 0.03333333333333333
