4 0.061197916666666664 0.38666666666666666 0.03177083333333333 0.075
19 0.85 0.4008333333333333 0.026041666666666668 0.055
21 0.5328125 0.2970833333333333 0.013541666666666667 0.035833333333333335
20 0.6380208333333334 0.33 0.016666666666666666 0.041666666666666664
22 0.46067708333333335 0.27875 0.009895833333333333 0.0275
39 0.2625 0.26875 0.013541666666666667 0.034166666666666665
40 0.30963541666666666 0.28625 0.015104166666666667 0.03916666666666667
26 0.35 0.245 0.00625 0.021666666666666667
23 0.42239583333333336 0.26708333333333334 0.010416666666666666 0.024166666666666666
25 0.35989583333333336 0.25 0.008333333333333333 0.025
24 0.38177083333333334 0.25833333333333336 0.009375 0.025
41 0.3390625 0.3125 0.022916666666666665 0.051666666666666666
69 0.16432291666666668 0.24291666666666667 0.0078125 0.020833333333333332
70 0.11822916666666666 0.24333333333333335 0.007291666666666667 0.02
67 0.24635416666666668 0.24458333333333335 0.008333333333333333 0.0225
68 0.20859375 0.24291666666666667 0.008854166666666666 0.019166666666666665
29 0.17473958333333334 0.24125 0.0078125 0.0175
64 0.3015625 0.25125 0.009375 0.025833333333333333
63 0.32760416666666664 0.2625 0.010416666666666666 0.03
62 0.3489583333333333 0.2704166666666667 0.0125 0.030833333333333334
61 0.39427083333333335 0.29 0.015625 0.03833333333333333
60 0.4557291666666667 0.31666666666666665 0.021875 0.045
58 0.590625 0.37833333333333335 0.030208333333333334 0.07
42 0.41484375 0.3770833333333333 0.0328125 0.07916666666666666
38 0.21171875 0.26375 0.0109375 0.029166666666666667
30 0.11276041666666667 0.24166666666666667 0.0067708333333333336 0.015
57 0.7885416666666667 0.45 0.03958333333333333 0.09
43 0.7424479166666667 0.7129166666666666 0.09010416666666667 0.20083333333333334
78 0.17213541666666668 0.2625 0.013020833333333334 0.02666666666666667
77 0.13958333333333334 0.2608333333333333 0.010416666666666666 0.02666666666666667
2 0.16145833333333334 0.2866666666666667 0.0125 0.03166666666666667
3 0.12890625 0.3125 0.0203125 0.04666666666666667
