45 0.9651041666666667 0.38958333333333334 0.030208333333333334 0.05583333333333333
46 0.8505208333333333 0.3525 0.028125 0.04833333333333333
47 0.7255208333333333 0.325 0.027083333333333334 0.04666666666666667
56 0.8059895833333334 0.6720833333333334 0.08177083333333333 0.17916666666666667
8 0.9703125 0.36 0.022916666666666665 0.045
9 0.78984375 0.31333333333333335 0.019270833333333334 0.041666666666666664
10 0.6096354166666667 0.29333333333333333 0.015104166666666667 0.03666666666666667
11 0.43645833333333334 0.27625 0.010416666666666666 0.0425
12 0.2713541666666667 0.27416666666666667 0.009375 0.03
13 0.08151041666666667 0.28 0.011979166666666667 0.03333333333333333
49 0.4674479166666667 0.29791666666666666 0.013020833333333334 0.03916666666666667
48 0.59765625 0.30666666666666664 0.022395833333333334 0.05
50 0.340625 0.2941666666666667 0.014583333333333334 0.04666666666666667
51 0.22109375 0.2991666666666667 0.0171875 0.05
52 0.11484375 0.31916666666666665 0.019270833333333334 0.051666666666666666
55 0.19427083333333334 0.45916666666666667 0.041666666666666664 0.10166666666666667
53 0.03802083333333333 0.34875 0.022916666666666665 0.059166666666666666
54 0.0328125 0.3883333333333333 0.025 0.07166666666666667
