61 0.46067708333333335 0.52625 0.06510416666666667 0.13583333333333333
60 0.3072916666666667 0.35541666666666666 0.03125 0.06916666666666667
40 0.7583333333333333 0.5170833333333333 0.052083333333333336 0.1175
41 0.465625 0.35541666666666666 0.030208333333333334 0.06416666666666666
42 0.3640625 0.31 0.020833333333333332 0.04833333333333333
43 0.3184895833333333 0.28541666666666665 0.0140625 0.0375
58 0.25807291666666665 0.30666666666666664 0.0203125 0.04833333333333333
44 0.2875 0.27166666666666667 0.013541666666666667 0.03166666666666667
57 0.21927083333333333 0.295 0.017708333333333333 0.045
45 0.26536458333333335 0.26625 0.013020833333333334 0.0275
46 0.22135416666666666 0.26166666666666666 0.014583333333333334 0.03166666666666667
56 0.14557291666666666 0.28958333333333336 0.015104166666666667 0.035833333333333335
20 0.013541666666666667 0.3641666666666667 0.023958333333333335 0.06166666666666667
3 0.6955729166666667 0.36833333333333335 0.022395833333333334 0.05333333333333334
4 0.5341145833333333 0.31958333333333333 0.015104166666666667 0.0375
5 0.44583333333333336 0.29291666666666666 0.011458333333333333 0.030833333333333334
6 0.40911458333333334 0.27 0.0109375 0.03
7 0.36692708333333335 0.26958333333333334 0.0078125 0.024166666666666666
8 0.2942708333333333 0.25875 0.008333333333333333 0.025833333333333333
9 0.20442708333333334 0.25375 0.008854166666666666 0.0225
47 0.16380208333333332 0.25916666666666666 0.0140625 0.03333333333333333
10 0.10494791666666667 0.2575 0.0078125 0.025
19 0.0515625 0.315 0.01875 0.041666666666666664
18 0.012239583333333333 0.3120833333333333 0.015104166666666667 0.03916666666666667
49 0.033854166666666664 0.265 0.010416666666666666 0.025
11 0.0067708333333333336 0.25916666666666666 0.008333333333333333 0.02666666666666667
48 0.09973958333333334 0.26166666666666666 0.009895833333333333 0.02666666666666667
