11 0.9315104166666667 0.3720833333333333 0.0140625 0.0425
12 0.7380208333333333 0.3441666666666667 0.011458333333333333 0.041666666666666664
13 0.5151041666666667 0.3383333333333333 0.014583333333333334 0.045
14 0.30911458333333336 0.34708333333333335 0.021354166666666667 0.05583333333333333
15 0.046614583333333334 0.3908333333333333 0.028645833333333332 0.07666666666666666
50 0.84609375 0.38958333333333334 0.016145833333333335 0.049166666666666664
51 0.7059895833333333 0.38875 0.018229166666666668 0.05416666666666667
52 0.5830729166666667 0.40708333333333335 0.022395833333333334 0.07083333333333333
53 0.49973958333333335 0.4529166666666667 0.025520833333333333 0.0775
54 0.5221354166666666 0.565 0.043229166666666666 0.13
