38 0.5705729166666667 0.5629166666666666 0.05572916666666667 0.14416666666666667
78 0.32734375 0.43166666666666664 0.0515625 0.105
77 0.21927083333333333 0.3625 0.040625 0.07833333333333334
76 0.13255208333333332 0.31916666666666665 0.0296875 0.06
75 0.05703125 0.2995833333333333 0.022395833333333334 0.050833333333333335
74 0.010416666666666666 0.28833333333333333 0.017708333333333333 0.04666666666666667
73 0.03802083333333333 0.2708333333333333 0.016666666666666666 0.03833333333333333
72 0.096875 0.26208333333333333 0.017708333333333333 0.035833333333333335
71 0.17734375 0.25625 0.015104166666666667 0.035833333333333335
70 0.26953125 0.2529166666666667 0.0140625 0.030833333333333334
69 0.36302083333333335 0.2579166666666667 0.013541666666666667 0.0325
68 0.4549479166666667 0.2658333333333333 0.015104166666666667 0.03166666666666667
67 0.5341145833333333 0.27708333333333335 0.016145833333333335 0.035833333333333335
66 0.6 0.29083333333333333 0.017708333333333333 0.03833333333333333
65 0.6252604166666667 0.3016666666666667 0.019270833333333334 0.045
64 0.7622395833333333 0.35375 0.027604166666666666 0.060833333333333336
31 0.11927083333333334 0.24583333333333332 0.009375 0.02666666666666667
29 0.38671875 0.2504166666666667 0.009895833333333333 0.025833333333333333
28 0.5283854166666667 0.2625 0.0109375 0.02666666666666667
27 0.6416666666666667 0.2825 0.011458333333333333 0.03
26 0.7638020833333333 0.3104166666666667 0.015104166666666667 0.03916666666666667
25 0.8231770833333333 0.33125 0.018229166666666668 0.03916666666666667
24 0.9791666666666666 0.39416666666666667 0.021875 0.051666666666666666
