41 0.5890625 0.41791666666666666 0.04479166666666667 0.08583333333333333
42 0.41484375 0.3283333333333333 0.024479166666666666 0.055
43 0.34791666666666665 0.295 0.017708333333333333 0.04
60 0.36796875 0.4216666666666667 0.0421875 0.09333333333333334
58 0.28411458333333334 0.3283333333333333 0.0265625 0.055
44 0.30703125 0.27666666666666667 0.016145833333333335 0.03333333333333333
57 0.23203125 0.30791666666666667 0.024479166666666666 0.050833333333333335
45 0.28098958333333335 0.26875 0.013020833333333334 0.0325
46 0.23177083333333334 0.26416666666666666 0.015625 0.03
47 0.16875 0.26166666666666666 0.013541666666666667 0.03333333333333333
56 0.14322916666666666 0.29625 0.019791666666666666 0.0425
19 0.022916666666666665 0.33666666666666667 0.022916666666666665 0.05333333333333334
3 0.871875 0.4295833333333333 0.030208333333333334 0.0675
4 0.61953125 0.3433333333333333 0.019270833333333334 0.045
5 0.49505208333333334 0.305 0.015104166666666667 0.035
6 0.4440104166666667 0.2758333333333333 0.009895833333333333 0.03
7 0.39348958333333334 0.2733333333333333 0.009895833333333333 0.028333333333333332
8 0.31145833333333334 0.2604166666666667 0.010416666666666666 0.029166666666666667
9 0.2125 0.25333333333333335 0.008333333333333333 0.02666666666666667
10 0.10442708333333334 0.25708333333333333 0.008854166666666666 0.025833333333333333
49 0.02265625 0.26416666666666666 0.011979166666666667 0.028333333333333332
48 0.09713541666666667 0.26375 0.013020833333333334 0.030833333333333334
