20 0.8453125 0.4216666666666667 0.027083333333333334 0.06
21 0.6075520833333333 0.34458333333333335 0.019270833333333334 0.0425
22 0.4783854166666667 0.30666666666666664 0.0140625 0.035
39 0.215625 0.29541666666666666 0.017708333333333333 0.03916666666666667
29 0.10755208333333334 0.25 0.0067708333333333336 0.02
27 0.25546875 0.25625 0.005729166666666666 0.020833333333333332
40 0.2903645833333333 0.32958333333333334 0.022395833333333334 0.05583333333333333
26 0.3125 0.2608333333333333 0.008333333333333333 0.021666666666666667
25 0.32708333333333334 0.26416666666666666 0.010416666666666666 0.023333333333333334
24 0.3580729166666667 0.275 0.008854166666666666 0.025
23 0.41380208333333335 0.28791666666666665 0.0109375 0.0275
41 0.37109375 0.4041666666666667 0.03802083333333333 0.08666666666666667
68 0.14713541666666666 0.25458333333333333 0.008854166666666666 0.024166666666666666
69 0.09583333333333334 0.25333333333333335 0.010416666666666666 0.023333333333333334
78 0.0984375 0.28375 0.013541666666666667 0.034166666666666665
70 0.04140625 0.2579166666666667 0.008854166666666666 0.020833333333333332
71 0.010416666666666666 0.275 0.0125 0.03
77 0.05755208333333333 0.2791666666666667 0.013020833333333334 0.03166666666666667
67 0.190625 0.25625 0.009375 0.0225
66 0.22161458333333334 0.25916666666666666 0.009895833333333333 0.02666666666666667
65 0.22864583333333333 0.2608333333333333 0.008333333333333333 0.023333333333333334
64 0.25885416666666666 0.2675 0.0125 0.028333333333333332
63 0.29609375 0.28125 0.013020833333333334 0.0325
62 0.33125 0.30041666666666667 0.014583333333333334 0.0375
61 0.41354166666666664 0.33375 0.020833333333333332 0.0475
60 0.5716145833333334 0.4041666666666667 0.0390625 0.07833333333333334
42 0.8552083333333333 0.8575 0.109375 0.245
38 0.14765625 0.28625 0.011979166666666667 0.0325
28 0.19270833333333334 0.2504166666666667 0.007291666666666667 0.019166666666666665
30 0.0359375 0.25416666666666665 0.007291666666666667 0.02
1 0.05130208333333333 0.3070833333333333 0.0140625 0.035833333333333335
2 0.06484375 0.33541666666666664 0.019270833333333334 0.04583333333333333
