42 0.6778645833333333 0.48125 0.05260416666666667 0.10583333333333333
43 0.44427083333333334 0.3545833333333333 0.026041666666666668 0.059166666666666666
58 0.41770833333333335 0.49541666666666667 0.05416666666666667 0.11916666666666667
44 0.35494791666666664 0.30916666666666665 0.019270833333333334 0.043333333333333335
57 0.27265625 0.4025 0.043229166666666666 0.08333333333333333
45 0.3125 0.295 0.017708333333333333 0.04
46 0.24427083333333333 0.28625 0.01875 0.03916666666666667
47 0.15989583333333332 0.28208333333333335 0.01875 0.0375
56 0.11171875 0.36625 0.033854166666666664 0.06916666666666667
5 0.6625 0.3675 0.020833333333333332 0.051666666666666666
6 0.5416666666666666 0.30875 0.013541666666666667 0.03916666666666667
7 0.45859375 0.2995833333333333 0.013020833333333334 0.034166666666666665
8 0.3458333333333333 0.2816666666666667 0.011458333333333333 0.03
9 0.2171875 0.2704166666666667 0.010416666666666666 0.030833333333333334
10 0.07838541666666667 0.2733333333333333 0.009895833333333333 0.028333333333333332
48 0.06640625 0.28041666666666665 0.0140625 0.035833333333333335
