78 0.8361979166666667 0.7916666666666666 0.1265625 0.24166666666666667
77 0.51328125 0.51125 0.06302083333333333 0.12916666666666668
76 0.34765625 0.39666666666666667 0.0421875 0.08833333333333333
75 0.24140625 0.3570833333333333 0.033854166666666664 0.0675
74 0.18333333333333332 0.32958333333333334 0.023958333333333335 0.0575
73 0.221875 0.30541666666666667 0.020833333333333332 0.04583333333333333
72 0.29192708333333334 0.29833333333333334 0.0203125 0.041666666666666664
71 0.3841145833333333 0.2925 0.019270833333333334 0.04
70 0.4908854166666667 0.29541666666666666 0.015104166666666667 0.0325
69 0.5989583333333334 0.30416666666666664 0.015625 0.03666666666666667
68 0.7078125 0.3204166666666667 0.01875 0.0375
67 0.8088541666666667 0.34041666666666665 0.01875 0.04083333333333333
66 0.8973958333333333 0.3620833333333333 0.021875 0.0425
65 0.9481770833333333 0.38375 0.0234375 0.0525
31 0.3143229166666667 0.27416666666666667 0.013020833333333334 0.03333333333333333
32 0.16536458333333334 0.27791666666666665 0.013020833333333334 0.034166666666666665
33 0.04010416666666667 0.2916666666666667 0.017708333333333333 0.04
30 0.4856770833333333 0.28291666666666665 0.011979166666666667 0.029166666666666667
28 0.7822916666666667 0.31833333333333336 0.013541666666666667 0.03333333333333333
27 0.9221354166666667 0.34958333333333336 0.016145833333333335 0.035833333333333335
29 0.6171875 0.29375 0.013541666666666667 0.0325
