21 0.9057291666666667 0.44375 0.03333333333333333 0.06916666666666667
22 0.61015625 0.3458333333333333 0.021354166666666667 0.045
39 0.21692708333333333 0.3275 0.0234375 0.05333333333333334
29 0.08463541666666667 0.24625 0.0078125 0.025833333333333333
27 0.26067708333333334 0.2525 0.008854166666666666 0.023333333333333334
40 0.3776041666666667 0.43666666666666665 0.04375 0.09833333333333333
38 0.11770833333333333 0.3075 0.016666666666666666 0.045
26 0.3294270833333333 0.2604166666666667 0.008854166666666666 0.024166666666666666
25 0.35078125 0.26375 0.0109375 0.030833333333333334
24 0.3958333333333333 0.28041666666666665 0.011458333333333333 0.0275
23 0.48463541666666665 0.305 0.016145833333333335 0.03666666666666667
68 0.13072916666666667 0.2525 0.010416666666666666 0.028333333333333332
69 0.06822916666666666 0.25333333333333335 0.010416666666666666 0.02666666666666667
78 0.05234375 0.29791666666666666 0.019270833333333334 0.04416666666666667
77 0.005729166666666666 0.2925 0.011458333333333333 0.04
67 0.18177083333333333 0.255 0.010416666666666666 0.02666666666666667
66 0.21953125 0.2575 0.009895833333333333 0.02666666666666667
65 0.228125 0.26125 0.010416666666666666 0.0275
64 0.2703125 0.2733333333333333 0.014583333333333334 0.035
63 0.32786458333333335 0.29875 0.018229166666666668 0.0425
62 0.39609375 0.335 0.022395833333333334 0.05
61 0.60625 0.43125 0.04375 0.08583333333333333
28 0.18619791666666666 0.24625 0.0067708333333333336 0.0225
