38 0.7875 0.71375 0.08333333333333333 0.19583333333333333
78 0.43125 0.4970833333333333 0.065625 0.1275
77 0.29296875 0.3954166666666667 0.044270833333333336 0.08916666666666667
76 0.19244791666666666 0.34 0.0328125 0.065
75 0.11067708333333333 0.3179166666666667 0.028645833333333332 0.05583333333333333
74 0.059895833333333336 0.3 0.019791666666666666 0.04833333333333333
73 0.09244791666666667 0.28125 0.0203125 0.04083333333333333
72 0.15625 0.27416666666666667 0.01875 0.03833333333333333
71 0.23880208333333333 0.2679166666666667 0.016145833333333335 0.035833333333333335
70 0.33645833333333336 0.2679166666666667 0.014583333333333334 0.030833333333333334
69 0.434375 0.2725 0.014583333333333334 0.03333333333333333
68 0.5309895833333333 0.2825 0.018229166666666668 0.03833333333333333
67 0.6153645833333333 0.29833333333333334 0.0171875 0.03666666666666667
66 0.6869791666666667 0.31333333333333335 0.019791666666666666 0.04
65 0.7182291666666667 0.32666666666666666 0.019791666666666666 0.043333333333333335
64 0.8838541666666667 0.3908333333333333 0.034375 0.06666666666666667
31 0.17786458333333333 0.2554166666666667 0.009895833333333333 0.025833333333333333
32 0.04114583333333333 0.26375 0.011458333333333333 0.035833333333333335
29 0.45546875 0.265 0.0109375 0.03
28 0.6041666666666666 0.2825 0.0125 0.03
27 0.725 0.30333333333333334 0.013541666666666667 0.03166666666666667
26 0.8580729166666666 0.33791666666666664 0.016145833333333335 0.0375
25 0.9278645833333333 0.36125 0.018229166666666668 0.04416666666666667
