62 0.44765625 0.4295833333333333 0.04010416666666667 0.09416666666666666
39 0.79375 0.4766666666666667 0.051041666666666666 0.09666666666666666
40 0.46510416666666665 0.33541666666666664 0.025 0.05583333333333333
61 0.33359375 0.33166666666666667 0.024479166666666666 0.058333333333333334
60 0.30364583333333334 0.29333333333333333 0.017708333333333333 0.045
41 0.39817708333333335 0.2966666666666667 0.0171875 0.041666666666666664
42 0.35885416666666664 0.27708333333333335 0.014583333333333334 0.03916666666666667
43 0.3377604166666667 0.265 0.011979166666666667 0.03
58 0.2875 0.27625 0.014583333333333334 0.0325
44 0.32057291666666665 0.2575 0.009895833333333333 0.02666666666666667
57 0.26276041666666666 0.26916666666666667 0.013020833333333334 0.03333333333333333
45 0.30416666666666664 0.25666666666666665 0.0125 0.03
56 0.21223958333333334 0.2625 0.013020833333333334 0.03
20 0.14010416666666667 0.29333333333333333 0.014583333333333334 0.03833333333333333
21 0.0953125 0.3308333333333333 0.020833333333333332 0.05333333333333334
22 0.01796875 0.43125 0.030729166666666665 0.08916666666666667
1 0.9505208333333334 0.4425 0.029166666666666667 0.06333333333333334
2 0.67578125 0.35333333333333333 0.019270833333333334 0.04666666666666667
3 0.5486979166666667 0.30541666666666667 0.0140625 0.0375
4 0.4786458333333333 0.28583333333333333 0.0125 0.028333333333333332
5 0.43411458333333336 0.27 0.008854166666666666 0.025
6 0.4158854166666667 0.2575 0.009895833333333333 0.02666666666666667
8 0.3299479166666667 0.2475 0.0078125 0.02666666666666667
7 0.3880208333333333 0.2575 0.009375 0.025
47 0.22630208333333332 0.24666666666666667 0.009895833333333333 0.025
46 0.27239583333333334 0.2504166666666667 0.009375 0.025833333333333333
19 0.15208333333333332 0.275 0.011458333333333333 0.035
18 0.12213541666666666 0.275 0.008854166666666666 0.028333333333333332
17 0.029166666666666667 0.27208333333333334 0.009375 0.029166666666666667
