38 0.5260416666666666 0.5304166666666666 0.04895833333333333 0.13416666666666666
78 0.30859375 0.41625 0.0484375 0.0975
77 0.20677083333333332 0.35375 0.0375 0.07583333333333334
76 0.121875 0.31416666666666665 0.028125 0.058333333333333334
75 0.04791666666666667 0.29875 0.027083333333333334 0.049166666666666664
73 0.026822916666666665 0.26625 0.018229166666666668 0.0375
72 0.08645833333333333 0.25958333333333333 0.015625 0.0375
71 0.16432291666666668 0.2525 0.018229166666666668 0.03666666666666667
70 0.2557291666666667 0.25083333333333335 0.014583333333333334 0.028333333333333332
69 0.34869791666666666 0.25375 0.013020833333333334 0.034166666666666665
68 0.4388020833333333 0.26208333333333333 0.0171875 0.035833333333333335
67 0.5177083333333333 0.27375 0.015625 0.0325
66 0.58046875 0.28583333333333333 0.018229166666666668 0.03833333333333333
65 0.6052083333333333 0.29625 0.017708333333333333 0.0425
64 0.7330729166666666 0.3441666666666667 0.027604166666666666 0.058333333333333334
31 0.10703125 0.24125 0.009895833333333333 0.0275
29 0.37161458333333336 0.245 0.0109375 0.028333333333333332
28 0.5127604166666667 0.25916666666666666 0.0109375 0.03
27 0.6229166666666667 0.27791666666666665 0.0125 0.030833333333333334
26 0.7421875 0.30541666666666667 0.015625 0.035833333333333335
25 0.7989583333333333 0.32458333333333333 0.016666666666666666 0.04083333333333333
24 0.9471354166666667 0.38416666666666666 0.0203125 0.04833333333333333
