38 0.47291666666666665 0.49416666666666664 0.04791666666666667 0.12166666666666667
78 0.28125 0.40125 0.04479166666666667 0.09083333333333334
77 0.1875 0.3475 0.034375 0.07166666666666667
76 0.10572916666666667 0.31166666666666665 0.028125 0.058333333333333334
75 0.033854166666666664 0.29583333333333334 0.023958333333333335 0.05
73 0.0140625 0.2683333333333333 0.015625 0.03666666666666667
72 0.0703125 0.2604166666666667 0.016666666666666666 0.035833333333333335
71 0.14765625 0.2529166666666667 0.0171875 0.035833333333333335
70 0.23723958333333334 0.25083333333333335 0.011979166666666667 0.028333333333333332
69 0.32734375 0.2529166666666667 0.011979166666666667 0.030833333333333334
68 0.4158854166666667 0.26166666666666666 0.016145833333333335 0.03333333333333333
67 0.49166666666666664 0.26958333333333334 0.013541666666666667 0.0325
66 0.553125 0.2825 0.017708333333333333 0.03666666666666667
65 0.57578125 0.2916666666666667 0.016145833333333335 0.04
64 0.6940104166666666 0.33541666666666664 0.027604166666666666 0.059166666666666666
63 0.9450520833333333 0.46208333333333335 0.043229166666666666 0.09083333333333334
31 0.09010416666666667 0.24375 0.010416666666666666 0.0275
29 0.35 0.24625 0.010416666666666666 0.0275
28 0.48854166666666665 0.25666666666666665 0.011458333333333333 0.028333333333333332
27 0.5966145833333333 0.27416666666666667 0.0109375 0.03
26 0.7109375 0.3 0.014583333333333334 0.035
25 0.7645833333333333 0.3175 0.016666666666666666 0.04
24 0.9020833333333333 0.37041666666666667 0.019791666666666666 0.050833333333333335
