39 0.6286458333333333 0.61375 0.075 0.16083333333333333
31 0.0109375 0.25333333333333335 0.010416666666666666 0.03
30 0.1546875 0.25 0.009375 0.02666666666666667
29 0.2625 0.24833333333333332 0.010416666666666666 0.028333333333333332
27 0.4947916666666667 0.2683333333333333 0.013541666666666667 0.03
38 0.29375 0.43375 0.036458333333333336 0.09416666666666666
26 0.5986979166666667 0.2891666666666667 0.013020833333333334 0.03666666666666667
25 0.6416666666666667 0.2995833333333333 0.015625 0.0425
24 0.7515625 0.34125 0.019791666666666666 0.0475
68 0.32109375 0.2608333333333333 0.016145833333333335 0.03666666666666667
69 0.2375 0.2554166666666667 0.015625 0.034166666666666665
70 0.14973958333333334 0.255 0.0140625 0.03333333333333333
71 0.06458333333333334 0.2604166666666667 0.016666666666666666 0.0375
76 0.020572916666666666 0.3104166666666667 0.025520833333333333 0.05416666666666667
77 0.0890625 0.34041666666666665 0.030208333333333334 0.06416666666666666
78 0.16067708333333333 0.37833333333333335 0.04010416666666667 0.08
67 0.39140625 0.26916666666666667 0.0140625 0.03333333333333333
66 0.44765625 0.275 0.016145833333333335 0.03666666666666667
65 0.4630208333333333 0.28458333333333335 0.017708333333333333 0.034166666666666665
64 0.55390625 0.31833333333333336 0.025520833333333333 0.05
63 0.7338541666666667 0.40791666666666665 0.0375 0.0775
