62 0.59140625 0.55375 0.0578125 0.14083333333333334
40 0.528125 0.3641666666666667 0.030208333333333334 0.06666666666666667
61 0.36328125 0.35875 0.027604166666666666 0.07083333333333333
60 0.3143229166666667 0.30625 0.0203125 0.0475
41 0.42421875 0.3045833333333333 0.0203125 0.050833333333333335
42 0.37135416666666665 0.2825 0.016666666666666666 0.04
43 0.34375 0.2679166666666667 0.014583333333333334 0.030833333333333334
58 0.290625 0.28125 0.015625 0.04083333333333333
44 0.3229166666666667 0.25916666666666666 0.011458333333333333 0.03
57 0.26223958333333336 0.275 0.016145833333333335 0.03833333333333333
45 0.30520833333333336 0.2554166666666667 0.0125 0.030833333333333334
56 0.20572916666666666 0.27 0.014583333333333334 0.03333333333333333
20 0.12239583333333333 0.31166666666666665 0.014583333333333334 0.043333333333333335
21 0.06041666666666667 0.37 0.022916666666666665 0.06333333333333334
2 0.7755208333333333 0.3775 0.021875 0.055
3 0.5950520833333334 0.31416666666666665 0.016145833333333335 0.03833333333333333
4 0.5052083333333334 0.2891666666666667 0.013541666666666667 0.03
5 0.4479166666666667 0.2708333333333333 0.010416666666666666 0.03
6 0.42604166666666665 0.2575 0.008333333333333333 0.02666666666666667
8 0.33177083333333335 0.25083333333333335 0.009375 0.025
9 0.253125 0.24666666666666667 0.00625 0.02
7 0.3927083333333333 0.25625 0.008333333333333333 0.029166666666666667
10 0.16875 0.2504166666666667 0.008333333333333333 0.020833333333333332
47 0.21953125 0.2520833333333333 0.008854166666666666 0.024166666666666666
46 0.26901041666666664 0.2504166666666667 0.0109375 0.0275
19 0.13671875 0.28791666666666665 0.015104166666666667 0.03916666666666667
18 0.1046875 0.2875 0.008333333333333333 0.02666666666666667
48 0.16432291666666668 0.25333333333333335 0.0078125 0.023333333333333334
55 0.09036458333333333 0.2733333333333333 0.0078125 0.025
