62 0.46901041666666665 0.44958333333333333 0.043229166666666666 0.1025
39 0.8463541666666666 0.49875 0.05625 0.10583333333333333
40 0.47421875 0.33875 0.0265625 0.059166666666666666
61 0.33619791666666665 0.335 0.025520833333333333 0.06
60 0.3015625 0.2966666666666667 0.017708333333333333 0.045
41 0.39947916666666666 0.2970833333333333 0.01875 0.04416666666666667
42 0.3578125 0.27625 0.015625 0.0375
43 0.33515625 0.2625 0.011979166666666667 0.03
58 0.284375 0.275 0.013541666666666667 0.03833333333333333
44 0.31744791666666666 0.25666666666666665 0.011979166666666667 0.03
57 0.25807291666666665 0.2708333333333333 0.0140625 0.03166666666666667
45 0.30078125 0.2554166666666667 0.013020833333333334 0.029166666666666667
56 0.20625 0.26458333333333334 0.013541666666666667 0.030833333333333334
20 0.13177083333333334 0.29791666666666666 0.013541666666666667 0.0375
21 0.08385416666666666 0.33875 0.021875 0.05416666666666667
2 0.6932291666666667 0.35583333333333333 0.020833333333333332 0.04833333333333333
3 0.5549479166666667 0.30416666666666664 0.015104166666666667 0.03666666666666667
4 0.48046875 0.2833333333333333 0.011979166666666667 0.03
5 0.43359375 0.26958333333333334 0.009895833333333333 0.0275
6 0.41458333333333336 0.25458333333333333 0.008333333333333333 0.025833333333333333
8 0.3260416666666667 0.24583333333333332 0.008333333333333333 0.023333333333333334
7 0.38515625 0.25458333333333333 0.0078125 0.020833333333333332
47 0.21979166666666666 0.24708333333333332 0.009375 0.025833333333333333
46 0.2674479166666667 0.2504166666666667 0.0109375 0.0275
19 0.14427083333333332 0.27541666666666664 0.0125 0.0375
18 0.11302083333333333 0.2783333333333333 0.008333333333333333 0.03
17 0.018229166666666668 0.27625 0.008333333333333333 0.0275
