20 0.6927083333333334 0.3670833333333333 0.019791666666666666 0.0525
21 0.5372395833333333 0.31875 0.013020833333333334 0.0375
22 0.44088541666666664 0.29375 0.0140625 0.030833333333333334
39 0.2140625 0.2833333333333333 0.015625 0.03666666666666667
29 0.11588541666666667 0.24791666666666667 0.0067708333333333336 0.019166666666666665
40 0.27291666666666664 0.30541666666666667 0.01875 0.04416666666666667
26 0.30572916666666666 0.2554166666666667 0.008333333333333333 0.019166666666666665
23 0.39166666666666666 0.2783333333333333 0.011458333333333333 0.023333333333333334
25 0.31796875 0.25916666666666666 0.008854166666666666 0.023333333333333334
24 0.34348958333333335 0.2679166666666667 0.008854166666666666 0.024166666666666666
3 0.04192708333333333 0.35583333333333333 0.025520833333333333 0.06166666666666667
41 0.32135416666666666 0.34833333333333333 0.028125 0.06333333333333334
68 0.15338541666666666 0.25125 0.008854166666666666 0.0225
69 0.10442708333333334 0.25166666666666665 0.0078125 0.021666666666666667
78 0.1109375 0.2733333333333333 0.0125 0.03166666666666667
70 0.05416666666666667 0.2525 0.008333333333333333 0.02
77 0.07395833333333333 0.27 0.011458333333333333 0.03333333333333333
67 0.19296875 0.25125 0.0078125 0.0225
66 0.22109375 0.25583333333333336 0.0067708333333333336 0.021666666666666667
65 0.22734375 0.2554166666666667 0.0067708333333333336 0.0225
64 0.2546875 0.26375 0.008333333333333333 0.0225
63 0.28671875 0.27291666666666664 0.013020833333333334 0.0325
62 0.31302083333333336 0.28458333333333335 0.015625 0.03916666666666667
61 0.3734375 0.3095833333333333 0.020833333333333332 0.04416666666666667
60 0.46901041666666665 0.35083333333333333 0.0265625 0.06
58 0.7283854166666667 0.4708333333333333 0.04635416666666667 0.095
42 0.4828125 0.4891666666666667 0.05416666666666667 0.11666666666666667
38 0.15520833333333334 0.27791666666666665 0.011458333333333333 0.029166666666666667
30 0.04921875 0.25 0.0067708333333333336 0.02
1 0.07526041666666666 0.2945833333333333 0.0140625 0.030833333333333334
2 0.0921875 0.3104166666666667 0.01875 0.03916666666666667
