39 0.24661458333333333 0.34708333333333335 0.0296875 0.0625
29 0.10130208333333333 0.24625 0.0078125 0.0225
27 0.28854166666666664 0.25083333333333335 0.010416666666666666 0.02666666666666667
40 0.5049479166666667 0.5495833333333333 0.07135416666666666 0.1475
38 0.13020833333333334 0.31875 0.016666666666666666 0.0525
26 0.36276041666666664 0.26 0.011979166666666667 0.028333333333333332
25 0.38671875 0.2633333333333333 0.0140625 0.03833333333333333
24 0.4401041666666667 0.28375 0.014583333333333334 0.0325
23 0.5489583333333333 0.3125 0.016666666666666666 0.043333333333333335
22 0.71640625 0.37166666666666665 0.0265625 0.06
68 0.14921875 0.25166666666666665 0.011979166666666667 0.02666666666666667
69 0.08255208333333333 0.25166666666666665 0.0109375 0.02666666666666667
70 0.011458333333333333 0.2554166666666667 0.010416666666666666 0.025833333333333333
78 0.054427083333333334 0.31 0.022395833333333334 0.04666666666666667
67 0.20416666666666666 0.25416666666666665 0.011458333333333333 0.02666666666666667
66 0.24505208333333334 0.2579166666666667 0.0109375 0.0275
65 0.25286458333333334 0.26 0.011979166666666667 0.03166666666666667
64 0.3020833333333333 0.27458333333333335 0.014583333333333334 0.035833333333333335
63 0.37109375 0.30833333333333335 0.019270833333333334 0.045
62 0.46640625 0.3570833333333333 0.025520833333333333 0.059166666666666666
61 0.8151041666666666 0.5308333333333334 0.05625 0.12
28 0.20859375 0.24583333333333332 0.008854166666666666 0.021666666666666667
