63 0.6861979166666666 0.6908333333333333 0.07760416666666667 0.18666666666666668
62 0.4127604166666667 0.38166666666666665 0.030729166666666665 0.07666666666666666
39 0.7005208333333334 0.425 0.042708333333333334 0.08333333333333333
40 0.45 0.3154166666666667 0.023958333333333335 0.0525
61 0.33125 0.30583333333333335 0.020833333333333332 0.051666666666666666
60 0.3072916666666667 0.2783333333333333 0.016666666666666666 0.03833333333333333
41 0.3932291666666667 0.28041666666666665 0.01875 0.04083333333333333
42 0.36171875 0.2629166666666667 0.0140625 0.0375
43 0.34322916666666664 0.2529166666666667 0.0125 0.029166666666666667
58 0.29375 0.26 0.0125 0.03166666666666667
44 0.32760416666666664 0.24625 0.011458333333333333 0.0275
57 0.2713541666666667 0.2554166666666667 0.011458333333333333 0.030833333333333334
56 0.22369791666666666 0.24875 0.011979166666666667 0.029166666666666667
20 0.15703125 0.2733333333333333 0.011979166666666667 0.035
21 0.11875 0.305 0.016666666666666666 0.045
22 0.05911458333333333 0.3754166666666667 0.0296875 0.07416666666666667
1 0.8677083333333333 0.41041666666666665 0.030208333333333334 0.059166666666666666
2 0.64140625 0.3333333333333333 0.016145833333333335 0.041666666666666664
3 0.5359375 0.29291666666666666 0.0125 0.030833333333333334
4 0.47421875 0.27291666666666664 0.0109375 0.0275
5 0.43515625 0.25708333333333333 0.008854166666666666 0.030833333333333334
6 0.4200520833333333 0.24541666666666667 0.0078125 0.0225
7 0.3924479166666667 0.24625 0.008854166666666666 0.0225
47 0.23671875 0.23375 0.008854166666666666 0.020833333333333332
45 0.31276041666666665 0.23875 0.0078125 0.025833333333333333
46 0.28151041666666665 0.23625 0.009895833333333333 0.025833333333333333
19 0.16666666666666666 0.2575 0.010416666666666666 0.03333333333333333
18 0.13828125 0.25666666666666665 0.008854166666666666 0.028333333333333332
17 0.050520833333333334 0.25458333333333333 0.008333333333333333 0.025833333333333333
