77 0.9231770833333334 0.7845833333333333 0.09635416666666667 0.23083333333333333
76 0.5372395833333333 0.4925 0.05364583333333333 0.12
75 0.3697916666666667 0.40958333333333335 0.040625 0.08416666666666667
74 0.2875 0.365 0.028125 0.06666666666666667
73 0.32838541666666665 0.33125 0.0265625 0.0525
72 0.4075520833333333 0.31958333333333333 0.021354166666666667 0.04583333333333333
71 0.51015625 0.31333333333333335 0.0203125 0.04
70 0.6302083333333334 0.31666666666666665 0.017708333333333333 0.03833333333333333
69 0.7526041666666666 0.32875 0.017708333333333333 0.0425
68 0.878125 0.34875 0.019791666666666666 0.04416666666666667
31 0.4270833333333333 0.2916666666666667 0.013541666666666667 0.03333333333333333
32 0.2625 0.2966666666666667 0.014583333333333334 0.03833333333333333
33 0.12005208333333334 0.3129166666666667 0.018229166666666668 0.04416666666666667
30 0.6161458333333333 0.30125 0.0125 0.030833333333333334
28 0.9484375 0.3441666666666667 0.014583333333333334 0.035
29 0.7614583333333333 0.3154166666666667 0.0125 0.035833333333333335
