19 0.95234375 0.4533333333333333 0.0265625 0.065
21 0.5291666666666667 0.31333333333333335 0.0125 0.03666666666666667
20 0.66484375 0.35541666666666666 0.019270833333333334 0.0475
22 0.44192708333333336 0.29083333333333333 0.011979166666666667 0.03
39 0.22526041666666666 0.27958333333333335 0.016145833333333335 0.034166666666666665
40 0.2799479166666667 0.30083333333333334 0.018229166666666668 0.043333333333333335
26 0.31536458333333334 0.2554166666666667 0.0067708333333333336 0.019166666666666665
23 0.3958333333333333 0.275 0.011458333333333333 0.028333333333333332
25 0.32708333333333334 0.2579166666666667 0.008333333333333333 0.0175
24 0.35130208333333335 0.265 0.008854166666666666 0.02
3 0.06796875 0.34125 0.0234375 0.0525
41 0.32135416666666666 0.3358333333333333 0.026041666666666668 0.06
69 0.11901041666666666 0.25 0.008854166666666666 0.02
78 0.1265625 0.2708333333333333 0.0125 0.03166666666666667
70 0.07005208333333333 0.25125 0.008854166666666666 0.0225
77 0.09114583333333333 0.2675 0.0125 0.028333333333333332
67 0.20598958333333334 0.2504166666666667 0.008854166666666666 0.020833333333333332
66 0.23359375 0.25333333333333335 0.0078125 0.021666666666666667
65 0.23932291666666666 0.2554166666666667 0.0078125 0.0225
68 0.1671875 0.25 0.009375 0.02
29 0.13072916666666667 0.24708333333333332 0.007291666666666667 0.020833333333333332
64 0.26536458333333335 0.26 0.0109375 0.023333333333333334
63 0.2950520833333333 0.27125 0.013020833333333334 0.029166666666666667
62 0.3182291666666667 0.2808333333333333 0.015625 0.035
61 0.375 0.30583333333333335 0.017708333333333333 0.03833333333333333
60 0.45703125 0.3416666666666667 0.025520833333333333 0.05333333333333334
58 0.6627604166666666 0.43583333333333335 0.03697916666666667 0.085
42 0.44296875 0.44083333333333335 0.04739583333333333 0.10166666666666667
38 0.16979166666666667 0.275 0.010416666666666666 0.025
30 0.06484375 0.2475 0.0078125 0.02
57 0.97109375 0.55375 0.0515625 0.11583333333333333
1 0.09140625 0.28625 0.009895833333333333 0.0275
2 0.11171875 0.3020833333333333 0.0171875 0.0375
