64 0.54375 0.415 0.03854166666666667 0.08666666666666667
63 0.46536458333333336 0.3408333333333333 0.022395833333333334 0.05
62 0.45703125 0.305 0.0140625 0.035
38 0.696875 0.3466666666666667 0.022916666666666665 0.04833333333333333
61 0.44296875 0.28791666666666665 0.0140625 0.034166666666666665
78 0.8244791666666667 0.3779166666666667 0.023958333333333335 0.0575
39 0.5825520833333333 0.32125 0.019270833333333334 0.0425
40 0.5130208333333334 0.2916666666666667 0.016666666666666666 0.035
41 0.5005208333333333 0.27875 0.013541666666666667 0.030833333333333334
0 0.8166666666666667 0.35041666666666665 0.014583333333333334 0.04583333333333333
56 0.3932291666666667 0.26208333333333333 0.011458333333333333 0.025833333333333333
57 0.4270833333333333 0.26375 0.011458333333333333 0.030833333333333334
20 0.3450520833333333 0.2708333333333333 0.009895833333333333 0.028333333333333332
24 0.14713541666666666 0.41541666666666666 0.03697916666666667 0.08083333333333333
23 0.23723958333333334 0.3333333333333333 0.021354166666666667 0.05
21 0.32473958333333336 0.28458333333333335 0.0109375 0.0275
22 0.29973958333333334 0.30125 0.015104166666666667 0.03916666666666667
1 0.7184895833333333 0.33 0.015104166666666667 0.03666666666666667
2 0.6333333333333333 0.30333333333333334 0.011458333333333333 0.028333333333333332
3 0.5973958333333333 0.2875 0.011458333333333333 0.025
4 0.5721354166666667 0.2758333333333333 0.009895833333333333 0.023333333333333334
77 0.9854166666666667 0.41625 0.020833333333333332 0.059166666666666666
5 0.55390625 0.2683333333333333 0.008854166666666666 0.021666666666666667
42 0.4890625 0.26916666666666667 0.009375 0.02666666666666667
43 0.484375 0.26375 0.007291666666666667 0.024166666666666666
44 0.478125 0.25958333333333333 0.008333333333333333 0.0225
45 0.46640625 0.26 0.009895833333333333 0.02
