39 0.9591145833333333 0.7791666666666667 0.07760416666666667 0.22166666666666668
38 0.45026041666666666 0.4841666666666667 0.04635416666666667 0.12
78 0.2677083333333333 0.3958333333333333 0.041666666666666664 0.09
77 0.17760416666666667 0.34625 0.035416666666666666 0.0725
76 0.0984375 0.3104166666666667 0.026041666666666668 0.05583333333333333
75 0.027083333333333334 0.2970833333333333 0.022916666666666665 0.04583333333333333
73 0.0078125 0.2708333333333333 0.013541666666666667 0.03833333333333333
72 0.061197916666666664 0.26208333333333333 0.016145833333333335 0.034166666666666665
71 0.13802083333333334 0.25416666666666665 0.015625 0.035
70 0.22682291666666668 0.25083333333333335 0.013020833333333334 0.028333333333333332
69 0.3171875 0.25375 0.014583333333333334 0.034166666666666665
68 0.4041666666666667 0.2608333333333333 0.014583333333333334 0.03333333333333333
67 0.47890625 0.27125 0.013020833333333334 0.030833333333333334
66 0.540625 0.2825 0.016666666666666666 0.03833333333333333
65 0.5611979166666666 0.29083333333333333 0.0171875 0.03833333333333333
64 0.675 0.3329166666666667 0.027083333333333334 0.0575
63 0.9138020833333333 0.45208333333333334 0.043229166666666666 0.08583333333333333
31 0.08177083333333333 0.24458333333333335 0.010416666666666666 0.029166666666666667
29 0.33932291666666664 0.245 0.009895833333333333 0.025
28 0.4765625 0.25708333333333333 0.011458333333333333 0.025833333333333333
27 0.58359375 0.27208333333333334 0.0109375 0.029166666666666667
26 0.696875 0.29791666666666666 0.015625 0.035833333333333335
25 0.7479166666666667 0.31375 0.015625 0.04083333333333333
24 0.8802083333333334 0.36583333333333334 0.01875 0.045
