62 0.4393229166666667 0.4266666666666667 0.04114583333333333 0.09333333333333334
39 0.7705729166666667 0.4708333333333333 0.049479166666666664 0.095
40 0.4625 0.33875 0.023958333333333335 0.05416666666666667
61 0.3341145833333333 0.33375 0.022395833333333334 0.05583333333333333
60 0.30520833333333336 0.2975 0.01875 0.043333333333333335
41 0.3958333333333333 0.30125 0.020833333333333332 0.04416666666666667
42 0.36041666666666666 0.28291666666666665 0.014583333333333334 0.035833333333333335
43 0.33932291666666664 0.26958333333333334 0.0109375 0.0275
58 0.28932291666666665 0.28041666666666665 0.013020833333333334 0.0325
44 0.3223958333333333 0.2629166666666667 0.010416666666666666 0.029166666666666667
57 0.2643229166666667 0.27166666666666667 0.0140625 0.03166666666666667
45 0.3065104166666667 0.26 0.011979166666666667 0.025
56 0.21484375 0.2679166666666667 0.013020833333333334 0.030833333333333334
20 0.14479166666666668 0.29791666666666666 0.013541666666666667 0.03916666666666667
21 0.1015625 0.33375 0.017708333333333333 0.049166666666666664
22 0.028645833333333332 0.42625 0.03229166666666667 0.08416666666666667
1 0.92890625 0.4425 0.030729166666666665 0.06333333333333334
2 0.6682291666666667 0.3575 0.01875 0.043333333333333335
3 0.5455729166666666 0.3104166666666667 0.0140625 0.034166666666666665
4 0.47760416666666666 0.29041666666666666 0.011458333333333333 0.029166666666666667
5 0.4348958333333333 0.2758333333333333 0.009375 0.02666666666666667
6 0.41692708333333334 0.26125 0.009895833333333333 0.025833333333333333
8 0.33229166666666665 0.25416666666666665 0.007291666666666667 0.02
7 0.38828125 0.26208333333333333 0.008854166666666666 0.024166666666666666
47 0.22838541666666667 0.2529166666666667 0.008854166666666666 0.020833333333333332
46 0.2747395833333333 0.25625 0.009895833333333333 0.029166666666666667
19 0.15572916666666667 0.2791666666666667 0.010416666666666666 0.03666666666666667
18 0.12578125 0.2791666666666667 0.008854166666666666 0.03
17 0.03411458333333333 0.2758333333333333 0.008854166666666666 0.03
