39 0.32447916666666665 0.41625 0.03958333333333333 0.08583333333333333
30 0.03046875 0.2504166666666667 0.008854166666666666 0.024166666666666666
29 0.12916666666666668 0.24458333333333335 0.008333333333333333 0.029166666666666667
27 0.33828125 0.2554166666666667 0.0109375 0.029166666666666667
38 0.14921875 0.3591666666666667 0.0265625 0.07333333333333333
26 0.42630208333333336 0.26708333333333334 0.011979166666666667 0.029166666666666667
25 0.45755208333333336 0.27541666666666664 0.0140625 0.0375
24 0.5338541666666666 0.30125 0.014583333333333334 0.035833333333333335
23 0.6950520833333333 0.3545833333333333 0.021354166666666667 0.049166666666666664
68 0.18203125 0.25333333333333335 0.0140625 0.03
69 0.10677083333333333 0.25166666666666665 0.015625 0.03333333333333333
70 0.02734375 0.25583333333333336 0.0109375 0.023333333333333334
78 0.053385416666666664 0.33458333333333334 0.027604166666666666 0.059166666666666666
67 0.24453125 0.2575 0.013020833333333334 0.03
66 0.2921875 0.26166666666666666 0.013541666666666667 0.035
65 0.3033854166666667 0.26916666666666667 0.013020833333333334 0.03333333333333333
64 0.36640625 0.28875 0.018229166666666668 0.0425
63 0.47291666666666665 0.33916666666666667 0.026041666666666668 0.058333333333333334
62 0.6713541666666667 0.45 0.04479166666666667 0.09333333333333334
28 0.24869791666666666 0.24833333333333332 0.009895833333333333 0.023333333333333334
