21 0.85390625 0.4275 0.033854166666666664 0.07166666666666667
22 0.5880208333333333 0.34291666666666665 0.019791666666666666 0.04416666666666667
39 0.21354166666666666 0.3254166666666667 0.022916666666666665 0.05416666666666667
29 0.08489583333333334 0.2520833333333333 0.007291666666666667 0.020833333333333332
27 0.2565104166666667 0.25666666666666665 0.0078125 0.021666666666666667
40 0.35859375 0.41791666666666666 0.0390625 0.09083333333333334
38 0.11979166666666667 0.30833333333333335 0.014583333333333334 0.045
26 0.32526041666666666 0.2633333333333333 0.009895833333333333 0.023333333333333334
25 0.34479166666666666 0.2675 0.010416666666666666 0.023333333333333334
24 0.38776041666666666 0.2825 0.013020833333333334 0.028333333333333332
23 0.47161458333333334 0.30541666666666667 0.015104166666666667 0.035833333333333335
68 0.12942708333333333 0.255 0.011979166666666667 0.02666666666666667
69 0.06796875 0.25583333333333336 0.009895833333333333 0.023333333333333334
78 0.05572916666666667 0.30125 0.019791666666666666 0.0425
77 0.009114583333333334 0.29291666666666666 0.016145833333333335 0.04083333333333333
70 0.00625 0.25875 0.008333333333333333 0.025833333333333333
67 0.18072916666666666 0.25875 0.010416666666666666 0.025833333333333333
66 0.21744791666666666 0.26166666666666666 0.009895833333333333 0.028333333333333332
65 0.22552083333333334 0.26458333333333334 0.010416666666666666 0.025833333333333333
64 0.26536458333333335 0.2758333333333333 0.013020833333333334 0.03333333333333333
63 0.32135416666666666 0.30083333333333334 0.01875 0.03833333333333333
62 0.384375 0.3325 0.021875 0.04833333333333333
61 0.56875 0.41625 0.03958333333333333 0.0825
28 0.184375 0.25083333333333335 0.007291666666666667 0.02
