5 0.07369791666666667 0.4375 0.04010416666666667 0.09333333333333334
4 0.20078125 0.32166666666666666 0.022395833333333334 0.055
19 0.7971354166666667 0.3591666666666667 0.019270833333333334 0.04666666666666667
18 0.9234375 0.3983333333333333 0.016666666666666666 0.05
21 0.5869791666666667 0.28375 0.010416666666666666 0.034166666666666665
20 0.659375 0.3104166666666667 0.0125 0.034166666666666665
22 0.5338541666666666 0.2704166666666667 0.008333333333333333 0.0225
39 0.35989583333333336 0.25583333333333336 0.0125 0.03
40 0.3958333333333333 0.2704166666666667 0.014583333333333334 0.030833333333333334
26 0.44505208333333335 0.24166666666666667 0.0067708333333333336 0.021666666666666667
23 0.5033854166666667 0.26 0.008854166666666666 0.02
25 0.453125 0.24666666666666667 0.00625 0.018333333333333333
24 0.47161458333333334 0.25125 0.0067708333333333336 0.0225
67 0.3497395833333333 0.23541666666666666 0.008854166666666666 0.020833333333333332
69 0.2752604166666667 0.23291666666666666 0.008854166666666666 0.019166666666666665
29 0.28411458333333334 0.23208333333333334 0.0078125 0.0175
64 0.39765625 0.245 0.011979166666666667 0.025
63 0.41953125 0.25416666666666665 0.011979166666666667 0.025
62 0.434375 0.2604166666666667 0.0125 0.029166666666666667
61 0.46796875 0.27666666666666667 0.0140625 0.03333333333333333
60 0.5059895833333333 0.29541666666666666 0.018229166666666668 0.04083333333333333
58 0.5807291666666666 0.3325 0.025 0.055
41 0.41354166666666664 0.29 0.01875 0.043333333333333335
42 0.44947916666666665 0.3254166666666667 0.027083333333333334 0.0625
68 0.31640625 0.23458333333333334 0.0078125 0.019166666666666665
38 0.31640625 0.2520833333333333 0.0078125 0.024166666666666666
57 0.690625 0.37166666666666665 0.03229166666666667 0.06833333333333333
43 0.5361979166666667 0.44416666666666665 0.0484375 0.10166666666666667
56 0.9127604166666666 0.43583333333333335 0.0328125 0.06833333333333333
78 0.28151041666666665 0.24916666666666668 0.011979166666666667 0.028333333333333332
77 0.2526041666666667 0.24583333333333332 0.010416666666666666 0.023333333333333334
2 0.2721354166666667 0.26875 0.011979166666666667 0.0325
3 0.24609375 0.28375 0.015104166666666667 0.04083333333333333
