5 0.12421875 0.4166666666666667 0.03802083333333333 0.09
4 0.24036458333333333 0.32125 0.021354166666666667 0.0475
19 0.8119791666666667 0.3591666666666667 0.01875 0.04833333333333333
18 0.9307291666666667 0.39625 0.016666666666666666 0.0475
21 0.6169270833333333 0.28833333333333333 0.0109375 0.028333333333333332
20 0.6846354166666667 0.3125 0.013020833333333334 0.035
22 0.56640625 0.2725 0.009895833333333333 0.02666666666666667
39 0.3963541666666667 0.26 0.0125 0.028333333333333332
40 0.43020833333333336 0.27166666666666667 0.013541666666666667 0.03166666666666667
26 0.48098958333333336 0.24541666666666667 0.0078125 0.015833333333333335
23 0.5380208333333333 0.2625 0.007291666666666667 0.025
25 0.4901041666666667 0.24875 0.008333333333333333 0.0225
67 0.3880208333333333 0.23958333333333334 0.009375 0.019166666666666665
69 0.3140625 0.23541666666666666 0.010416666666666666 0.020833333333333332
29 0.32369791666666664 0.23375 0.0078125 0.0175
64 0.43515625 0.24625 0.009895833333333333 0.0225
63 0.4557291666666667 0.25708333333333333 0.011458333333333333 0.025833333333333333
62 0.46901041666666665 0.2629166666666667 0.013020833333333334 0.030833333333333334
24 0.5078125 0.25583333333333336 0.008333333333333333 0.016666666666666666
61 0.5002604166666667 0.2783333333333333 0.0140625 0.03166666666666667
60 0.5359375 0.2945833333333333 0.017708333333333333 0.04083333333333333
58 0.6028645833333334 0.33125 0.022395833333333334 0.0575
41 0.4440104166666667 0.28833333333333333 0.021354166666666667 0.041666666666666664
42 0.475 0.32458333333333333 0.025 0.0525
68 0.35520833333333335 0.23916666666666667 0.008333333333333333 0.02
38 0.35442708333333334 0.25416666666666665 0.008854166666666666 0.02
57 0.7013020833333333 0.3670833333333333 0.028645833333333332 0.0675
43 0.546875 0.42625 0.040625 0.09583333333333334
56 0.9078125 0.42625 0.03229166666666667 0.07083333333333333
78 0.32057291666666665 0.2520833333333333 0.009895833333333333 0.024166666666666666
77 0.29192708333333334 0.24875 0.0109375 0.024166666666666666
2 0.3111979166666667 0.2683333333333333 0.011979166666666667 0.03333333333333333
3 0.28567708333333336 0.28458333333333335 0.016145833333333335 0.03916666666666667
