66 0.7971354166666667 0.5641666666666667 0.058854166666666666 0.14166666666666666
65 0.896875 0.46 0.041666666666666664 0.09166666666666666
64 0.953125 0.36583333333333334 0.023958333333333335 0.056666666666666664
63 0.9817708333333334 0.34208333333333335 0.01875 0.0425
24 0.7263020833333333 0.3383333333333333 0.019270833333333334 0.04666666666666667
26 0.240625 0.4295833333333333 0.040625 0.09416666666666666
25 0.51015625 0.37375 0.03177083333333333 0.06916666666666667
23 0.8158854166666667 0.31625 0.018229166666666668 0.03916666666666667
22 0.88984375 0.3095833333333333 0.013020833333333334 0.030833333333333334
21 0.9265625 0.30333333333333334 0.010416666666666666 0.02666666666666667
