64 0.5291666666666667 0.435 0.03854166666666667 0.09833333333333333
63 0.4200520833333333 0.33875 0.0234375 0.059166666666666666
62 0.4049479166666667 0.2995833333333333 0.015104166666666667 0.04083333333333333
38 0.6651041666666667 0.34375 0.020833333333333332 0.0475
61 0.38697916666666665 0.2791666666666667 0.013541666666666667 0.03166666666666667
78 0.8052083333333333 0.3770833333333333 0.025 0.05583333333333333
39 0.5388020833333333 0.31416666666666665 0.022395833333333334 0.043333333333333335
40 0.46015625 0.28208333333333335 0.015104166666666667 0.0375
41 0.4432291666666667 0.2683333333333333 0.011458333333333333 0.03333333333333333
42 0.4315104166666667 0.25875 0.008854166666666666 0.025833333333333333
0 0.78515625 0.34875 0.0140625 0.04083333333333333
56 0.33098958333333334 0.2504166666666667 0.009895833333333333 0.024166666666666666
57 0.36614583333333334 0.2520833333333333 0.010416666666666666 0.0225
20 0.28151041666666665 0.26625 0.008854166666666666 0.0225
24 0.0609375 0.44458333333333333 0.03958333333333333 0.0925
23 0.16692708333333334 0.33666666666666667 0.025520833333333333 0.05333333333333334
21 0.2591145833333333 0.2733333333333333 0.009895833333333333 0.03166666666666667
22 0.23645833333333333 0.29541666666666666 0.015625 0.04083333333333333
2 0.58515625 0.2920833333333333 0.011979166666666667 0.0325
3 0.5440104166666667 0.27416666666666667 0.0109375 0.02666666666666667
4 0.5169270833333334 0.26208333333333333 0.009895833333333333 0.024166666666666666
77 0.984375 0.42041666666666666 0.026041666666666668 0.059166666666666666
5 0.49661458333333336 0.25666666666666665 0.008854166666666666 0.021666666666666667
43 0.425 0.2520833333333333 0.009375 0.0225
44 0.41796875 0.24708333333333332 0.008854166666666666 0.024166666666666666
