75 0.61796875 0.5495833333333333 0.059895833333333336 0.1375
74 0.4421875 0.42875 0.04479166666666667 0.0975
73 0.4734375 0.3575 0.03333333333333333 0.06833333333333333
72 0.5614583333333333 0.34125 0.023958333333333335 0.05583333333333333
71 0.6791666666666667 0.33666666666666667 0.025 0.05333333333333334
70 0.8166666666666667 0.3466666666666667 0.020833333333333332 0.04833333333333333
69 0.9614583333333333 0.37333333333333335 0.019791666666666666 0.05
31 0.5625 0.29875 0.016666666666666666 0.0375
32 0.3690104166666667 0.2970833333333333 0.018229166666666668 0.04416666666666667
33 0.19635416666666666 0.31416666666666665 0.025 0.05333333333333334
30 0.7776041666666667 0.32166666666666666 0.014583333333333334 0.03833333333333333
29 0.94609375 0.3491666666666667 0.0140625 0.03833333333333333
