38 0.6984375 0.65 0.07083333333333333 0.18
78 0.39010416666666664 0.4675 0.06041666666666667 0.12333333333333334
77 0.26458333333333334 0.3829166666666667 0.040625 0.08416666666666667
76 0.16927083333333334 0.3325 0.03125 0.065
75 0.09140625 0.3120833333333333 0.0265625 0.05416666666666667
74 0.04114583333333333 0.2966666666666667 0.01875 0.045
73 0.07291666666666667 0.27791666666666665 0.01875 0.04083333333333333
72 0.13385416666666666 0.26875 0.017708333333333333 0.0375
71 0.2171875 0.26375 0.016666666666666666 0.035833333333333335
70 0.3111979166666667 0.26125 0.0140625 0.0325
69 0.40729166666666666 0.26458333333333334 0.014583333333333334 0.034166666666666665
68 0.5033854166666667 0.275 0.0171875 0.035
67 0.58515625 0.28958333333333336 0.016145833333333335 0.0375
66 0.65546875 0.30333333333333334 0.018229166666666668 0.041666666666666664
65 0.6841145833333333 0.3145833333333333 0.018229166666666668 0.0425
64 0.8390625 0.375 0.030208333333333334 0.06666666666666667
31 0.15651041666666668 0.25125 0.011979166666666667 0.025833333333333333
32 0.020052083333333335 0.25958333333333333 0.011979166666666667 0.030833333333333334
29 0.42994791666666665 0.2579166666666667 0.009895833333333333 0.0275
28 0.5770833333333333 0.27208333333333334 0.011458333333333333 0.029166666666666667
27 0.6950520833333333 0.29375 0.013020833333333334 0.0325
26 0.8239583333333333 0.325 0.015625 0.035
25 0.890625 0.35083333333333333 0.016666666666666666 0.04
