46 0.9434895833333333 0.3725 0.030729166666666665 0.051666666666666666
47 0.8122395833333333 0.33875 0.028645833333333332 0.050833333333333335
56 0.9536458333333333 0.745 0.08854166666666667 0.205
9 0.8747395833333333 0.32958333333333334 0.021354166666666667 0.0425
10 0.6908854166666667 0.30375 0.0171875 0.04083333333333333
11 0.5140625 0.28125 0.009375 0.04083333333333333
12 0.34739583333333335 0.27291666666666664 0.009375 0.035833333333333335
13 0.15520833333333334 0.2758333333333333 0.0125 0.03333333333333333
48 0.68125 0.31416666666666665 0.022916666666666665 0.056666666666666664
49 0.5481770833333334 0.3 0.013020833333333334 0.035
50 0.41901041666666666 0.30083333333333334 0.013020833333333334 0.03666666666666667
51 0.29765625 0.2975 0.0171875 0.055
52 0.1890625 0.31625 0.016666666666666666 0.050833333333333335
55 0.2755208333333333 0.47333333333333333 0.04375 0.1
53 0.11223958333333334 0.34458333333333335 0.0234375 0.06916666666666667
54 0.10546875 0.38875 0.028645833333333332 0.06916666666666667
