38 0.75 0.6845833333333333 0.07708333333333334 0.1925
78 0.41380208333333335 0.48583333333333334 0.06197916666666667 0.12333333333333334
77 0.28125 0.3904166666666667 0.042708333333333334 0.09083333333333334
76 0.18359375 0.3358333333333333 0.03177083333333333 0.06666666666666667
75 0.103125 0.3154166666666667 0.027083333333333334 0.05583333333333333
74 0.052083333333333336 0.29875 0.020833333333333332 0.0475
73 0.08385416666666666 0.2791666666666667 0.016666666666666666 0.043333333333333335
72 0.14661458333333333 0.27375 0.015104166666666667 0.0375
71 0.22994791666666667 0.2654166666666667 0.019270833333333334 0.035833333333333335
70 0.32578125 0.2658333333333333 0.015104166666666667 0.028333333333333332
69 0.4239583333333333 0.26958333333333334 0.014583333333333334 0.034166666666666665
68 0.5192708333333333 0.27875 0.015625 0.0375
67 0.603125 0.2945833333333333 0.017708333333333333 0.0375
66 0.67421875 0.30875 0.019270833333333334 0.03916666666666667
65 0.7049479166666667 0.32083333333333336 0.0171875 0.041666666666666664
64 0.8658854166666666 0.38333333333333336 0.03177083333333333 0.06666666666666667
31 0.16901041666666666 0.2525 0.0109375 0.028333333333333332
32 0.032552083333333336 0.26208333333333333 0.0109375 0.0325
29 0.44505208333333335 0.26166666666666666 0.009895833333333333 0.03166666666666667
28 0.5932291666666667 0.27666666666666667 0.0125 0.03166666666666667
27 0.7135416666666666 0.30083333333333334 0.010416666666666666 0.03
26 0.8442708333333333 0.3333333333333333 0.015625 0.035
25 0.9122395833333333 0.35625 0.018229166666666668 0.04416666666666667
