4 0.0375 0.4058333333333333 0.034375 0.08333333333333333
19 0.8755208333333333 0.4166666666666667 0.025 0.058333333333333334
21 0.5309895833333333 0.30625 0.013020833333333334 0.0325
20 0.6455729166666667 0.33916666666666667 0.016145833333333335 0.045
22 0.45546875 0.28458333333333335 0.009895833333333333 0.0275
39 0.2518229166666667 0.2733333333333333 0.0140625 0.03166666666666667
40 0.30182291666666666 0.2916666666666667 0.015104166666666667 0.04
26 0.33984375 0.2525 0.0067708333333333336 0.023333333333333334
23 0.41458333333333336 0.27291666666666664 0.0125 0.024166666666666666
25 0.35208333333333336 0.25333333333333335 0.008333333333333333 0.023333333333333334
24 0.37265625 0.2629166666666667 0.0078125 0.0225
3 0.1140625 0.32166666666666666 0.021875 0.05
41 0.334375 0.32166666666666666 0.022916666666666665 0.05333333333333334
69 0.15208333333333332 0.245 0.008333333333333333 0.023333333333333334
70 0.10572916666666667 0.24833333333333332 0.008333333333333333 0.021666666666666667
67 0.23463541666666668 0.24625 0.008854166666666666 0.0225
66 0.26119791666666664 0.2520833333333333 0.005729166666666666 0.020833333333333332
65 0.26666666666666666 0.2520833333333333 0.007291666666666667 0.0225
68 0.1984375 0.24583333333333332 0.009375 0.021666666666666667
29 0.16197916666666667 0.245 0.009375 0.021666666666666667
64 0.2916666666666667 0.25708333333333333 0.010416666666666666 0.025833333333333333
63 0.31927083333333334 0.26875 0.011458333333333333 0.0275
62 0.34088541666666666 0.27666666666666667 0.0140625 0.03333333333333333
61 0.3888020833333333 0.29541666666666666 0.0203125 0.0425
60 0.45546875 0.32625 0.022395833333333334 0.04416666666666667
58 0.6083333333333333 0.39458333333333334 0.034375 0.07583333333333334
42 0.421875 0.39458333333333334 0.034375 0.08416666666666667
38 0.20130208333333333 0.2683333333333333 0.011979166666666667 0.02666666666666667
30 0.10026041666666667 0.24458333333333335 0.005729166666666666 0.020833333333333332
57 0.82890625 0.47375 0.04739583333333333 0.09583333333333334
43 0.85859375 0.8345833333333333 0.11302083333333333 0.2425
78 0.15989583333333332 0.26458333333333334 0.011458333333333333 0.030833333333333334
77 0.1265625 0.2633333333333333 0.011458333333333333 0.028333333333333332
1 0.12890625 0.28 0.008854166666666666 0.02
2 0.14791666666666667 0.2920833333333333 0.015625 0.035833333333333335
