63 0.48411458333333335 0.485 0.04739583333333333 0.11833333333333333
62 0.37604166666666666 0.34791666666666665 0.026041666666666668 0.06416666666666666
38 0.85 0.4475 0.0375 0.075
61 0.32421875 0.29875 0.019270833333333334 0.0475
39 0.5958333333333333 0.3775 0.03229166666666667 0.065
40 0.42473958333333334 0.3025 0.016145833333333335 0.045
60 0.30885416666666665 0.27625 0.014583333333333334 0.0375
41 0.38619791666666664 0.2783333333333333 0.0140625 0.03833333333333333
42 0.3609375 0.26375 0.0125 0.0325
43 0.346875 0.25666666666666665 0.011458333333333333 0.028333333333333332
58 0.2989583333333333 0.2608333333333333 0.009375 0.02666666666666667
0 0.9447916666666667 0.42833333333333334 0.021875 0.055
44 0.3338541666666667 0.24875 0.010416666666666666 0.024166666666666666
57 0.2791666666666667 0.25708333333333333 0.0125 0.029166666666666667
56 0.23619791666666667 0.2529166666666667 0.011979166666666667 0.029166666666666667
20 0.17578125 0.27375 0.0109375 0.0325
21 0.14479166666666668 0.29625 0.013541666666666667 0.04083333333333333
22 0.10442708333333334 0.34458333333333335 0.024479166666666666 0.0575
1 0.7625 0.3754166666666667 0.023958333333333335 0.050833333333333335
2 0.5916666666666667 0.3204166666666667 0.016666666666666666 0.0375
3 0.5130208333333334 0.28708333333333336 0.0125 0.030833333333333334
4 0.46458333333333335 0.27208333333333334 0.011458333333333333 0.025833333333333333
5 0.43255208333333334 0.2608333333333333 0.008854166666666666 0.023333333333333334
6 0.42135416666666664 0.24958333333333332 0.007291666666666667 0.0225
7 0.39505208333333336 0.24916666666666668 0.008854166666666666 0.023333333333333334
47 0.24947916666666667 0.24 0.009375 0.025
45 0.3190104166666667 0.24416666666666667 0.009895833333333333 0.02666666666666667
46 0.29010416666666666 0.24166666666666667 0.009375 0.023333333333333334
19 0.18385416666666668 0.2604166666666667 0.009375 0.029166666666666667
17 0.07760416666666667 0.2579166666666667 0.008333333333333333 0.025833333333333333
