78 0.8903645833333333 0.8345833333333333 0.13177083333333334 0.2575
77 0.5361979166666667 0.5233333333333333 0.06614583333333333 0.13166666666666665
76 0.3611979166666667 0.4025 0.0421875 0.08833333333333333
75 0.2518229166666667 0.3575 0.033854166666666664 0.06833333333333333
74 0.19140625 0.3304166666666667 0.024479166666666666 0.05583333333333333
73 0.23098958333333333 0.3070833333333333 0.0203125 0.0475
72 0.3015625 0.29875 0.020833333333333332 0.04083333333333333
71 0.39401041666666664 0.29333333333333333 0.0203125 0.03833333333333333
70 0.5020833333333333 0.29541666666666666 0.015625 0.035833333333333335
69 0.61171875 0.3045833333333333 0.016145833333333335 0.035833333333333335
68 0.7216145833333333 0.32166666666666666 0.0203125 0.04
67 0.8239583333333333 0.3433333333333333 0.01875 0.04
66 0.91484375 0.36583333333333334 0.021354166666666667 0.045
65 0.9658854166666667 0.38666666666666666 0.0234375 0.051666666666666666
31 0.3234375 0.27625 0.013541666666666667 0.0325
32 0.17447916666666666 0.28 0.0125 0.03333333333333333
33 0.047135416666666666 0.29375 0.015104166666666667 0.03916666666666667
30 0.496875 0.2841666666666667 0.0125 0.03166666666666667
28 0.79609375 0.32166666666666666 0.013020833333333334 0.028333333333333332
27 0.9372395833333333 0.35125 0.016145833333333335 0.035833333333333335
29 0.6286458333333333 0.2941666666666667 0.011458333333333333 0.03166666666666667
