21 0.68046875 0.3670833333333333 0.0234375 0.049166666666666664
22 0.5140625 0.31833333333333336 0.015625 0.04
39 0.215625 0.30333333333333334 0.019791666666666666 0.043333333333333335
29 0.10208333333333333 0.24958333333333332 0.007291666666666667 0.019166666666666665
27 0.2578125 0.25583333333333336 0.009375 0.021666666666666667
40 0.30885416666666665 0.3516666666666667 0.026041666666666668 0.06166666666666667
38 0.140625 0.29291666666666666 0.014583333333333334 0.0375
26 0.3184895833333333 0.2604166666666667 0.0078125 0.024166666666666666
25 0.33515625 0.2629166666666667 0.0109375 0.030833333333333334
24 0.37005208333333334 0.27458333333333335 0.008854166666666666 0.024166666666666666
23 0.43411458333333336 0.29083333333333333 0.013020833333333334 0.03333333333333333
41 0.44947916666666665 0.4875 0.05 0.11333333333333333
68 0.14296875 0.2554166666666667 0.0109375 0.025833333333333333
69 0.0875 0.25375 0.009375 0.025833333333333333
78 0.08541666666666667 0.28625 0.016666666666666666 0.035833333333333335
70 0.0296875 0.25666666666666665 0.009375 0.021666666666666667
77 0.04296875 0.2825 0.0171875 0.03166666666666667
67 0.18932291666666667 0.2554166666666667 0.008854166666666666 0.025833333333333333
66 0.22213541666666667 0.25875 0.009895833333333333 0.0225
65 0.22890625 0.26 0.0109375 0.025
64 0.26276041666666666 0.26875 0.011979166666666667 0.0275
63 0.3059895833333333 0.2875 0.0140625 0.03333333333333333
62 0.34921875 0.3104166666666667 0.018229166666666668 0.0425
61 0.45651041666666664 0.35375 0.027604166666666666 0.05416666666666667
60 0.71015625 0.4775 0.0453125 0.09666666666666666
28 0.19270833333333334 0.25083333333333335 0.008333333333333333 0.018333333333333333
30 0.025520833333333333 0.2520833333333333 0.007291666666666667 0.020833333333333332
1 0.029166666666666667 0.3175 0.015625 0.041666666666666664
2 0.03619791666666667 0.35833333333333334 0.025520833333333333 0.056666666666666664
