77 0.6260416666666667 0.5783333333333334 0.06666666666666667 0.155
76 0.41067708333333336 0.42375 0.0453125 0.0975
75 0.28802083333333334 0.3725 0.035416666666666666 0.07333333333333333
74 0.22317708333333333 0.3416666666666667 0.0265625 0.058333333333333334
73 0.26119791666666664 0.3125 0.024479166666666666 0.05
72 0.33489583333333334 0.30333333333333334 0.021875 0.043333333333333335
71 0.43255208333333334 0.29833333333333334 0.019270833333333334 0.041666666666666664
70 0.5432291666666667 0.30125 0.017708333333333333 0.035833333333333335
69 0.6567708333333333 0.31083333333333335 0.016666666666666666 0.04
68 0.771875 0.32916666666666666 0.017708333333333333 0.04
67 0.87890625 0.3516666666666667 0.022395833333333334 0.043333333333333335
66 0.978125 0.37833333333333335 0.021875 0.045
31 0.3572916666666667 0.28 0.0125 0.03
32 0.20260416666666667 0.28375 0.0125 0.04083333333333333
33 0.07161458333333333 0.2966666666666667 0.016145833333333335 0.041666666666666664
30 0.5359375 0.2875 0.0125 0.03
28 0.8453125 0.32708333333333334 0.014583333333333334 0.030833333333333334
27 0.9921875 0.36041666666666666 0.0125 0.0375
29 0.67109375 0.30083333333333334 0.013020833333333334 0.03166666666666667
