39 0.27421875 0.36583333333333334 0.030729166666666665 0.07166666666666667
29 0.1125 0.24333333333333335 0.008333333333333333 0.025
27 0.30859375 0.25 0.009895833333333333 0.025
40 0.7072916666666667 0.7520833333333333 0.09479166666666666 0.2225
38 0.1375 0.3304166666666667 0.023958333333333335 0.059166666666666666
26 0.3888020833333333 0.2608333333333333 0.0109375 0.03
25 0.4161458333333333 0.26916666666666667 0.0125 0.03333333333333333
24 0.4765625 0.28958333333333336 0.014583333333333334 0.0375
23 0.6033854166666667 0.325 0.0203125 0.041666666666666664
22 0.8192708333333333 0.4041666666666667 0.03125 0.06166666666666667
68 0.16302083333333334 0.25 0.013541666666666667 0.03
69 0.09244791666666667 0.24875 0.013020833333333334 0.030833333333333334
70 0.018489583333333334 0.2525 0.0109375 0.028333333333333332
78 0.05572916666666667 0.31708333333333333 0.022916666666666665 0.0525
67 0.22005208333333334 0.25125 0.011979166666666667 0.0275
66 0.2635416666666667 0.2575 0.013541666666666667 0.03333333333333333
65 0.27291666666666664 0.26125 0.0125 0.034166666666666665
64 0.328125 0.27791666666666665 0.016666666666666666 0.0375
63 0.409375 0.31625 0.021875 0.050833333333333335
62 0.5369791666666667 0.38666666666666666 0.03229166666666667 0.06666666666666667
28 0.22447916666666667 0.24416666666666667 0.008333333333333333 0.021666666666666667
