39 0.27239583333333334 0.365 0.03125 0.06833333333333333
29 0.1125 0.24291666666666667 0.008333333333333333 0.024166666666666666
27 0.3072916666666667 0.25083333333333335 0.011458333333333333 0.02666666666666667
40 0.6895833333333333 0.7270833333333333 0.08645833333333333 0.21416666666666667
38 0.1375 0.3283333333333333 0.022916666666666665 0.056666666666666664
26 0.3880208333333333 0.26125 0.011458333333333333 0.0275
25 0.41354166666666664 0.2675 0.013541666666666667 0.03166666666666667
24 0.47421875 0.28875 0.0140625 0.034166666666666665
23 0.6 0.3258333333333333 0.01875 0.041666666666666664
22 0.8119791666666667 0.40208333333333335 0.030208333333333334 0.0625
68 0.16145833333333334 0.24958333333333332 0.013541666666666667 0.029166666666666667
69 0.09166666666666666 0.24916666666666668 0.011458333333333333 0.028333333333333332
70 0.018489583333333334 0.2525 0.011979166666666667 0.028333333333333332
78 0.057291666666666664 0.31583333333333335 0.022916666666666665 0.05
67 0.21979166666666666 0.25333333333333335 0.011458333333333333 0.02666666666666667
66 0.26223958333333336 0.2554166666666667 0.013020833333333334 0.030833333333333334
65 0.27265625 0.25916666666666666 0.013020833333333334 0.03333333333333333
64 0.32578125 0.27791666666666665 0.0171875 0.0375
63 0.40572916666666664 0.3145833333333333 0.025 0.05416666666666667
62 0.53125 0.385 0.03229166666666667 0.065
28 0.22317708333333333 0.24458333333333335 0.0078125 0.0225
