20 0.7325520833333333 0.38166666666666665 0.022395833333333334 0.055
21 0.5536458333333333 0.3254166666666667 0.015625 0.03916666666666667
22 0.4479166666666667 0.2975 0.011458333333333333 0.03
39 0.20911458333333333 0.2866666666666667 0.016145833333333335 0.03666666666666667
29 0.10859375 0.2475 0.0067708333333333336 0.018333333333333333
40 0.27291666666666664 0.31375 0.019791666666666666 0.0475
26 0.3026041666666667 0.25708333333333333 0.008333333333333333 0.0225
23 0.3932291666666667 0.2808333333333333 0.011458333333333333 0.02666666666666667
25 0.31588541666666664 0.26 0.0078125 0.025
24 0.34348958333333335 0.2683333333333333 0.009895833333333333 0.02666666666666667
3 0.0171875 0.37333333333333335 0.03125 0.07
41 0.32890625 0.3620833333333333 0.0296875 0.0675
68 0.14635416666666667 0.25125 0.010416666666666666 0.025833333333333333
69 0.096875 0.25125 0.009375 0.025833333333333333
78 0.10052083333333334 0.27666666666666667 0.0125 0.035
70 0.04401041666666667 0.2529166666666667 0.008854166666666666 0.020833333333333332
71 0.01875 0.27208333333333334 0.011458333333333333 0.030833333333333334
77 0.06276041666666667 0.27375 0.0140625 0.0325
67 0.18723958333333332 0.2520833333333333 0.008854166666666666 0.024166666666666666
66 0.21588541666666666 0.25583333333333336 0.008854166666666666 0.021666666666666667
65 0.22265625 0.25708333333333333 0.0078125 0.0225
64 0.25052083333333336 0.26375 0.010416666666666666 0.0275
63 0.28463541666666664 0.27666666666666667 0.015104166666666667 0.03166666666666667
62 0.31354166666666666 0.28833333333333333 0.013541666666666667 0.04
61 0.3809895833333333 0.31916666666666665 0.0203125 0.043333333333333335
60 0.49296875 0.36541666666666667 0.0296875 0.06416666666666666
58 0.8276041666666667 0.5279166666666667 0.05625 0.11583333333333333
42 0.5520833333333334 0.5579166666666666 0.065625 0.14083333333333334
38 0.14765625 0.27875 0.011979166666666667 0.030833333333333334
30 0.038802083333333334 0.25125 0.0046875 0.0175
1 0.06145833333333333 0.29875 0.014583333333333334 0.034166666666666665
2 0.07864583333333333 0.31666666666666665 0.017708333333333333 0.043333333333333335
