64 0.5877604166666667 0.51625 0.05364583333333333 0.12583333333333332
63 0.40703125 0.36083333333333334 0.027604166666666666 0.06666666666666667
62 0.37864583333333335 0.3120833333333333 0.01875 0.04416666666666667
38 0.6768229166666667 0.3645833333333333 0.028645833333333332 0.05416666666666667
61 0.35390625 0.28875 0.0140625 0.0325
78 0.8401041666666667 0.40375 0.029166666666666667 0.0625
39 0.5294270833333333 0.3283333333333333 0.0234375 0.051666666666666666
40 0.43333333333333335 0.28875 0.014583333333333334 0.0375
41 0.4125 0.27416666666666667 0.0125 0.03
42 0.3971354166666667 0.2633333333333333 0.011979166666666667 0.028333333333333332
0 0.796875 0.36833333333333335 0.015625 0.04
43 0.38828125 0.25833333333333336 0.009895833333333333 0.02666666666666667
56 0.2908854166666667 0.25375 0.009895833333333333 0.0225
57 0.32838541666666665 0.25708333333333333 0.0109375 0.025833333333333333
20 0.24088541666666666 0.26958333333333334 0.009895833333333333 0.0275
23 0.1109375 0.3591666666666667 0.03125 0.06166666666666667
21 0.21614583333333334 0.2825 0.010416666666666666 0.035
22 0.19270833333333334 0.3095833333333333 0.017708333333333333 0.04083333333333333
1 0.6752604166666667 0.3325 0.015104166666666667 0.035
2 0.5674479166666667 0.3020833333333333 0.011979166666666667 0.030833333333333334
3 0.5184895833333333 0.28 0.0109375 0.03
4 0.4869791666666667 0.26708333333333334 0.010416666666666666 0.024166666666666666
5 0.46328125 0.2608333333333333 0.0078125 0.021666666666666667
44 0.37994791666666666 0.25166666666666665 0.009895833333333333 0.023333333333333334
47 0.30416666666666664 0.24416666666666667 0.009375 0.021666666666666667
7 0.43776041666666665 0.25333333333333335 0.008854166666666666 0.023333333333333334
