20 0.8307291666666666 0.41625 0.025 0.060833333333333336
21 0.6002604166666666 0.34125 0.019270833333333334 0.04416666666666667
22 0.47369791666666666 0.3070833333333333 0.0140625 0.0325
39 0.21354166666666666 0.29541666666666666 0.017708333333333333 0.03916666666666667
29 0.10807291666666667 0.2504166666666667 0.008854166666666666 0.024166666666666666
27 0.25442708333333336 0.25666666666666665 0.0067708333333333336 0.021666666666666667
40 0.2875 0.3275 0.021875 0.05333333333333334
26 0.3111979166666667 0.25916666666666666 0.0078125 0.02666666666666667
25 0.325 0.26458333333333334 0.011458333333333333 0.025833333333333333
24 0.3546875 0.27208333333333334 0.011458333333333333 0.025833333333333333
23 0.4109375 0.28583333333333333 0.013541666666666667 0.028333333333333332
41 0.36484375 0.4 0.0390625 0.07833333333333334
68 0.14713541666666666 0.25375 0.0109375 0.025833333333333333
69 0.09583333333333334 0.25375 0.009375 0.0225
78 0.09765625 0.28041666666666665 0.015104166666666667 0.035833333333333335
70 0.04114583333333333 0.25708333333333333 0.008333333333333333 0.019166666666666665
71 0.01171875 0.275 0.0140625 0.03166666666666667
77 0.05807291666666667 0.2783333333333333 0.0140625 0.03
67 0.19010416666666666 0.25583333333333336 0.008333333333333333 0.021666666666666667
66 0.22083333333333333 0.25875 0.009375 0.0225
65 0.22786458333333334 0.2608333333333333 0.0078125 0.021666666666666667
64 0.25703125 0.26666666666666666 0.0109375 0.02666666666666667
63 0.2947916666666667 0.28125 0.013541666666666667 0.0325
62 0.32916666666666666 0.2995833333333333 0.016666666666666666 0.03916666666666667
61 0.4080729166666667 0.3333333333333333 0.021354166666666667 0.04666666666666667
60 0.559375 0.3983333333333333 0.040625 0.08
42 0.7927083333333333 0.7975 0.103125 0.22833333333333333
38 0.14739583333333334 0.2841666666666667 0.0125 0.035
28 0.19348958333333333 0.25125 0.005729166666666666 0.0175
30 0.03671875 0.2525 0.0067708333333333336 0.016666666666666666
1 0.053385416666666664 0.30583333333333335 0.013020833333333334 0.03333333333333333
2 0.0671875 0.3329166666666667 0.019791666666666666 0.04583333333333333
