39 0.9088541666666666 0.7420833333333333 0.084375 0.2025
38 0.4315104166666667 0.47333333333333333 0.044270833333333336 0.11333333333333333
78 0.25859375 0.3925 0.04010416666666667 0.085
77 0.16953125 0.3441666666666667 0.033854166666666664 0.07
76 0.09088541666666666 0.3129166666666667 0.027604166666666666 0.05583333333333333
75 0.020833333333333332 0.29791666666666666 0.025 0.04416666666666667
72 0.05416666666666667 0.26375 0.015625 0.035833333333333335
71 0.13072916666666667 0.2554166666666667 0.016666666666666666 0.034166666666666665
70 0.21744791666666666 0.2525 0.011979166666666667 0.028333333333333332
69 0.3072916666666667 0.25375 0.0125 0.034166666666666665
68 0.39348958333333334 0.2625 0.016145833333333335 0.03333333333333333
67 0.46848958333333335 0.27125 0.0140625 0.030833333333333334
66 0.5278645833333333 0.28208333333333335 0.0171875 0.0375
65 0.5481770833333334 0.29041666666666666 0.016145833333333335 0.03916666666666667
64 0.65703125 0.32958333333333334 0.025520833333333333 0.0575
63 0.8877604166666667 0.44333333333333336 0.044270833333333336 0.08833333333333333
31 0.0734375 0.24666666666666667 0.010416666666666666 0.02666666666666667
29 0.3299479166666667 0.24625 0.009895833333333333 0.0275
28 0.4661458333333333 0.2575 0.010416666666666666 0.02666666666666667
27 0.5713541666666667 0.2733333333333333 0.0125 0.03166666666666667
26 0.68359375 0.2991666666666667 0.0140625 0.03166666666666667
25 0.734375 0.3129166666666667 0.016666666666666666 0.0375
24 0.8619791666666666 0.3616666666666667 0.017708333333333333 0.045
