11 0.8184895833333333 0.33708333333333335 0.013020833333333334 0.0425
12 0.6322916666666667 0.31333333333333335 0.011458333333333333 0.03666666666666667
13 0.4197916666666667 0.305 0.0125 0.045
14 0.22395833333333334 0.3125 0.01875 0.051666666666666666
49 0.87265625 0.36916666666666664 0.013020833333333334 0.03666666666666667
50 0.7265625 0.3525 0.013541666666666667 0.041666666666666664
51 0.5924479166666666 0.34875 0.016145833333333335 0.0525
52 0.4708333333333333 0.36666666666666664 0.019791666666666666 0.06166666666666667
55 0.6979166666666666 0.6758333333333333 0.07291666666666667 0.18166666666666667
53 0.3890625 0.39625 0.021875 0.0775
54 0.3890625 0.47791666666666666 0.03854166666666667 0.10583333333333333
