20 0.9736979166666667 0.4683333333333333 0.033854166666666664 0.07166666666666667
21 0.6635416666666667 0.36291666666666667 0.021875 0.049166666666666664
22 0.50703125 0.31666666666666665 0.016145833333333335 0.03833333333333333
39 0.21666666666666667 0.3020833333333333 0.019791666666666666 0.04416666666666667
29 0.10520833333333333 0.25125 0.007291666666666667 0.019166666666666665
27 0.2591145833333333 0.25625 0.0067708333333333336 0.0175
40 0.3046875 0.34625 0.025 0.060833333333333336
38 0.14244791666666667 0.29291666666666666 0.013020833333333334 0.0375
26 0.31796875 0.2604166666666667 0.008854166666666666 0.0225
25 0.33489583333333334 0.2658333333333333 0.009375 0.025
24 0.3684895833333333 0.2758333333333333 0.008854166666666666 0.02666666666666667
23 0.43046875 0.2925 0.013020833333333334 0.03333333333333333
41 0.4276041666666667 0.46458333333333335 0.046875 0.1075
68 0.14479166666666668 0.255 0.0125 0.02666666666666667
69 0.09088541666666666 0.25458333333333333 0.009895833333333333 0.024166666666666666
78 0.0890625 0.28791666666666665 0.015625 0.035833333333333335
70 0.034375 0.2575 0.009375 0.025
77 0.047135416666666666 0.28458333333333335 0.016145833333333335 0.034166666666666665
67 0.19088541666666667 0.25583333333333336 0.0109375 0.023333333333333334
66 0.22317708333333333 0.26 0.009895833333333333 0.028333333333333332
65 0.23020833333333332 0.2604166666666667 0.008333333333333333 0.0225
64 0.2635416666666667 0.26958333333333334 0.011458333333333333 0.0275
63 0.3046875 0.28791666666666665 0.013541666666666667 0.0325
62 0.3450520833333333 0.3075 0.0171875 0.04
61 0.44609375 0.35125 0.027604166666666666 0.05583333333333333
60 0.6713541666666667 0.45916666666666667 0.04375 0.09333333333333334
28 0.19296875 0.2520833333333333 0.008854166666666666 0.0225
30 0.0296875 0.2525 0.007291666666666667 0.021666666666666667
1 0.03619791666666667 0.3145833333333333 0.0171875 0.03916666666666667
2 0.04479166666666667 0.355 0.023958333333333335 0.056666666666666664
