61 0.4192708333333333 0.4795833333333333 0.05520833333333333 0.1175
60 0.2955729166666667 0.3475 0.028645833333333332 0.065
40 0.6822916666666666 0.47833333333333333 0.046875 0.105
41 0.44427083333333334 0.34958333333333336 0.028125 0.059166666666666666
42 0.35546875 0.30583333333333335 0.018229166666666668 0.045
43 0.31328125 0.28583333333333333 0.0171875 0.03666666666666667
58 0.25546875 0.3045833333333333 0.019270833333333334 0.04416666666666667
44 0.28541666666666665 0.275 0.013541666666666667 0.03
57 0.21796875 0.2945833333333333 0.018229166666666668 0.04083333333333333
45 0.26328125 0.2675 0.013020833333333334 0.03166666666666667
46 0.22135416666666666 0.2625 0.013541666666666667 0.03
56 0.14791666666666667 0.28708333333333336 0.016666666666666666 0.0375
20 0.028125 0.35333333333333333 0.020833333333333332 0.06
3 0.6627604166666666 0.36083333333333334 0.0203125 0.051666666666666666
4 0.5182291666666666 0.31708333333333333 0.014583333333333334 0.0375
5 0.4361979166666667 0.29333333333333333 0.013020833333333334 0.03166666666666667
6 0.40208333333333335 0.27375 0.008333333333333333 0.0275
7 0.3619791666666667 0.2725 0.009375 0.025
8 0.29140625 0.26125 0.009895833333333333 0.025833333333333333
9 0.20390625 0.25583333333333336 0.0078125 0.023333333333333334
47 0.16588541666666667 0.2604166666666667 0.011979166666666667 0.030833333333333334
10 0.10729166666666666 0.2579166666666667 0.008333333333333333 0.024166666666666666
19 0.05963541666666667 0.3125 0.016145833333333335 0.03833333333333333
18 0.021354166666666667 0.3070833333333333 0.015625 0.035833333333333335
49 0.037760416666666664 0.2658333333333333 0.0109375 0.02666666666666667
11 0.011197916666666667 0.26125 0.0078125 0.025833333333333333
48 0.10260416666666666 0.2608333333333333 0.009375 0.02666666666666667
55 0.010677083333333334 0.28833333333333333 0.009895833333333333 0.028333333333333332
