64 0.5388020833333333 0.4166666666666667 0.0390625 0.09
63 0.4583333333333333 0.34125 0.021875 0.0525
62 0.44947916666666665 0.3045833333333333 0.015625 0.03916666666666667
38 0.6919270833333333 0.3475 0.0203125 0.04666666666666667
61 0.43515625 0.28708333333333336 0.0140625 0.034166666666666665
78 0.81953125 0.3775 0.025520833333333333 0.056666666666666664
39 0.575 0.32 0.01875 0.043333333333333335
40 0.50546875 0.29041666666666666 0.016145833333333335 0.035833333333333335
41 0.4921875 0.27791666666666665 0.0125 0.034166666666666665
0 0.8106770833333333 0.35 0.0140625 0.043333333333333335
56 0.38515625 0.25958333333333333 0.011979166666666667 0.024166666666666666
57 0.41796875 0.2625 0.009895833333333333 0.02666666666666667
20 0.33619791666666665 0.2725 0.008854166666666666 0.025
24 0.1359375 0.4175 0.035416666666666666 0.08166666666666667
23 0.22786458333333334 0.33375 0.021354166666666667 0.049166666666666664
21 0.3138020833333333 0.28041666666666665 0.011979166666666667 0.0325
22 0.2903645833333333 0.30125 0.015104166666666667 0.0375
1 0.7135416666666666 0.3275 0.013541666666666667 0.03666666666666667
2 0.6263020833333334 0.3020833333333333 0.013020833333333334 0.029166666666666667
3 0.5893229166666667 0.2841666666666667 0.011979166666666667 0.02666666666666667
4 0.5643229166666667 0.27541666666666664 0.0109375 0.024166666666666666
77 0.9830729166666666 0.4166666666666667 0.024479166666666666 0.058333333333333334
5 0.5466145833333333 0.26916666666666667 0.008854166666666666 0.02
42 0.48098958333333336 0.26916666666666667 0.009895833333333333 0.02666666666666667
43 0.47604166666666664 0.26416666666666666 0.008333333333333333 0.023333333333333334
44 0.46927083333333336 0.25958333333333333 0.007291666666666667 0.024166666666666666
