64 0.52734375 0.4295833333333333 0.043229166666666666 0.0975
63 0.42994791666666665 0.34 0.0203125 0.055
62 0.41744791666666664 0.30291666666666667 0.016145833333333335 0.03916666666666667
38 0.6703125 0.345 0.022916666666666665 0.04833333333333333
61 0.39947916666666666 0.2808333333333333 0.014583333333333334 0.03166666666666667
78 0.8044270833333333 0.37625 0.025520833333333333 0.05416666666666667
39 0.5471354166666667 0.31708333333333333 0.019270833333333334 0.04416666666666667
40 0.47161458333333334 0.28541666666666665 0.0171875 0.034166666666666665
41 0.45677083333333335 0.27125 0.011458333333333333 0.030833333333333334
42 0.44505208333333335 0.2625 0.008854166666666666 0.02666666666666667
0 0.78984375 0.34958333333333336 0.015104166666666667 0.03916666666666667
56 0.3463541666666667 0.25375 0.009375 0.025833333333333333
57 0.3809895833333333 0.25708333333333333 0.009895833333333333 0.0225
20 0.29739583333333336 0.2675 0.008333333333333333 0.023333333333333334
24 0.08541666666666667 0.43291666666666667 0.041666666666666664 0.08916666666666667
23 0.18541666666666667 0.3358333333333333 0.023958333333333335 0.051666666666666666
21 0.27578125 0.27666666666666667 0.0109375 0.03333333333333333
22 0.2513020833333333 0.29791666666666666 0.0140625 0.0375
2 0.59609375 0.2945833333333333 0.0109375 0.030833333333333334
3 0.55625 0.27666666666666667 0.010416666666666666 0.028333333333333332
4 0.5302083333333333 0.2675 0.009375 0.023333333333333334
77 0.978125 0.42 0.025 0.056666666666666664
5 0.5106770833333333 0.26 0.0078125 0.021666666666666667
43 0.43802083333333336 0.25583333333333336 0.009375 0.023333333333333334
44 0.4317708333333333 0.24958333333333332 0.008333333333333333 0.0225
