5 0.409375 0.3620833333333333 0.026041666666666668 0.0675
4 0.5072916666666667 0.30791666666666667 0.019791666666666666 0.04083333333333333
21 0.8614583333333333 0.3025 0.0125 0.02666666666666667
20 0.91328125 0.3283333333333333 0.0109375 0.025
22 0.8216145833333334 0.2875 0.009895833333333333 0.025
44 0.7973958333333333 0.6583333333333333 0.07291666666666667 0.16833333333333333
39 0.6630208333333333 0.26708333333333334 0.013541666666666667 0.029166666666666667
40 0.6901041666666666 0.28 0.01875 0.03
26 0.75234375 0.2629166666666667 0.008854166666666666 0.015833333333333335
23 0.7997395833333333 0.27541666666666664 0.0109375 0.029166666666666667
25 0.76015625 0.2675 0.0078125 0.02
64 0.7044270833333334 0.25916666666666666 0.013020833333333334 0.023333333333333334
63 0.7205729166666667 0.2683333333333333 0.0140625 0.021666666666666667
62 0.73046875 0.2775 0.0140625 0.02666666666666667
24 0.7734375 0.2708333333333333 0.009375 0.023333333333333334
61 0.7515625 0.29 0.016666666666666666 0.03166666666666667
60 0.7755208333333333 0.30416666666666664 0.01875 0.03833333333333333
58 0.8140625 0.3329166666666667 0.022916666666666665 0.049166666666666664
41 0.6921875 0.29625 0.017708333333333333 0.034166666666666665
42 0.7026041666666667 0.32208333333333333 0.023958333333333335 0.049166666666666664
57 0.8848958333333333 0.36541666666666667 0.030208333333333334 0.059166666666666666
43 0.7161458333333334 0.38625 0.034375 0.07416666666666667
78 0.59375 0.25708333333333333 0.0125 0.0225
77 0.5697916666666667 0.25583333333333336 0.013541666666666667 0.023333333333333334
2 0.5799479166666667 0.27208333333333334 0.011979166666666667 0.030833333333333334
3 0.5520833333333334 0.28125 0.013541666666666667 0.034166666666666665
