42 0.7028645833333333 0.495 0.050520833333333334 0.10833333333333334
43 0.4510416666666667 0.35625 0.029166666666666667 0.0625
58 0.4328125 0.51375 0.051041666666666666 0.12416666666666666
44 0.359375 0.3120833333333333 0.019791666666666666 0.0425
57 0.27630208333333334 0.4125 0.044270833333333336 0.08666666666666667
45 0.315625 0.29875 0.019791666666666666 0.04083333333333333
46 0.24609375 0.28791666666666665 0.018229166666666668 0.0425
47 0.15989583333333332 0.28291666666666665 0.016666666666666666 0.035833333333333335
56 0.10989583333333333 0.37416666666666665 0.034375 0.07
5 0.6739583333333333 0.37333333333333335 0.021875 0.05
6 0.5479166666666667 0.3120833333333333 0.011458333333333333 0.035833333333333335
7 0.4630208333333333 0.30291666666666667 0.0125 0.034166666666666665
8 0.34791666666666665 0.2816666666666667 0.0125 0.03333333333333333
9 0.21744791666666666 0.27166666666666667 0.009895833333333333 0.028333333333333332
10 0.07708333333333334 0.27541666666666664 0.011458333333333333 0.030833333333333334
48 0.06458333333333334 0.2866666666666667 0.014583333333333334 0.03666666666666667
