42 0.6471354166666666 0.46375 0.0515625 0.1025
43 0.43645833333333334 0.34875 0.026041666666666668 0.05583333333333333
58 0.4015625 0.475 0.051041666666666666 0.11
44 0.35260416666666666 0.30625 0.01875 0.0425
57 0.26953125 0.3929166666666667 0.04114583333333333 0.08416666666666667
45 0.31276041666666665 0.29333333333333333 0.018229166666666668 0.03833333333333333
46 0.24557291666666667 0.28375 0.0171875 0.0375
47 0.16171875 0.28208333333333335 0.016145833333333335 0.035833333333333335
56 0.11640625 0.35791666666666666 0.033854166666666664 0.06583333333333333
4 0.9583333333333334 0.4766666666666667 0.03333333333333333 0.075
5 0.6479166666666667 0.36291666666666667 0.020833333333333332 0.049166666666666664
6 0.5348958333333333 0.3070833333333333 0.011458333333333333 0.035833333333333335
7 0.4549479166666667 0.2991666666666667 0.013020833333333334 0.03166666666666667
8 0.3450520833333333 0.2808333333333333 0.011979166666666667 0.03166666666666667
9 0.21770833333333334 0.2704166666666667 0.010416666666666666 0.029166666666666667
10 0.08177083333333333 0.2725 0.010416666666666666 0.03
48 0.06979166666666667 0.2833333333333333 0.016666666666666666 0.03833333333333333
