41 0.5830729166666667 0.4166666666666667 0.044270833333333336 0.08833333333333333
42 0.41302083333333334 0.3304166666666667 0.023958333333333335 0.0525
43 0.3463541666666667 0.2970833333333333 0.01875 0.04416666666666667
60 0.36484375 0.42125 0.043229166666666666 0.09083333333333334
58 0.28359375 0.32958333333333334 0.025520833333333333 0.0575
44 0.3067708333333333 0.27875 0.013541666666666667 0.0325
57 0.23125 0.31125 0.022916666666666665 0.0525
45 0.28020833333333334 0.27208333333333334 0.013541666666666667 0.030833333333333334
46 0.23229166666666667 0.26875 0.013541666666666667 0.0325
47 0.16901041666666666 0.26416666666666666 0.013020833333333334 0.03166666666666667
56 0.14427083333333332 0.29791666666666666 0.017708333333333333 0.03916666666666667
19 0.02421875 0.3383333333333333 0.022395833333333334 0.05333333333333334
3 0.8645833333333334 0.42875 0.028125 0.06583333333333333
4 0.615625 0.34541666666666665 0.017708333333333333 0.04416666666666667
5 0.4921875 0.30666666666666664 0.0125 0.03333333333333333
6 0.44244791666666666 0.2775 0.008854166666666666 0.03
7 0.3924479166666667 0.2758333333333333 0.009895833333333333 0.02666666666666667
8 0.3106770833333333 0.26458333333333334 0.008854166666666666 0.025833333333333333
9 0.21223958333333334 0.25666666666666665 0.008854166666666666 0.028333333333333332
10 0.10390625 0.25916666666666666 0.008854166666666666 0.023333333333333334
49 0.023697916666666666 0.2675 0.009895833333333333 0.025
48 0.096875 0.26625 0.011458333333333333 0.0325
