32 0.03463541666666667 0.25125 0.0109375 0.0325
31 0.16510416666666666 0.24166666666666667 0.011458333333333333 0.028333333333333332
30 0.31536458333333334 0.245 0.009895833333333333 0.03
29 0.42942708333333335 0.25125 0.009895833333333333 0.0275
28 0.57109375 0.265 0.0109375 0.02666666666666667
27 0.6828125 0.285 0.0125 0.03333333333333333
38 0.5526041666666667 0.5533333333333333 0.0625 0.14666666666666667
78 0.340625 0.4245833333333333 0.051041666666666666 0.09916666666666667
64 0.7916666666666666 0.35541666666666666 0.028125 0.060833333333333336
26 0.8044270833333333 0.31416666666666665 0.0140625 0.03833333333333333
25 0.8614583333333333 0.3329166666666667 0.017708333333333333 0.050833333333333335
68 0.49635416666666665 0.2658333333333333 0.017708333333333333 0.03333333333333333
69 0.40625 0.2575 0.014583333333333334 0.035
70 0.31223958333333335 0.25375 0.013020833333333334 0.0325
71 0.22135416666666666 0.2554166666666667 0.019791666666666666 0.034166666666666665
72 0.1421875 0.26 0.017708333333333333 0.03666666666666667
73 0.08307291666666666 0.2683333333333333 0.019270833333333334 0.041666666666666664
74 0.05286458333333333 0.285 0.0203125 0.05
75 0.09713541666666667 0.29875 0.0265625 0.0525
77 0.24713541666666666 0.3570833333333333 0.034895833333333334 0.0725
76 0.16666666666666666 0.3145833333333333 0.028125 0.0575
67 0.5744791666666667 0.2791666666666667 0.017708333333333333 0.03666666666666667
66 0.6385416666666667 0.2925 0.019791666666666666 0.041666666666666664
65 0.6622395833333333 0.30291666666666667 0.022395833333333334 0.0425
