76 0.61015625 0.535 0.05677083333333333 0.13166666666666665
75 0.41015625 0.43333333333333335 0.0421875 0.09333333333333334
74 0.31927083333333334 0.3829166666666667 0.03125 0.07416666666666667
73 0.35911458333333335 0.34375 0.025520833333333333 0.05583333333333333
72 0.4401041666666667 0.33 0.022916666666666665 0.04833333333333333
71 0.54609375 0.32416666666666666 0.022395833333333334 0.043333333333333335
70 0.6682291666666667 0.3279166666666667 0.019791666666666666 0.04083333333333333
69 0.7953125 0.3425 0.01875 0.03833333333333333
68 0.92578125 0.365 0.021354166666666667 0.045
31 0.45651041666666664 0.29833333333333334 0.013020833333333334 0.03666666666666667
32 0.2864583333333333 0.305 0.015625 0.03833333333333333
33 0.13932291666666666 0.3204166666666667 0.018229166666666668 0.04583333333333333
30 0.6505208333333333 0.31166666666666665 0.0125 0.03333333333333333
28 0.9921875 0.36083333333333334 0.011458333333333333 0.03666666666666667
29 0.7997395833333333 0.3275 0.0140625 0.03666666666666667
