41 0.6138020833333333 0.4320833333333333 0.04739583333333333 0.0925
42 0.42421875 0.33375 0.0265625 0.05583333333333333
43 0.3528645833333333 0.29625 0.018229166666666668 0.04083333333333333
60 0.3815104166666667 0.4345833333333333 0.0484375 0.10083333333333333
58 0.2890625 0.3304166666666667 0.025 0.060833333333333336
44 0.31145833333333334 0.2775 0.015625 0.03333333333333333
57 0.23489583333333333 0.31125 0.023958333333333335 0.0525
45 0.2838541666666667 0.26958333333333334 0.014583333333333334 0.034166666666666665
46 0.23411458333333332 0.2658333333333333 0.015104166666666667 0.03333333333333333
47 0.16979166666666667 0.26166666666666666 0.013541666666666667 0.03166666666666667
56 0.14401041666666667 0.2975 0.019270833333333334 0.043333333333333335
19 0.016145833333333335 0.3425 0.025 0.051666666666666666
3 0.9044270833333333 0.44208333333333333 0.0296875 0.07083333333333333
4 0.6338541666666667 0.35083333333333333 0.020833333333333332 0.045
5 0.5033854166666667 0.3075 0.0140625 0.035
6 0.45 0.27666666666666667 0.008333333333333333 0.03166666666666667
7 0.3984375 0.27416666666666667 0.010416666666666666 0.02666666666666667
8 0.3151041666666667 0.26416666666666666 0.010416666666666666 0.03
9 0.2140625 0.25375 0.008333333333333333 0.0275
10 0.10364583333333334 0.25666666666666665 0.009375 0.023333333333333334
49 0.021354166666666667 0.26708333333333334 0.009375 0.029166666666666667
48 0.09661458333333334 0.26416666666666666 0.011979166666666667 0.03
