61 0.4270833333333333 0.48833333333333334 0.05625 0.12
60 0.2981770833333333 0.34875 0.028645833333333332 0.06416666666666666
40 0.6973958333333333 0.4866666666666667 0.046875 0.10333333333333333
41 0.44869791666666664 0.35 0.028645833333333332 0.06166666666666667
42 0.3578125 0.3070833333333333 0.019791666666666666 0.0475
43 0.3143229166666667 0.285 0.016145833333333335 0.035
58 0.2557291666666667 0.3045833333333333 0.019791666666666666 0.04583333333333333
44 0.28567708333333336 0.27208333333333334 0.011979166666666667 0.030833333333333334
57 0.21848958333333332 0.29291666666666666 0.019270833333333334 0.04083333333333333
45 0.2640625 0.26666666666666666 0.014583333333333334 0.03333333333333333
46 0.22135416666666666 0.2625 0.013541666666666667 0.03
56 0.14739583333333334 0.2875 0.015625 0.035
20 0.025260416666666667 0.3541666666666667 0.022395833333333334 0.058333333333333334
3 0.6697916666666667 0.36291666666666667 0.020833333333333332 0.0475
4 0.5216145833333333 0.31875 0.015104166666666667 0.0375
5 0.4393229166666667 0.29291666666666666 0.0109375 0.030833333333333334
6 0.4041666666666667 0.27125 0.009375 0.029166666666666667
7 0.36354166666666665 0.2704166666666667 0.010416666666666666 0.0225
8 0.29192708333333334 0.26 0.008854166666666666 0.028333333333333332
9 0.20416666666666666 0.25375 0.007291666666666667 0.025833333333333333
47 0.16458333333333333 0.25958333333333333 0.014583333333333334 0.030833333333333334
10 0.10729166666666666 0.25833333333333336 0.008333333333333333 0.02
19 0.0578125 0.31125 0.016666666666666666 0.04083333333333333
18 0.01953125 0.30791666666666667 0.015104166666666667 0.0375
49 0.03802083333333333 0.2633333333333333 0.010416666666666666 0.028333333333333332
11 0.010677083333333334 0.26 0.0078125 0.025
48 0.103125 0.26208333333333333 0.008333333333333333 0.025833333333333333
55 0.00859375 0.28541666666666665 0.009895833333333333 0.029166666666666667
