32 0.17369791666666667 0.26875 0.013020833333333334 0.034166666666666665
33 0.05807291666666667 0.28208333333333335 0.016145833333333335 0.035833333333333335
31 0.31536458333333334 0.26708333333333334 0.011979166666666667 0.029166666666666667
29 0.6033854166666667 0.28125 0.0109375 0.034166666666666665
30 0.47890625 0.2708333333333333 0.0109375 0.03166666666666667
28 0.7609375 0.30541666666666667 0.010416666666666666 0.030833333333333334
27 0.8908854166666667 0.335 0.0140625 0.03666666666666667
78 0.653125 0.6029166666666667 0.075 0.15916666666666668
68 0.6859375 0.305 0.017708333333333333 0.03666666666666667
69 0.58359375 0.29125 0.015104166666666667 0.0375
70 0.47994791666666664 0.28291666666666665 0.0140625 0.035833333333333335
71 0.37864583333333335 0.2808333333333333 0.01875 0.041666666666666664
72 0.29140625 0.28458333333333335 0.018229166666666668 0.04083333333333333
73 0.22604166666666667 0.2916666666666667 0.020833333333333332 0.043333333333333335
74 0.19192708333333333 0.31083333333333335 0.024479166666666666 0.055
75 0.24453125 0.33416666666666667 0.0296875 0.06
76 0.33359375 0.36291666666666667 0.034895833333333334 0.0775
77 0.4557291666666667 0.44458333333333333 0.04479166666666667 0.10083333333333333
67 0.7786458333333334 0.32416666666666666 0.017708333333333333 0.043333333333333335
66 0.8580729166666666 0.34458333333333335 0.022395833333333334 0.0475
65 0.8989583333333333 0.3620833333333333 0.020833333333333332 0.0475
