38 0.4953125 0.5079166666666667 0.04791666666666667 0.1275
78 0.29270833333333335 0.40541666666666665 0.04479166666666667 0.09083333333333334
77 0.19505208333333332 0.3491666666666667 0.03697916666666667 0.075
76 0.11223958333333334 0.31083333333333335 0.028645833333333332 0.056666666666666664
75 0.04010416666666667 0.29375 0.025 0.0475
73 0.019791666666666666 0.26666666666666666 0.017708333333333333 0.03833333333333333
72 0.07734375 0.2579166666666667 0.016145833333333335 0.035833333333333335
71 0.15520833333333334 0.25083333333333335 0.017708333333333333 0.035
70 0.24609375 0.24875 0.011979166666666667 0.029166666666666667
69 0.33671875 0.25166666666666665 0.0140625 0.03333333333333333
68 0.42630208333333336 0.25875 0.0140625 0.034166666666666665
67 0.5026041666666666 0.26916666666666667 0.014583333333333334 0.035
66 0.5658854166666667 0.2825 0.0171875 0.03833333333333333
65 0.5888020833333333 0.2920833333333333 0.016145833333333335 0.03916666666666667
64 0.7114583333333333 0.3383333333333333 0.027083333333333334 0.058333333333333334
63 0.9747395833333333 0.4716666666666667 0.044270833333333336 0.095
31 0.09713541666666667 0.24 0.0109375 0.03
29 0.35989583333333336 0.24333333333333335 0.009375 0.028333333333333332
28 0.49921875 0.25625 0.013020833333333334 0.0275
27 0.6083333333333333 0.275 0.0125 0.03
26 0.725 0.30125 0.014583333333333334 0.0325
25 0.7796875 0.32125 0.016666666666666666 0.04083333333333333
24 0.9216145833333333 0.37625 0.019270833333333334 0.04583333333333333
