20 0.8807291666666667 0.4345833333333333 0.029166666666666667 0.0675
21 0.6236979166666666 0.34875 0.0203125 0.0475
22 0.4864583333333333 0.3104166666666667 0.013541666666666667 0.035833333333333335
39 0.21588541666666666 0.29833333333333334 0.0171875 0.03833333333333333
29 0.10703125 0.2520833333333333 0.0078125 0.0225
27 0.25807291666666665 0.255 0.0078125 0.02
40 0.29348958333333336 0.33458333333333334 0.022395833333333334 0.0525
26 0.3143229166666667 0.2625 0.008854166666666666 0.02
25 0.3302083333333333 0.2654166666666667 0.009375 0.024166666666666666
24 0.3609375 0.27458333333333335 0.009375 0.024166666666666666
23 0.4203125 0.2891666666666667 0.0125 0.02666666666666667
41 0.38697916666666665 0.4191666666666667 0.036458333333333336 0.08666666666666667
68 0.14765625 0.25458333333333333 0.009895833333333333 0.025833333333333333
69 0.09505208333333333 0.2529166666666667 0.009895833333333333 0.0225
78 0.09583333333333334 0.285 0.013541666666666667 0.03333333333333333
70 0.03958333333333333 0.25708333333333333 0.009375 0.0225
71 0.009114583333333334 0.27458333333333335 0.0140625 0.030833333333333334
77 0.05416666666666667 0.28041666666666665 0.014583333333333334 0.0325
67 0.19114583333333332 0.2575 0.010416666666666666 0.025
66 0.22265625 0.25916666666666666 0.009895833333333333 0.023333333333333334
65 0.23020833333333332 0.26208333333333333 0.008333333333333333 0.025833333333333333
64 0.2596354166666667 0.2683333333333333 0.013020833333333334 0.03
63 0.2994791666666667 0.28458333333333335 0.014583333333333334 0.034166666666666665
62 0.33619791666666665 0.30416666666666664 0.016145833333333335 0.03666666666666667
61 0.42265625 0.34 0.024479166666666666 0.04833333333333333
60 0.5973958333333333 0.42083333333333334 0.042708333333333334 0.08166666666666667
38 0.14713541666666666 0.28583333333333333 0.013020833333333334 0.03666666666666667
28 0.19453125 0.25125 0.0078125 0.019166666666666665
30 0.034895833333333334 0.25416666666666665 0.00625 0.016666666666666666
1 0.046875 0.31 0.015625 0.035
2 0.06041666666666667 0.34 0.021875 0.055
