77 0.6713541666666667 0.60875 0.07083333333333333 0.16583333333333333
76 0.43385416666666665 0.43625 0.04375 0.0975
75 0.3028645833333333 0.37875 0.0359375 0.07416666666666667
74 0.23515625 0.34375 0.027604166666666666 0.0625
73 0.27682291666666664 0.31416666666666665 0.0234375 0.05
72 0.35052083333333334 0.30583333333333335 0.019791666666666666 0.045
71 0.44765625 0.30083333333333334 0.021354166666666667 0.043333333333333335
70 0.5609375 0.30291666666666667 0.017708333333333333 0.03916666666666667
69 0.67578125 0.31375 0.018229166666666668 0.04083333333333333
68 0.79296875 0.33208333333333334 0.019270833333333334 0.04416666666666667
67 0.903125 0.3566666666666667 0.020833333333333332 0.043333333333333335
31 0.37161458333333336 0.2816666666666667 0.0109375 0.03333333333333333
32 0.215625 0.2875 0.013541666666666667 0.03333333333333333
33 0.08177083333333333 0.30083333333333334 0.017708333333333333 0.043333333333333335
30 0.5515625 0.29083333333333333 0.011458333333333333 0.03
28 0.8653645833333333 0.3308333333333333 0.015104166666666667 0.035
29 0.6895833333333333 0.3020833333333333 0.0125 0.034166666666666665
