63 0.6072916666666667 0.6079166666666667 0.06666666666666667 0.15916666666666668
62 0.4015625 0.37083333333333335 0.029166666666666667 0.07833333333333334
39 0.6671875 0.40875 0.040625 0.07916666666666666
40 0.44296875 0.31125 0.021354166666666667 0.049166666666666664
61 0.328125 0.30333333333333334 0.019791666666666666 0.04833333333333333
60 0.30703125 0.27625 0.0140625 0.0375
41 0.39140625 0.27958333333333335 0.018229166666666668 0.04083333333333333
42 0.36171875 0.2625 0.0140625 0.03333333333333333
43 0.34296875 0.2554166666666667 0.011979166666666667 0.029166666666666667
58 0.2953125 0.2608333333333333 0.0125 0.03333333333333333
44 0.3294270833333333 0.24625 0.008854166666666666 0.025833333333333333
57 0.27291666666666664 0.2525 0.0125 0.035
56 0.2265625 0.25083333333333335 0.0125 0.028333333333333332
20 0.16223958333333333 0.27375 0.0109375 0.034166666666666665
21 0.12552083333333333 0.3020833333333333 0.014583333333333334 0.04416666666666667
22 0.07369791666666667 0.36625 0.027604166666666666 0.06916666666666667
1 0.83515625 0.3983333333333333 0.028645833333333332 0.055
2 0.6265625 0.32916666666666666 0.016666666666666666 0.04
3 0.52890625 0.29125 0.013020833333333334 0.0325
4 0.47239583333333335 0.2708333333333333 0.011458333333333333 0.03
5 0.43359375 0.2579166666666667 0.008854166666666666 0.0275
6 0.42109375 0.24708333333333332 0.009895833333333333 0.024166666666666666
7 0.39375 0.24791666666666667 0.009375 0.019166666666666665
47 0.240625 0.23583333333333334 0.008333333333333333 0.02
45 0.31536458333333334 0.24041666666666667 0.008854166666666666 0.0225
46 0.2838541666666667 0.24083333333333334 0.008333333333333333 0.023333333333333334
19 0.1703125 0.25916666666666666 0.010416666666666666 0.03333333333333333
17 0.0578125 0.255 0.009375 0.02666666666666667
