39 0.36328125 0.44958333333333333 0.0453125 0.10083333333333333
30 0.04348958333333333 0.25166666666666665 0.009895833333333333 0.02666666666666667
29 0.14479166666666668 0.24666666666666667 0.010416666666666666 0.028333333333333332
27 0.35911458333333335 0.25916666666666666 0.0109375 0.02666666666666667
38 0.16328125 0.3754166666666667 0.028645833333333332 0.07416666666666667
26 0.4518229166666667 0.27166666666666667 0.0109375 0.03166666666666667
25 0.48541666666666666 0.285 0.013541666666666667 0.035
24 0.5684895833333333 0.31333333333333335 0.016145833333333335 0.041666666666666664
23 0.7447916666666666 0.36916666666666664 0.023958333333333335 0.051666666666666666
68 0.19973958333333333 0.255 0.015104166666666667 0.03333333333333333
69 0.121875 0.25375 0.0125 0.0325
70 0.04088541666666667 0.25833333333333336 0.013020833333333334 0.028333333333333332
78 0.06171875 0.3475 0.0296875 0.06333333333333334
67 0.2638020833333333 0.26166666666666666 0.013020833333333334 0.03333333333333333
66 0.31302083333333336 0.26666666666666666 0.013541666666666667 0.03666666666666667
65 0.32578125 0.27291666666666664 0.016145833333333335 0.0325
64 0.39401041666666664 0.29541666666666666 0.018229166666666668 0.0425
63 0.51328125 0.35083333333333333 0.030729166666666665 0.06666666666666667
62 0.7596354166666667 0.49 0.0484375 0.10333333333333333
28 0.2674479166666667 0.2525 0.008854166666666666 0.023333333333333334
