62 0.828125 0.79375 0.09895833333333333 0.2275
40 0.5765625 0.395 0.03958333333333333 0.08166666666666667
61 0.38046875 0.3875 0.0359375 0.08333333333333333
60 0.30885416666666665 0.31083333333333335 0.022916666666666665 0.055
41 0.4315104166666667 0.31375 0.022395833333333334 0.05416666666666667
42 0.36614583333333334 0.2833333333333333 0.017708333333333333 0.041666666666666664
43 0.33177083333333335 0.2658333333333333 0.015625 0.03166666666666667
58 0.27708333333333335 0.27875 0.014583333333333334 0.0425
44 0.30833333333333335 0.255 0.011458333333333333 0.02666666666666667
57 0.24583333333333332 0.2704166666666667 0.015625 0.04083333333333333
45 0.28880208333333335 0.25083333333333335 0.013020833333333334 0.02666666666666667
46 0.25078125 0.24666666666666667 0.0109375 0.028333333333333332
56 0.18333333333333332 0.2654166666666667 0.013541666666666667 0.0325
20 0.08802083333333334 0.31333333333333335 0.017708333333333333 0.051666666666666666
2 0.8557291666666667 0.41541666666666666 0.027083333333333334 0.0625
3 0.6208333333333333 0.32625 0.016666666666666666 0.04416666666666667
4 0.5104166666666666 0.2941666666666667 0.013541666666666667 0.03166666666666667
5 0.44479166666666664 0.2733333333333333 0.011458333333333333 0.028333333333333332
6 0.41744791666666664 0.255 0.0078125 0.03
8 0.31640625 0.24291666666666667 0.008854166666666666 0.0275
9 0.23489583333333333 0.23791666666666667 0.008333333333333333 0.024166666666666666
7 0.3809895833333333 0.25458333333333333 0.008854166666666666 0.024166666666666666
10 0.14427083333333332 0.24125 0.009375 0.0225
47 0.19921875 0.24333333333333335 0.011979166666666667 0.028333333333333332
19 0.1078125 0.28375 0.013541666666666667 0.0375
18 0.07317708333333334 0.28291666666666665 0.0109375 0.030833333333333334
11 0.05520833333333333 0.24333333333333335 0.008333333333333333 0.025
48 0.13932291666666666 0.24708333333333332 0.008854166666666666 0.025833333333333333
55 0.058854166666666666 0.2658333333333333 0.008333333333333333 0.025
