39 0.23671875 0.3383333333333333 0.028645833333333332 0.065
29 0.09557291666666666 0.24125 0.008854166666666666 0.030833333333333334
27 0.27786458333333336 0.24916666666666668 0.0109375 0.028333333333333332
40 0.46119791666666665 0.51 0.06197916666666667 0.12666666666666668
38 0.12578125 0.31416666666666665 0.018229166666666668 0.05
26 0.353125 0.2579166666666667 0.011458333333333333 0.025833333333333333
25 0.37552083333333336 0.26458333333333334 0.009375 0.030833333333333334
24 0.42734375 0.28041666666666665 0.013020833333333334 0.0325
23 0.5299479166666666 0.31 0.016145833333333335 0.04
22 0.6856770833333333 0.36291666666666667 0.0265625 0.05416666666666667
68 0.14270833333333333 0.24875 0.011458333333333333 0.0275
69 0.0765625 0.25083333333333335 0.010416666666666666 0.02666666666666667
70 0.0078125 0.25458333333333333 0.010416666666666666 0.024166666666666666
78 0.053125 0.30541666666666667 0.021875 0.04583333333333333
67 0.19635416666666666 0.25166666666666665 0.011458333333333333 0.02666666666666667
66 0.23619791666666667 0.25583333333333336 0.011979166666666667 0.03
65 0.24505208333333334 0.25708333333333333 0.0109375 0.029166666666666667
64 0.29140625 0.27208333333333334 0.015104166666666667 0.030833333333333334
63 0.3578125 0.30291666666666667 0.019791666666666666 0.0475
62 0.44479166666666664 0.35 0.025 0.05333333333333334
61 0.7473958333333334 0.49375 0.05 0.11083333333333334
28 0.2 0.24416666666666667 0.008333333333333333 0.023333333333333334
