41 0.6734375 0.465 0.05520833333333333 0.105
42 0.44453125 0.3425 0.027604166666666666 0.06
43 0.3640625 0.2995833333333333 0.01875 0.0425
60 0.4153645833333333 0.47125 0.0546875 0.1175
58 0.3 0.3383333333333333 0.027083333333333334 0.065
44 0.3182291666666667 0.2791666666666667 0.015625 0.03166666666666667
57 0.23958333333333334 0.31375 0.026041666666666668 0.05583333333333333
45 0.28932291666666665 0.27 0.015104166666666667 0.03333333333333333
46 0.23854166666666668 0.26375 0.016666666666666666 0.0325
47 0.17083333333333334 0.25916666666666666 0.013541666666666667 0.03
56 0.14348958333333334 0.30083333333333334 0.018229166666666668 0.043333333333333335
3 0.9796875 0.4708333333333333 0.030208333333333334 0.07166666666666667
4 0.6669270833333333 0.36041666666666666 0.019270833333333334 0.050833333333333335
5 0.5205729166666667 0.3120833333333333 0.0140625 0.035833333333333335
6 0.46197916666666666 0.2775 0.009375 0.03333333333333333
7 0.40703125 0.275 0.009895833333333333 0.028333333333333332
8 0.32083333333333336 0.26125 0.010416666666666666 0.0275
9 0.21692708333333333 0.2529166666666667 0.008854166666666666 0.024166666666666666
10 0.10390625 0.255 0.008854166666666666 0.025
49 0.018489583333333334 0.26166666666666666 0.0078125 0.025
48 0.09609375 0.26208333333333333 0.0109375 0.0275
