75 0.8692708333333333 0.7566666666666667 0.09166666666666666 0.21166666666666667
74 0.5434895833333333 0.5129166666666667 0.0515625 0.1225
73 0.5447916666666667 0.4 0.03854166666666667 0.08
72 0.634375 0.37416666666666665 0.028125 0.065
71 0.75625 0.36666666666666664 0.029166666666666667 0.058333333333333334
70 0.9036458333333334 0.38 0.023958333333333335 0.051666666666666666
31 0.6127604166666667 0.31916666666666665 0.0171875 0.043333333333333335
32 0.4041666666666667 0.31708333333333333 0.019791666666666666 0.0475
33 0.20651041666666667 0.3383333333333333 0.027604166666666666 0.06166666666666667
30 0.84453125 0.3491666666666667 0.015104166666666667 0.03833333333333333
