5 0.017447916666666667 0.48 0.033854166666666664 0.10833333333333334
4 0.16197916666666667 0.33458333333333334 0.023958333333333335 0.0575
19 0.7955729166666666 0.3675 0.018229166666666668 0.045
18 0.92890625 0.4066666666666667 0.019270833333333334 0.05333333333333334
21 0.5643229166666667 0.2891666666666667 0.0109375 0.03
20 0.6432291666666666 0.31333333333333335 0.013541666666666667 0.04
22 0.5067708333333333 0.27208333333333334 0.008333333333333333 0.025833333333333333
39 0.3265625 0.25958333333333333 0.013541666666666667 0.029166666666666667
40 0.3653645833333333 0.27416666666666667 0.0140625 0.03333333333333333
26 0.4119791666666667 0.24458333333333335 0.008333333333333333 0.015833333333333335
23 0.47369791666666666 0.2604166666666667 0.008854166666666666 0.020833333333333332
25 0.421875 0.24958333333333332 0.00625 0.0225
24 0.440625 0.2525 0.007291666666666667 0.02
67 0.31536458333333334 0.23666666666666666 0.008854166666666666 0.023333333333333334
69 0.23880208333333333 0.23583333333333334 0.009895833333333333 0.018333333333333333
29 0.2484375 0.2325 0.008333333333333333 0.02
64 0.365625 0.24625 0.010416666666666666 0.025833333333333333
63 0.3885416666666667 0.2554166666666667 0.011458333333333333 0.025833333333333333
62 0.4044270833333333 0.2633333333333333 0.0109375 0.028333333333333332
61 0.4395833333333333 0.28041666666666665 0.014583333333333334 0.0325
60 0.48359375 0.29833333333333334 0.019270833333333334 0.041666666666666664
58 0.5692708333333333 0.3416666666666667 0.026041666666666668 0.058333333333333334
41 0.3848958333333333 0.29375 0.01875 0.04416666666666667
42 0.42864583333333334 0.335 0.028125 0.06166666666666667
68 0.28098958333333335 0.23666666666666666 0.008854166666666666 0.021666666666666667
38 0.28203125 0.2554166666666667 0.0078125 0.0225
57 0.6950520833333333 0.38458333333333333 0.034895833333333334 0.0725
43 0.54609375 0.48083333333333333 0.05260416666666667 0.11333333333333333
56 0.9401041666666666 0.45166666666666666 0.034375 0.075
78 0.24609375 0.2520833333333333 0.009895833333333333 0.024166666666666666
77 0.21614583333333334 0.25 0.010416666666666666 0.025
2 0.23645833333333333 0.26958333333333334 0.013541666666666667 0.0325
3 0.21041666666666667 0.28833333333333333 0.016666666666666666 0.041666666666666664
