40 0.5947916666666667 0.4116666666666667 0.041666666666666664 0.085
61 0.38515625 0.40541666666666665 0.04114583333333333 0.08916666666666667
60 0.30390625 0.31875 0.024479166666666666 0.059166666666666666
41 0.4328125 0.3229166666666667 0.022916666666666665 0.0525
42 0.3619791666666667 0.28833333333333333 0.017708333333333333 0.043333333333333335
43 0.3265625 0.26958333333333334 0.014583333333333334 0.03916666666666667
58 0.2713541666666667 0.28541666666666665 0.016666666666666666 0.04416666666666667
44 0.3015625 0.25875 0.011458333333333333 0.0275
57 0.23880208333333333 0.27666666666666667 0.0171875 0.04
45 0.28125 0.25333333333333335 0.0125 0.03
46 0.24270833333333333 0.2504166666666667 0.010416666666666666 0.0275
56 0.17265625 0.27 0.016145833333333335 0.03333333333333333
20 0.07395833333333333 0.3233333333333333 0.01875 0.05
2 0.8848958333333333 0.4325 0.027083333333333334 0.06666666666666667
3 0.6283854166666667 0.33458333333333334 0.018229166666666668 0.04416666666666667
4 0.5109375 0.2995833333333333 0.013541666666666667 0.0325
5 0.44036458333333334 0.2791666666666667 0.011979166666666667 0.03
6 0.4127604166666667 0.25916666666666666 0.008854166666666666 0.02666666666666667
8 0.309375 0.2475 0.008333333333333333 0.025
9 0.22630208333333332 0.2425 0.0078125 0.025
47 0.18932291666666667 0.24583333333333332 0.011979166666666667 0.03
7 0.37552083333333336 0.2579166666666667 0.009375 0.025833333333333333
10 0.13489583333333333 0.24541666666666667 0.008333333333333333 0.020833333333333332
19 0.09583333333333334 0.28875 0.015625 0.0375
18 0.06041666666666667 0.28708333333333336 0.0125 0.034166666666666665
11 0.04401041666666667 0.24708333333333332 0.0078125 0.024166666666666666
48 0.13020833333333334 0.24875 0.007291666666666667 0.0275
55 0.046875 0.27166666666666667 0.009375 0.028333333333333332
