42 0.7658854166666667 0.52875 0.05364583333333333 0.12083333333333333
43 0.47161458333333334 0.36333333333333334 0.0296875 0.06333333333333334
58 0.47213541666666664 0.5520833333333334 0.059895833333333336 0.1375
44 0.37083333333333335 0.3125 0.01875 0.045
57 0.2903645833333333 0.42875 0.0484375 0.09583333333333334
45 0.32473958333333336 0.29791666666666666 0.018229166666666668 0.04416666666666667
46 0.25338541666666664 0.2875 0.018229166666666668 0.04
47 0.16432291666666668 0.28458333333333335 0.018229166666666668 0.03916666666666667
56 0.10885416666666667 0.38166666666666665 0.036458333333333336 0.07333333333333333
5 0.7028645833333333 0.37916666666666665 0.021354166666666667 0.05333333333333334
6 0.5653645833333333 0.3125 0.015104166666666667 0.03833333333333333
7 0.47708333333333336 0.3025 0.013541666666666667 0.035
8 0.3567708333333333 0.2825 0.011458333333333333 0.03
9 0.22317708333333333 0.27125 0.0109375 0.030833333333333334
10 0.0796875 0.27541666666666664 0.010416666666666666 0.029166666666666667
48 0.06588541666666667 0.28625 0.015104166666666667 0.0375
