32 0.18333333333333332 0.27208333333333334 0.0125 0.030833333333333334
33 0.06458333333333334 0.28458333333333335 0.015625 0.035833333333333335
31 0.3265625 0.2679166666666667 0.013541666666666667 0.030833333333333334
29 0.6205729166666667 0.2866666666666667 0.011979166666666667 0.03166666666666667
30 0.49244791666666665 0.2758333333333333 0.011979166666666667 0.03333333333333333
28 0.7802083333333333 0.3129166666666667 0.010416666666666666 0.030833333333333334
27 0.9140625 0.34125 0.013541666666666667 0.034166666666666665
78 0.7171875 0.65375 0.07708333333333334 0.17583333333333334
68 0.7049479166666667 0.31 0.0171875 0.035
69 0.60078125 0.2966666666666667 0.015104166666666667 0.03833333333333333
70 0.49583333333333335 0.28958333333333336 0.014583333333333334 0.030833333333333334
71 0.3927083333333333 0.28291666666666665 0.017708333333333333 0.03916666666666667
72 0.30416666666666664 0.28875 0.019791666666666666 0.0425
73 0.23645833333333333 0.2945833333333333 0.019791666666666666 0.049166666666666664
74 0.20130208333333333 0.31833333333333336 0.022395833333333334 0.056666666666666664
75 0.2559895833333333 0.33875 0.028645833333333332 0.060833333333333336
76 0.35078125 0.3745833333333333 0.03802083333333333 0.0775
77 0.48385416666666664 0.4625 0.05 0.105
67 0.79921875 0.32958333333333334 0.019270833333333334 0.0425
66 0.8830729166666667 0.35333333333333333 0.021354166666666667 0.04666666666666667
65 0.9276041666666667 0.37083333333333335 0.022916666666666665 0.05
