65 0.8333333333333334 0.6079166666666667 0.06666666666666667 0.1475
64 0.69296875 0.3829166666666667 0.0296875 0.0675
63 0.6682291666666667 0.33708333333333335 0.01875 0.0425
62 0.6755208333333333 0.3145833333333333 0.013541666666666667 0.03916666666666667
78 0.98515625 0.38333333333333336 0.022395833333333334 0.05
38 0.8799479166666667 0.35541666666666666 0.022395833333333334 0.0425
39 0.7856770833333333 0.3304166666666667 0.019270833333333334 0.04083333333333333
40 0.7372395833333333 0.30416666666666664 0.0140625 0.03833333333333333
56 0.6388020833333333 0.2758333333333333 0.0109375 0.023333333333333334
24 0.40130208333333334 0.37 0.027604166666666666 0.058333333333333334
25 0.12994791666666666 0.49416666666666664 0.043229166666666666 0.115
23 0.47682291666666665 0.32375 0.021354166666666667 0.04583333333333333
22 0.5393229166666667 0.305 0.0140625 0.035
1 0.9174479166666667 0.3441666666666667 0.016145833333333335 0.03333333333333333
2 0.84921875 0.31958333333333333 0.011979166666666667 0.0275
3 0.8231770833333333 0.30291666666666667 0.0109375 0.024166666666666666
4 0.8057291666666667 0.295 0.009375 0.025
5 0.7916666666666666 0.28791666666666665 0.010416666666666666 0.024166666666666666
21 0.5645833333333333 0.2891666666666667 0.010416666666666666 0.03333333333333333
