66 0.8309895833333333 0.73125 0.08385416666666666 0.19583333333333333
65 0.8427083333333333 0.5133333333333333 0.04895833333333333 0.115
64 0.8119791666666667 0.3641666666666667 0.026041666666666668 0.06166666666666667
63 0.8119791666666667 0.3279166666666667 0.019791666666666666 0.04583333333333333
62 0.8299479166666667 0.3125 0.016145833333333335 0.035
39 0.934375 0.32875 0.019791666666666666 0.04083333333333333
56 0.8109375 0.27458333333333335 0.013541666666666667 0.0225
24 0.5552083333333333 0.3408333333333333 0.026041666666666668 0.055
25 0.32317708333333334 0.4125 0.0390625 0.08333333333333333
23 0.6359375 0.3075 0.01875 0.041666666666666664
22 0.7015625 0.29541666666666666 0.013541666666666667 0.034166666666666665
3 0.98984375 0.31 0.0109375 0.025
40 0.8973958333333333 0.30125 0.013541666666666667 0.0375
4 0.97578125 0.30041666666666667 0.009895833333333333 0.025833333333333333
5 0.9671875 0.29375 0.010416666666666666 0.024166666666666666
58 0.8526041666666667 0.28458333333333335 0.011458333333333333 0.024166666666666666
60 0.8450520833333334 0.28833333333333333 0.011979166666666667 0.03166666666666667
61 0.8338541666666667 0.29583333333333334 0.013541666666666667 0.03166666666666667
21 0.7294270833333333 0.2841666666666667 0.009895833333333333 0.03333333333333333
