4 0.07604166666666666 0.3779166666666667 0.030208333333333334 0.0725
19 0.8380208333333333 0.3954166666666667 0.025 0.05583333333333333
21 0.534375 0.2970833333333333 0.0125 0.030833333333333334
20 0.6361979166666667 0.32875 0.016145833333333335 0.04083333333333333
22 0.465625 0.27791666666666665 0.009375 0.025833333333333333
39 0.27109375 0.26916666666666667 0.015104166666666667 0.03166666666666667
40 0.31640625 0.28458333333333335 0.015104166666666667 0.03916666666666667
26 0.3575520833333333 0.24666666666666667 0.008854166666666666 0.02
23 0.4270833333333333 0.2654166666666667 0.010416666666666666 0.025833333333333333
25 0.36744791666666665 0.25125 0.0078125 0.0175
24 0.3885416666666667 0.25625 0.008333333333333333 0.024166666666666666
41 0.34453125 0.30833333333333335 0.0203125 0.05
69 0.17395833333333333 0.24083333333333334 0.008333333333333333 0.021666666666666667
70 0.12786458333333334 0.24208333333333334 0.0078125 0.019166666666666665
67 0.2552083333333333 0.24416666666666667 0.009375 0.023333333333333334
68 0.21848958333333332 0.24 0.0078125 0.02
29 0.18359375 0.23708333333333334 0.0078125 0.0225
64 0.30885416666666665 0.25 0.009375 0.025
63 0.33489583333333334 0.26125 0.010416666666666666 0.025833333333333333
62 0.35520833333333335 0.2708333333333333 0.013541666666666667 0.03166666666666667
61 0.39791666666666664 0.28833333333333333 0.015625 0.03333333333333333
60 0.45755208333333336 0.3129166666666667 0.019270833333333334 0.04416666666666667
58 0.58515625 0.36916666666666664 0.0296875 0.06833333333333333
42 0.41432291666666665 0.37041666666666667 0.0328125 0.0775
38 0.22135416666666666 0.26416666666666666 0.011458333333333333 0.03
30 0.12239583333333333 0.24125 0.00625 0.0175
57 0.7682291666666666 0.4375 0.040625 0.085
43 0.6934895833333333 0.6575 0.07760416666666667 0.17833333333333334
78 0.18125 0.25916666666666666 0.010416666666666666 0.03
77 0.1484375 0.25625 0.011458333333333333 0.029166666666666667
2 0.17109375 0.28458333333333335 0.013020833333333334 0.034166666666666665
3 0.13958333333333334 0.31125 0.019791666666666666 0.04416666666666667
