38 0.95234375 0.8345833333333333 0.08072916666666667 0.2275
78 0.49921875 0.5404166666666667 0.07135416666666666 0.1425
77 0.33671875 0.41833333333333333 0.04739583333333333 0.095
76 0.22682291666666668 0.35291666666666666 0.034895833333333334 0.07083333333333333
75 0.1421875 0.3275 0.030208333333333334 0.058333333333333334
74 0.09140625 0.30791666666666667 0.021354166666666667 0.0525
73 0.12265625 0.28708333333333336 0.0203125 0.04083333333333333
72 0.18828125 0.28041666666666665 0.0203125 0.03916666666666667
71 0.27421875 0.27541666666666664 0.0171875 0.0375
70 0.3731770833333333 0.27541666666666664 0.015104166666666667 0.029166666666666667
69 0.4734375 0.28041666666666665 0.015625 0.0325
68 0.57265625 0.29333333333333333 0.0171875 0.03666666666666667
67 0.6609375 0.30833333333333335 0.016666666666666666 0.03833333333333333
66 0.7364583333333333 0.3254166666666667 0.019791666666666666 0.04083333333333333
65 0.7721354166666666 0.3416666666666667 0.019270833333333334 0.043333333333333335
64 0.9575520833333333 0.41208333333333336 0.033854166666666664 0.07083333333333333
31 0.21197916666666666 0.26125 0.010416666666666666 0.0275
32 0.07135416666666666 0.2679166666666667 0.0125 0.0375
29 0.49505208333333334 0.27416666666666667 0.0109375 0.03
28 0.64765625 0.2920833333333333 0.011979166666666667 0.0275
27 0.771875 0.31333333333333335 0.015625 0.03666666666666667
26 0.9119791666666667 0.35291666666666666 0.016666666666666666 0.0375
25 0.9872395833333333 0.38083333333333336 0.019270833333333334 0.041666666666666664
