39 0.5606770833333333 0.5758333333333333 0.06927083333333334 0.14666666666666667
30 0.12760416666666666 0.24958333333333332 0.009375 0.030833333333333334
29 0.23463541666666668 0.24875 0.0109375 0.0275
27 0.4635416666666667 0.2675 0.011458333333333333 0.028333333333333332
38 0.2596354166666667 0.42083333333333334 0.04010416666666667 0.08833333333333333
26 0.5645833333333333 0.28458333333333335 0.014583333333333334 0.035833333333333335
25 0.6075520833333333 0.2975 0.0140625 0.03833333333333333
24 0.7106770833333333 0.3383333333333333 0.021354166666666667 0.043333333333333335
23 0.9455729166666667 0.41875 0.028645833333333332 0.0625
68 0.29192708333333334 0.26 0.015104166666666667 0.03166666666666667
69 0.20963541666666666 0.25625 0.015104166666666667 0.0325
70 0.12395833333333334 0.25625 0.014583333333333334 0.030833333333333334
71 0.0390625 0.26125 0.014583333333333334 0.0325
77 0.0640625 0.3383333333333333 0.030208333333333334 0.06166666666666667
78 0.13359375 0.37166666666666665 0.03802083333333333 0.07333333333333333
67 0.3606770833333333 0.2658333333333333 0.015104166666666667 0.03166666666666667
66 0.4161458333333333 0.275 0.016666666666666666 0.035
65 0.4317708333333333 0.2825 0.017708333333333333 0.03666666666666667
64 0.5171875 0.31416666666666665 0.025 0.05
63 0.6838541666666667 0.39625 0.036458333333333336 0.07083333333333333
28 0.36432291666666666 0.25625 0.009895833333333333 0.0275
