62 0.44140625 0.4270833333333333 0.04010416666666667 0.0925
39 0.7734375 0.4725 0.05 0.09666666666666666
40 0.4625 0.33875 0.023958333333333335 0.05416666666666667
61 0.3333333333333333 0.33375 0.022916666666666665 0.05583333333333333
60 0.30442708333333335 0.29791666666666666 0.0171875 0.04416666666666667
41 0.39739583333333334 0.30083333333333334 0.01875 0.043333333333333335
42 0.35885416666666664 0.2808333333333333 0.016666666666666666 0.03333333333333333
43 0.33880208333333334 0.26916666666666667 0.009895833333333333 0.02666666666666667
58 0.28828125 0.2808333333333333 0.0140625 0.03333333333333333
44 0.32265625 0.26208333333333333 0.0109375 0.0275
57 0.2643229166666667 0.27291666666666664 0.015104166666666667 0.034166666666666665
45 0.30625 0.2604166666666667 0.011458333333333333 0.029166666666666667
56 0.21354166666666666 0.2679166666666667 0.014583333333333334 0.030833333333333334
20 0.14375 0.2970833333333333 0.013541666666666667 0.03916666666666667
21 0.1 0.335 0.017708333333333333 0.05
22 0.02734375 0.4295833333333333 0.033854166666666664 0.08583333333333333
1 0.93203125 0.44166666666666665 0.03177083333333333 0.06333333333333334
2 0.66953125 0.3570833333333333 0.019270833333333334 0.04416666666666667
3 0.5458333333333333 0.30875 0.013541666666666667 0.0375
4 0.47760416666666666 0.29083333333333333 0.010416666666666666 0.02666666666666667
5 0.434375 0.27625 0.010416666666666666 0.025833333333333333
6 0.415625 0.25875 0.011458333333333333 0.0275
8 0.33203125 0.25375 0.0078125 0.0225
7 0.3885416666666667 0.2608333333333333 0.007291666666666667 0.023333333333333334
47 0.22838541666666667 0.25083333333333335 0.009895833333333333 0.02666666666666667
46 0.2734375 0.2554166666666667 0.009375 0.025833333333333333
19 0.15442708333333333 0.27958333333333335 0.008854166666666666 0.030833333333333334
18 0.12552083333333333 0.27875 0.009375 0.029166666666666667
17 0.03333333333333333 0.27666666666666667 0.008333333333333333 0.02666666666666667
