39 0.2546875 0.35125 0.030208333333333334 0.06416666666666666
29 0.10520833333333333 0.24625 0.008333333333333333 0.0225
27 0.29375 0.2504166666666667 0.009375 0.0275
40 0.54140625 0.5825 0.07864583333333333 0.15833333333333333
38 0.13385416666666666 0.32166666666666666 0.01875 0.05
26 0.37083333333333335 0.26125 0.010416666666666666 0.025833333333333333
25 0.3953125 0.26458333333333334 0.011458333333333333 0.030833333333333334
24 0.44973958333333336 0.2841666666666667 0.015104166666666667 0.03333333333333333
23 0.5627604166666667 0.31666666666666665 0.0171875 0.03833333333333333
22 0.7411458333333333 0.38166666666666665 0.025 0.058333333333333334
68 0.15390625 0.25083333333333335 0.011979166666666667 0.03166666666666667
69 0.08645833333333333 0.25 0.0125 0.03
70 0.015625 0.25625 0.011458333333333333 0.024166666666666666
78 0.057291666666666664 0.3104166666666667 0.021875 0.0475
67 0.20963541666666666 0.25416666666666665 0.011979166666666667 0.02666666666666667
66 0.2513020833333333 0.25833333333333336 0.0109375 0.028333333333333332
65 0.2596354166666667 0.26166666666666666 0.011979166666666667 0.03166666666666667
64 0.30885416666666665 0.27708333333333335 0.014583333333333334 0.035833333333333335
63 0.3809895833333333 0.3104166666666667 0.0203125 0.0475
62 0.4822916666666667 0.3645833333333333 0.030208333333333334 0.0625
61 0.86640625 0.5570833333333334 0.0640625 0.12416666666666666
28 0.21432291666666667 0.24708333333333332 0.0078125 0.020833333333333332
