6 0.22682291666666668 0.41 0.04114583333333333 0.09833333333333333
5 0.5901041666666667 0.34833333333333333 0.022916666666666665 0.056666666666666664
4 0.6919270833333333 0.31083333333333335 0.0171875 0.04
45 0.8953125 0.8720833333333333 0.09791666666666667 0.24416666666666667
38 0.8236979166666667 0.27458333333333335 0.009895833333333333 0.029166666666666667
39 0.8611979166666667 0.2833333333333333 0.0140625 0.02666666666666667
44 0.8114583333333333 0.5404166666666667 0.058333333333333334 0.1275
43 0.8536458333333333 0.37875 0.03125 0.0675
40 0.8807291666666667 0.2945833333333333 0.017708333333333333 0.030833333333333334
64 0.90859375 0.27708333333333335 0.013020833333333334 0.020833333333333332
63 0.9229166666666667 0.28625 0.0125 0.024166666666666666
62 0.9283854166666666 0.2925 0.011979166666666667 0.02666666666666667
24 0.9783854166666667 0.28708333333333336 0.0109375 0.0225
61 0.9440104166666666 0.30375 0.0171875 0.0325
60 0.9567708333333333 0.31958333333333333 0.01875 0.0375
58 0.9802083333333333 0.3441666666666667 0.025 0.04833333333333333
41 0.8760416666666667 0.3075 0.01875 0.035
42 0.8731770833333333 0.33 0.0234375 0.04
78 0.796875 0.27291666666666664 0.013541666666666667 0.025833333333333333
77 0.7729166666666667 0.2675 0.013541666666666667 0.025
2 0.775 0.28041666666666665 0.011458333333333333 0.025833333333333333
3 0.7416666666666667 0.29083333333333333 0.0125 0.03333333333333333
