66 0.8494791666666667 0.7870833333333334 0.09166666666666666 0.22416666666666665
65 0.8333333333333334 0.5266666666666666 0.05416666666666667 0.11666666666666667
64 0.7854166666666667 0.3645833333333333 0.028125 0.0625
63 0.7791666666666667 0.3283333333333333 0.017708333333333333 0.045
62 0.7963541666666667 0.3120833333333333 0.016666666666666666 0.03916666666666667
38 0.9861979166666667 0.35333333333333333 0.0203125 0.04
39 0.9010416666666666 0.32875 0.017708333333333333 0.03916666666666667
40 0.8606770833333334 0.30333333333333334 0.016145833333333335 0.03166666666666667
56 0.7729166666666667 0.27291666666666664 0.011458333333333333 0.025833333333333333
24 0.5221354166666666 0.345 0.0265625 0.051666666666666666
25 0.28411458333333334 0.4241666666666667 0.04010416666666667 0.08833333333333333
23 0.6010416666666667 0.3104166666666667 0.01875 0.0425
22 0.6658854166666667 0.2966666666666667 0.013020833333333334 0.03
2 0.971875 0.32166666666666666 0.011458333333333333 0.02666666666666667
3 0.953125 0.30625 0.0125 0.025833333333333333
4 0.93828125 0.2975 0.009895833333333333 0.023333333333333334
5 0.928125 0.29083333333333333 0.011458333333333333 0.023333333333333334
21 0.69375 0.2841666666666667 0.011458333333333333 0.028333333333333332
