38 0.5138020833333333 0.5220833333333333 0.04739583333333333 0.1325
78 0.30234375 0.4116666666666667 0.04635416666666667 0.095
77 0.20234375 0.35333333333333333 0.03697916666666667 0.07666666666666666
76 0.11822916666666666 0.31083333333333335 0.029166666666666667 0.06166666666666667
75 0.045572916666666664 0.2966666666666667 0.024479166666666666 0.04833333333333333
73 0.023958333333333335 0.26666666666666666 0.017708333333333333 0.03833333333333333
72 0.08359375 0.25833333333333336 0.016145833333333335 0.035
71 0.1609375 0.2504166666666667 0.016666666666666666 0.034166666666666665
70 0.25104166666666666 0.25 0.013541666666666667 0.03
69 0.34427083333333336 0.2525 0.0125 0.035
68 0.43333333333333335 0.2604166666666667 0.015625 0.035833333333333335
67 0.51171875 0.27291666666666664 0.015104166666666667 0.034166666666666665
66 0.5747395833333333 0.28541666666666665 0.018229166666666668 0.0375
65 0.5981770833333333 0.29583333333333334 0.0171875 0.043333333333333335
64 0.7239583333333334 0.34291666666666665 0.028125 0.059166666666666666
31 0.103125 0.24125 0.009375 0.030833333333333334
29 0.36640625 0.24541666666666667 0.009895833333333333 0.029166666666666667
28 0.5059895833333333 0.25833333333333336 0.011979166666666667 0.028333333333333332
27 0.6169270833333333 0.2758333333333333 0.011979166666666667 0.03
26 0.7348958333333333 0.305 0.014583333333333334 0.035
25 0.7911458333333333 0.32166666666666666 0.014583333333333334 0.04
24 0.93671875 0.37958333333333333 0.019270833333333334 0.0475
