76 0.7903645833333334 0.6545833333333333 0.0765625 0.1775
75 0.4903645833333333 0.47333333333333333 0.049479166666666664 0.10333333333333333
74 0.36796875 0.39791666666666664 0.03802083333333333 0.08083333333333333
73 0.40703125 0.3458333333333333 0.0296875 0.06166666666666667
72 0.49244791666666665 0.3329166666666667 0.0265625 0.050833333333333335
71 0.6041666666666666 0.32708333333333334 0.022916666666666665 0.04416666666666667
70 0.734375 0.33416666666666667 0.019791666666666666 0.045
69 0.86875 0.3545833333333333 0.01875 0.0425
31 0.5028645833333333 0.2975 0.0140625 0.03666666666666667
32 0.3221354166666667 0.2991666666666667 0.0140625 0.041666666666666664
33 0.16276041666666666 0.31333333333333335 0.022395833333333334 0.051666666666666666
30 0.7067708333333333 0.31416666666666665 0.014583333333333334 0.035
29 0.8666666666666667 0.335 0.014583333333333334 0.03833333333333333
