62 0.49557291666666664 0.4666666666666667 0.043229166666666666 0.11166666666666666
39 0.9072916666666667 0.5183333333333333 0.04791666666666667 0.11
40 0.48854166666666665 0.33916666666666667 0.026041666666666668 0.06
61 0.3411458333333333 0.33666666666666667 0.025 0.06333333333333334
60 0.30364583333333334 0.29333333333333333 0.017708333333333333 0.045
41 0.40390625 0.29333333333333333 0.0203125 0.04666666666666667
42 0.3606770833333333 0.2725 0.015104166666666667 0.04
43 0.33645833333333336 0.25875 0.0125 0.0325
58 0.2830729166666667 0.2708333333333333 0.015104166666666667 0.03833333333333333
44 0.3182291666666667 0.2520833333333333 0.011458333333333333 0.029166666666666667
57 0.25703125 0.26375 0.015104166666666667 0.0325
45 0.30052083333333335 0.25125 0.013541666666666667 0.0325
56 0.20494791666666667 0.26125 0.015104166666666667 0.0325
20 0.12734375 0.29541666666666666 0.0140625 0.0425
21 0.07552083333333333 0.34 0.021875 0.056666666666666664
2 0.7145833333333333 0.35541666666666666 0.020833333333333332 0.049166666666666664
3 0.5651041666666666 0.30125 0.013541666666666667 0.0325
4 0.48671875 0.2791666666666667 0.013020833333333334 0.03
5 0.4361979166666667 0.26458333333333334 0.0109375 0.025833333333333333
6 0.4161458333333333 0.24916666666666668 0.008333333333333333 0.023333333333333334
8 0.3268229166666667 0.24125 0.0078125 0.024166666666666666
7 0.3854166666666667 0.24791666666666667 0.007291666666666667 0.0225
47 0.21901041666666668 0.24208333333333334 0.008854166666666666 0.025833333333333333
46 0.26588541666666665 0.24333333333333335 0.008854166666666666 0.025
19 0.140625 0.27541666666666664 0.0125 0.035833333333333335
18 0.10989583333333333 0.275 0.009375 0.028333333333333332
17 0.012760416666666666 0.2733333333333333 0.009895833333333333 0.03166666666666667
48 0.16458333333333333 0.24583333333333332 0.009375 0.023333333333333334
