39 0.48854166666666665 0.53125 0.06041666666666667 0.1325
30 0.09713541666666667 0.2504166666666667 0.0078125 0.025833333333333333
29 0.20208333333333334 0.24791666666666667 0.011458333333333333 0.025833333333333333
27 0.42734375 0.26375 0.013020833333333334 0.029166666666666667
38 0.22291666666666668 0.4083333333333333 0.03125 0.09
26 0.5265625 0.28125 0.014583333333333334 0.0375
25 0.56640625 0.295 0.0140625 0.03333333333333333
24 0.6619791666666667 0.32916666666666666 0.019791666666666666 0.04
23 0.88125 0.40166666666666667 0.028125 0.06
68 0.259375 0.2579166666666667 0.015625 0.0325
69 0.17760416666666667 0.25625 0.015625 0.030833333333333334
70 0.09375 0.25625 0.015625 0.030833333333333334
71 0.009895833333333333 0.2625 0.015625 0.03333333333333333
77 0.03723958333333333 0.3333333333333333 0.0296875 0.06166666666666667
78 0.10598958333333333 0.3641666666666667 0.034895833333333334 0.075
67 0.32760416666666664 0.26416666666666666 0.013541666666666667 0.03166666666666667
66 0.3796875 0.2725 0.016666666666666666 0.035
65 0.39505208333333336 0.27958333333333335 0.016145833333333335 0.034166666666666665
64 0.4747395833333333 0.30791666666666667 0.025520833333333333 0.050833333333333335
63 0.6268229166666667 0.38 0.033854166666666664 0.06666666666666667
28 0.33098958333333334 0.25416666666666665 0.008854166666666666 0.025
