75 0.6299479166666667 0.5558333333333333 0.06197916666666667 0.14
74 0.44869791666666664 0.43083333333333335 0.04635416666666667 0.1
73 0.478125 0.36 0.03333333333333333 0.06666666666666667
72 0.5677083333333334 0.34208333333333335 0.023958333333333335 0.0575
71 0.68359375 0.33875 0.0265625 0.0525
70 0.8221354166666667 0.34791666666666665 0.021354166666666667 0.049166666666666664
69 0.96796875 0.37375 0.021354166666666667 0.050833333333333335
31 0.5669270833333333 0.30083333333333334 0.016145833333333335 0.03666666666666667
32 0.3729166666666667 0.2975 0.017708333333333333 0.04666666666666667
33 0.19817708333333334 0.31416666666666665 0.022395833333333334 0.055
30 0.7830729166666667 0.32458333333333333 0.015104166666666667 0.0375
29 0.95078125 0.3525 0.015104166666666667 0.03666666666666667
