20 0.7502604166666667 0.38875 0.0234375 0.05583333333333333
21 0.5627604166666667 0.32958333333333334 0.015104166666666667 0.04083333333333333
22 0.45286458333333335 0.29875 0.011979166666666667 0.034166666666666665
39 0.20911458333333333 0.2891666666666667 0.016145833333333335 0.03833333333333333
29 0.10729166666666666 0.24958333333333332 0.00625 0.0225
40 0.27447916666666666 0.315 0.019791666666666666 0.04833333333333333
26 0.30416666666666664 0.25708333333333333 0.008333333333333333 0.0225
23 0.3963541666666667 0.28125 0.010416666666666666 0.0275
25 0.31692708333333336 0.26208333333333333 0.008854166666666666 0.024166666666666666
24 0.3453125 0.2704166666666667 0.009375 0.025833333333333333
41 0.33645833333333336 0.37125 0.03229166666666667 0.07083333333333333
68 0.14505208333333333 0.25083333333333335 0.008854166666666666 0.025
69 0.09479166666666666 0.2520833333333333 0.008333333333333333 0.0225
78 0.09947916666666666 0.27791666666666665 0.013541666666666667 0.034166666666666665
70 0.0421875 0.255 0.008333333333333333 0.025
71 0.016927083333333332 0.27375 0.0109375 0.0325
77 0.06067708333333333 0.275 0.013020833333333334 0.03166666666666667
67 0.18697916666666667 0.25375 0.008333333333333333 0.0225
66 0.21640625 0.25583333333333336 0.0078125 0.021666666666666667
65 0.22213541666666667 0.25708333333333333 0.0078125 0.0225
64 0.25104166666666666 0.2654166666666667 0.011458333333333333 0.0275
63 0.2859375 0.27791666666666665 0.014583333333333334 0.030833333333333334
62 0.315625 0.2916666666666667 0.016666666666666666 0.04
61 0.3854166666666667 0.32166666666666666 0.021875 0.04666666666666667
60 0.50546875 0.37166666666666665 0.03177083333333333 0.06666666666666667
58 0.8723958333333334 0.5525 0.059375 0.12166666666666667
42 0.5877604166666667 0.595 0.06822916666666666 0.15166666666666667
38 0.14739583333333334 0.28 0.0125 0.03
30 0.0375 0.2520833333333333 0.00625 0.015833333333333335
1 0.059375 0.30083333333333334 0.013541666666666667 0.03166666666666667
2 0.07604166666666666 0.3204166666666667 0.01875 0.04416666666666667
3 0.012760416666666666 0.38 0.022395833333333334 0.07333333333333333
