75 0.64765625 0.5716666666666667 0.06302083333333333 0.14333333333333334
74 0.45703125 0.435 0.0453125 0.09833333333333333
73 0.4856770833333333 0.36125 0.0328125 0.0675
72 0.5739583333333333 0.34541666666666665 0.026041666666666668 0.05583333333333333
71 0.69296875 0.3416666666666667 0.025520833333333333 0.051666666666666666
70 0.8317708333333333 0.35375 0.021875 0.050833333333333335
69 0.9776041666666667 0.37875 0.021875 0.049166666666666664
31 0.5729166666666666 0.3025 0.01875 0.04
32 0.37838541666666664 0.29833333333333334 0.0171875 0.045
33 0.20234375 0.31333333333333335 0.022395833333333334 0.055
30 0.790625 0.32708333333333334 0.014583333333333334 0.035833333333333335
29 0.96015625 0.35625 0.0140625 0.0375
