42 0.9283854166666666 0.6066666666666667 0.06614583333333333 0.145
43 0.53359375 0.37958333333333333 0.033854166666666664 0.0675
58 0.5958333333333333 0.6616666666666666 0.08020833333333334 0.18
44 0.41354166666666664 0.3179166666666667 0.022916666666666665 0.0475
57 0.3419270833333333 0.46541666666666665 0.05677083333333333 0.11083333333333334
45 0.36380208333333336 0.3020833333333333 0.0203125 0.04583333333333333
46 0.2877604166666667 0.28833333333333333 0.019270833333333334 0.043333333333333335
47 0.19401041666666666 0.28291666666666665 0.019270833333333334 0.03916666666666667
56 0.13046875 0.40125 0.0390625 0.0825
5 0.7815104166666667 0.39875 0.024479166666666666 0.05416666666666667
6 0.6200520833333333 0.32 0.0140625 0.03833333333333333
7 0.5231770833333333 0.3075 0.0140625 0.035
8 0.39505208333333336 0.2841666666666667 0.0140625 0.035
9 0.2565104166666667 0.27166666666666667 0.011979166666666667 0.03166666666666667
10 0.10651041666666666 0.27416666666666667 0.0109375 0.03
48 0.09166666666666666 0.2891666666666667 0.015625 0.03833333333333333
