78 0.5533854166666666 0.5770833333333333 0.08177083333333333 0.1625
77 0.37005208333333334 0.4325 0.050520833333333334 0.10333333333333333
76 0.2520833333333333 0.3595833333333333 0.035416666666666666 0.0725
75 0.16510416666666666 0.33166666666666667 0.030208333333333334 0.058333333333333334
74 0.11145833333333334 0.3120833333333333 0.021875 0.0525
73 0.14505208333333333 0.29125 0.021354166666666667 0.0425
72 0.21223958333333334 0.2841666666666667 0.0203125 0.04
71 0.2989583333333333 0.27791666666666665 0.017708333333333333 0.0375
70 0.39869791666666665 0.28 0.0140625 0.03
69 0.5010416666666667 0.28458333333333335 0.016666666666666666 0.035833333333333335
68 0.6018229166666667 0.2975 0.0171875 0.03666666666666667
67 0.6916666666666667 0.31375 0.01875 0.04083333333333333
66 0.7705729166666667 0.3329166666666667 0.021354166666666667 0.04083333333333333
65 0.8091145833333333 0.35 0.0203125 0.04666666666666667
31 0.23463541666666668 0.26375 0.013020833333333334 0.030833333333333334
32 0.09270833333333334 0.26958333333333334 0.011458333333333333 0.034166666666666665
29 0.5216145833333333 0.2775 0.0109375 0.03
28 0.6768229166666667 0.2970833333333333 0.011979166666666667 0.029166666666666667
27 0.8052083333333333 0.3225 0.013541666666666667 0.03333333333333333
26 0.9486979166666667 0.3616666666666667 0.018229166666666668 0.03833333333333333
