39 0.43515625 0.49833333333333335 0.049479166666666664 0.11666666666666667
30 0.071875 0.2520833333333333 0.009375 0.0225
29 0.17630208333333333 0.24916666666666668 0.009895833333333333 0.028333333333333332
27 0.3971354166666667 0.2633333333333333 0.013020833333333334 0.028333333333333332
38 0.19479166666666667 0.39791666666666664 0.03229166666666667 0.0825
26 0.49453125 0.27875 0.0140625 0.0325
25 0.5317708333333333 0.2891666666666667 0.013541666666666667 0.03666666666666667
24 0.6234375 0.32375 0.019791666666666666 0.04416666666666667
23 0.82421875 0.3883333333333333 0.0265625 0.06
68 0.23151041666666666 0.25833333333333336 0.015104166666666667 0.03333333333333333
69 0.15286458333333333 0.25666666666666665 0.0140625 0.03166666666666667
70 0.06770833333333333 0.25625 0.013541666666666667 0.035833333333333335
77 0.0171875 0.33208333333333334 0.027083333333333334 0.059166666666666666
78 0.08359375 0.35875 0.030729166666666665 0.06916666666666667
67 0.2994791666666667 0.26458333333333334 0.013541666666666667 0.030833333333333334
66 0.3502604166666667 0.27125 0.015104166666666667 0.0325
65 0.3640625 0.27708333333333335 0.015625 0.035833333333333335
64 0.43984375 0.30291666666666667 0.021354166666666667 0.0475
63 0.578125 0.3725 0.03229166666666667 0.06666666666666667
62 0.9002604166666667 0.5558333333333333 0.059895833333333336 0.12
28 0.30182291666666666 0.2554166666666667 0.008854166666666666 0.0225
