39 0.2942708333333333 0.385 0.034375 0.07666666666666666
29 0.1171875 0.24041666666666667 0.009375 0.025833333333333333
27 0.3203125 0.25 0.010416666666666666 0.02666666666666667
38 0.13880208333333333 0.34 0.0265625 0.065
26 0.40390625 0.26125 0.011979166666666667 0.0275
25 0.4328125 0.2704166666666667 0.0125 0.029166666666666667
24 0.5010416666666667 0.28958333333333336 0.014583333333333334 0.03916666666666667
23 0.64375 0.33458333333333334 0.021875 0.04583333333333333
22 0.9002604166666667 0.43125 0.0328125 0.0675
68 0.16848958333333333 0.24791666666666667 0.0140625 0.030833333333333334
69 0.09609375 0.24791666666666667 0.013020833333333334 0.029166666666666667
70 0.01875 0.25125 0.011458333333333333 0.025833333333333333
78 0.0515625 0.32166666666666666 0.023958333333333335 0.056666666666666664
67 0.228125 0.25083333333333335 0.0125 0.02666666666666667
66 0.27317708333333335 0.25625 0.013020833333333334 0.035833333333333335
65 0.28489583333333335 0.25916666666666666 0.013541666666666667 0.03333333333333333
64 0.3424479166666667 0.27875 0.0171875 0.03916666666666667
63 0.43645833333333334 0.32208333333333333 0.025 0.0575
62 0.5958333333333333 0.41333333333333333 0.036458333333333336 0.075
28 0.2328125 0.24208333333333334 0.008333333333333333 0.025833333333333333
