21 0.70234375 0.3745833333333333 0.0234375 0.0525
22 0.52421875 0.31875 0.016145833333333335 0.04083333333333333
39 0.215625 0.30333333333333334 0.01875 0.041666666666666664
29 0.09921875 0.24708333333333332 0.0067708333333333336 0.024166666666666666
27 0.25807291666666665 0.2529166666666667 0.0078125 0.0225
40 0.315625 0.35791666666666666 0.028125 0.0675
38 0.13880208333333333 0.29 0.015104166666666667 0.03833333333333333
26 0.31927083333333334 0.25958333333333333 0.009375 0.0225
25 0.33697916666666666 0.26166666666666666 0.011458333333333333 0.028333333333333332
24 0.37265625 0.27458333333333335 0.009895833333333333 0.024166666666666666
23 0.440625 0.2916666666666667 0.0125 0.03166666666666667
41 0.47942708333333334 0.5195833333333333 0.0546875 0.1275
68 0.14088541666666668 0.2520833333333333 0.013020833333333334 0.024166666666666666
69 0.08411458333333334 0.2504166666666667 0.009895833333333333 0.020833333333333332
78 0.08177083333333333 0.28541666666666665 0.016666666666666666 0.034166666666666665
70 0.0265625 0.25416666666666665 0.008333333333333333 0.025
77 0.037760416666666664 0.2825 0.016145833333333335 0.035
67 0.18828125 0.25458333333333333 0.0109375 0.025833333333333333
66 0.22135416666666666 0.25666666666666665 0.009375 0.023333333333333334
65 0.22838541666666667 0.25833333333333336 0.009895833333333333 0.025
64 0.2638020833333333 0.2675 0.013020833333333334 0.03
63 0.3078125 0.28708333333333336 0.014583333333333334 0.030833333333333334
62 0.353125 0.3095833333333333 0.017708333333333333 0.04083333333333333
61 0.4708333333333333 0.36083333333333334 0.028125 0.055
60 0.7567708333333333 0.5029166666666667 0.052083333333333336 0.10583333333333333
28 0.19140625 0.2475 0.0067708333333333336 0.02
30 0.022395833333333334 0.24916666666666668 0.007291666666666667 0.016666666666666666
1 0.02109375 0.31958333333333333 0.0171875 0.03916666666666667
2 0.026822916666666665 0.36291666666666667 0.0265625 0.0625
