65 0.9049479166666666 0.73375 0.08177083333333333 0.18916666666666668
64 0.6177083333333333 0.39666666666666667 0.03229166666666667 0.07833333333333334
63 0.56796875 0.34041666666666665 0.0203125 0.04583333333333333
62 0.56796875 0.31583333333333335 0.015104166666666667 0.03833333333333333
38 0.7869791666666667 0.35083333333333333 0.01875 0.041666666666666664
61 0.5596354166666667 0.2941666666666667 0.013020833333333334 0.03166666666666667
78 0.9026041666666667 0.37958333333333333 0.022916666666666665 0.0475
39 0.6838541666666667 0.3275 0.020833333333333332 0.043333333333333335
40 0.6247395833333333 0.2995833333333333 0.016145833333333335 0.0325
41 0.6158854166666666 0.2866666666666667 0.011979166666666667 0.03
56 0.51640625 0.2708333333333333 0.013020833333333334 0.028333333333333332
57 0.5481770833333334 0.2733333333333333 0.011979166666666667 0.02666666666666667
20 0.46875 0.28125 0.009375 0.0275
24 0.2830729166666667 0.3904166666666667 0.0296875 0.06916666666666667
23 0.3611979166666667 0.33125 0.021354166666666667 0.04583333333333333
21 0.44583333333333336 0.28625 0.0125 0.0375
22 0.4231770833333333 0.305 0.0140625 0.03666666666666667
0 0.91171875 0.36041666666666666 0.011979166666666667 0.0375
1 0.8161458333333333 0.33666666666666667 0.016666666666666666 0.03333333333333333
2 0.7411458333333333 0.3120833333333333 0.011458333333333333 0.029166666666666667
3 0.7104166666666667 0.295 0.011458333333333333 0.02666666666666667
4 0.6890625 0.2875 0.009375 0.025
5 0.6734375 0.28125 0.008333333333333333 0.019166666666666665
