64 0.5458333333333333 0.4625 0.04479166666666667 0.10333333333333333
63 0.41458333333333336 0.35041666666666665 0.025 0.060833333333333336
62 0.39427083333333335 0.3075 0.016666666666666666 0.04
38 0.6682291666666667 0.3525 0.021875 0.04833333333333333
61 0.37447916666666664 0.2841666666666667 0.014583333333333334 0.03333333333333333
78 0.815625 0.38708333333333333 0.027083333333333334 0.059166666666666666
39 0.5348958333333333 0.32125 0.020833333333333332 0.049166666666666664
40 0.44895833333333335 0.2875 0.014583333333333334 0.035
41 0.4315104166666667 0.27125 0.011979166666666667 0.030833333333333334
42 0.41770833333333335 0.26166666666666666 0.011458333333333333 0.02666666666666667
0 0.7888020833333333 0.35833333333333334 0.016145833333333335 0.04
56 0.31614583333333335 0.2529166666666667 0.010416666666666666 0.024166666666666666
57 0.3515625 0.2575 0.010416666666666666 0.02666666666666667
20 0.26536458333333335 0.26666666666666666 0.0078125 0.02666666666666667
24 0.0265625 0.47125 0.04479166666666667 0.10083333333333333
23 0.146875 0.3458333333333333 0.027083333333333334 0.05333333333333334
21 0.24322916666666666 0.2775 0.010416666666666666 0.03333333333333333
22 0.21979166666666666 0.3020833333333333 0.014583333333333334 0.0375
1 0.67734375 0.3279166666666667 0.0140625 0.0375
2 0.5786458333333333 0.29791666666666666 0.011458333333333333 0.029166666666666667
3 0.5338541666666666 0.27875 0.010416666666666666 0.0275
4 0.5046875 0.26708333333333334 0.009375 0.024166666666666666
5 0.48333333333333334 0.25958333333333333 0.007291666666666667 0.024166666666666666
43 0.41015625 0.25708333333333333 0.008854166666666666 0.025833333333333333
44 0.40286458333333336 0.25125 0.009895833333333333 0.025833333333333333
