20 0.6846354166666667 0.3645833333333333 0.022395833333333334 0.050833333333333335
21 0.5338541666666666 0.3179166666666667 0.014583333333333334 0.034166666666666665
22 0.44036458333333334 0.29125 0.0109375 0.0325
39 0.21510416666666668 0.2841666666666667 0.014583333333333334 0.03333333333333333
40 0.27369791666666665 0.3045833333333333 0.0171875 0.04416666666666667
26 0.3072916666666667 0.255 0.008333333333333333 0.02
23 0.39114583333333336 0.27541666666666664 0.010416666666666666 0.029166666666666667
25 0.31927083333333334 0.26 0.008333333333333333 0.025
24 0.3450520833333333 0.265 0.009895833333333333 0.025
3 0.04791666666666667 0.35208333333333336 0.026041666666666668 0.05583333333333333
41 0.31979166666666664 0.34625 0.028125 0.060833333333333336
68 0.15520833333333334 0.24833333333333332 0.009375 0.023333333333333334
69 0.10703125 0.25083333333333335 0.008854166666666666 0.02
78 0.11328125 0.27375 0.011979166666666667 0.0325
70 0.05703125 0.2504166666666667 0.0078125 0.024166666666666666
77 0.07786458333333333 0.2708333333333333 0.0109375 0.03
67 0.19505208333333332 0.25125 0.008854166666666666 0.0225
66 0.2234375 0.25583333333333336 0.007291666666666667 0.023333333333333334
65 0.22942708333333334 0.25625 0.0067708333333333336 0.0225
29 0.11822916666666666 0.24666666666666667 0.008333333333333333 0.02
64 0.2565104166666667 0.26375 0.0109375 0.020833333333333332
63 0.28802083333333334 0.2725 0.013541666666666667 0.03
62 0.31354166666666666 0.28541666666666665 0.014583333333333334 0.034166666666666665
61 0.37265625 0.31083333333333335 0.019270833333333334 0.041666666666666664
60 0.46510416666666665 0.34791666666666665 0.026041666666666668 0.060833333333333336
58 0.7098958333333333 0.46125 0.04375 0.0975
42 0.46979166666666666 0.47583333333333333 0.05416666666666667 0.11666666666666667
38 0.1578125 0.275 0.011458333333333333 0.03
30 0.05182291666666667 0.25 0.0067708333333333336 0.02
1 0.07838541666666667 0.29291666666666666 0.0140625 0.034166666666666665
2 0.09583333333333334 0.30833333333333335 0.015625 0.03833333333333333
