75 0.7661458333333333 0.6695833333333333 0.07708333333333334 0.1825
74 0.5 0.4795833333333333 0.05 0.11583333333333333
73 0.5143229166666666 0.3854166666666667 0.03697916666666667 0.0725
72 0.60390625 0.36333333333333334 0.0265625 0.06
71 0.7263020833333333 0.3591666666666667 0.027604166666666666 0.056666666666666664
70 0.8703125 0.36833333333333335 0.021875 0.051666666666666666
31 0.5911458333333334 0.3145833333333333 0.014583333333333334 0.03916666666666667
32 0.38671875 0.3125 0.0203125 0.045
33 0.19739583333333333 0.3308333333333333 0.026041666666666668 0.06
30 0.8184895833333333 0.34 0.015104166666666667 0.04
29 0.9924479166666667 0.3695833333333333 0.013020833333333334 0.04083333333333333
