20 0.68125 0.3625 0.020833333333333332 0.04833333333333333
21 0.5317708333333333 0.31666666666666665 0.014583333333333334 0.03833333333333333
22 0.4401041666666667 0.29291666666666666 0.011458333333333333 0.030833333333333334
39 0.21640625 0.28291666666666665 0.015104166666666667 0.0375
40 0.2747395833333333 0.3045833333333333 0.016145833333333335 0.04416666666666667
26 0.3078125 0.25666666666666665 0.007291666666666667 0.021666666666666667
23 0.39088541666666665 0.2775 0.011979166666666667 0.025
25 0.3203125 0.26 0.007291666666666667 0.023333333333333334
24 0.34453125 0.26708333333333334 0.008854166666666666 0.0225
3 0.05026041666666667 0.35208333333333336 0.025520833333333333 0.05583333333333333
41 0.31953125 0.3441666666666667 0.0265625 0.06166666666666667
68 0.15651041666666668 0.25125 0.008854166666666666 0.0225
69 0.1078125 0.2504166666666667 0.007291666666666667 0.020833333333333332
78 0.11484375 0.2733333333333333 0.0140625 0.03166666666666667
70 0.058333333333333334 0.2520833333333333 0.008333333333333333 0.020833333333333332
77 0.0796875 0.2708333333333333 0.011458333333333333 0.028333333333333332
67 0.19583333333333333 0.2529166666666667 0.009375 0.0225
66 0.22421875 0.2554166666666667 0.0067708333333333336 0.0225
65 0.23020833333333332 0.25458333333333333 0.008333333333333333 0.020833333333333332
29 0.11979166666666667 0.24791666666666667 0.007291666666666667 0.0225
64 0.2565104166666667 0.26208333333333333 0.0109375 0.024166666666666666
63 0.28802083333333334 0.27208333333333334 0.011458333333333333 0.030833333333333334
62 0.3140625 0.285 0.014583333333333334 0.035
61 0.3729166666666667 0.30791666666666667 0.017708333333333333 0.04083333333333333
60 0.4622395833333333 0.3475 0.0265625 0.056666666666666664
58 0.7010416666666667 0.45916666666666667 0.04479166666666667 0.09833333333333333
42 0.46380208333333334 0.46958333333333335 0.050520833333333334 0.11083333333333334
38 0.15963541666666667 0.2758333333333333 0.013020833333333334 0.03
30 0.053385416666666664 0.24833333333333332 0.005729166666666666 0.016666666666666666
1 0.0796875 0.29083333333333333 0.0125 0.03
2 0.09765625 0.30625 0.018229166666666668 0.04083333333333333
