43 0.6940104166666666 0.41833333333333333 0.0453125 0.08
44 0.53046875 0.3325 0.025520833333333333 0.05
57 0.5044270833333333 0.5554166666666667 0.06614583333333333 0.14416666666666667
45 0.47161458333333334 0.31125 0.0234375 0.0475
46 0.38671875 0.2945833333333333 0.021354166666666667 0.04583333333333333
47 0.28567708333333336 0.2866666666666667 0.0203125 0.043333333333333335
56 0.21770833333333334 0.44166666666666665 0.04895833333333333 0.1
5 0.9690104166666667 0.445 0.027604166666666666 0.07
6 0.7552083333333334 0.33666666666666667 0.017708333333333333 0.04666666666666667
7 0.640625 0.31833333333333336 0.016666666666666666 0.04
8 0.5002604166666667 0.29083333333333333 0.016145833333333335 0.03666666666666667
9 0.35130208333333335 0.2733333333333333 0.013020833333333334 0.03333333333333333
10 0.19270833333333334 0.2725 0.013541666666666667 0.03333333333333333
11 0.0359375 0.27666666666666667 0.009375 0.03333333333333333
48 0.17760416666666667 0.28375 0.017708333333333333 0.0375
49 0.0625 0.2891666666666667 0.011458333333333333 0.03666666666666667
