42 0.659375 0.47208333333333335 0.05416666666666667 0.1025
43 0.43984375 0.35125 0.027604166666666666 0.0575
58 0.4078125 0.4845833333333333 0.052083333333333336 0.1125
44 0.3536458333333333 0.30833333333333335 0.01875 0.043333333333333335
57 0.2708333333333333 0.3975 0.041666666666666664 0.08333333333333333
45 0.31276041666666665 0.29583333333333334 0.018229166666666668 0.04
46 0.24479166666666666 0.28541666666666665 0.017708333333333333 0.04083333333333333
47 0.1609375 0.2816666666666667 0.016666666666666666 0.03333333333333333
56 0.1140625 0.3641666666666667 0.034375 0.06833333333333333
4 0.9744791666666667 0.4820833333333333 0.03333333333333333 0.0725
5 0.6546875 0.36666666666666664 0.020833333333333332 0.05
6 0.53828125 0.30916666666666665 0.011979166666666667 0.03833333333333333
7 0.45677083333333335 0.30041666666666667 0.011458333333333333 0.030833333333333334
8 0.34453125 0.28125 0.0109375 0.0275
9 0.21744791666666666 0.2704166666666667 0.0109375 0.029166666666666667
10 0.07994791666666666 0.27375 0.0109375 0.0275
48 0.06770833333333333 0.2833333333333333 0.015625 0.03833333333333333
