78 0.91796875 0.8541666666666666 0.13489583333333333 0.265
77 0.54609375 0.5283333333333333 0.06927083333333334 0.13833333333333334
76 0.36744791666666665 0.40458333333333335 0.044270833333333336 0.0875
75 0.25703125 0.3595833333333333 0.034895833333333334 0.06916666666666667
74 0.196875 0.33458333333333334 0.026041666666666668 0.0575
73 0.23463541666666668 0.30541666666666667 0.021354166666666667 0.04416666666666667
72 0.30546875 0.29875 0.019270833333333334 0.04083333333333333
71 0.3997395833333333 0.29375 0.0203125 0.03916666666666667
70 0.5067708333333333 0.2970833333333333 0.015625 0.035833333333333335
69 0.6169270833333333 0.30625 0.016145833333333335 0.0375
68 0.7286458333333333 0.3225 0.01875 0.04
67 0.8302083333333333 0.34375 0.020833333333333332 0.0425
66 0.9234375 0.3670833333333333 0.020833333333333332 0.0475
65 0.9763020833333333 0.3879166666666667 0.022395833333333334 0.0525
31 0.32916666666666666 0.27666666666666667 0.0125 0.03166666666666667
32 0.17786458333333333 0.28 0.013020833333333334 0.035
33 0.05078125 0.29333333333333333 0.016145833333333335 0.03833333333333333
30 0.5020833333333333 0.28541666666666665 0.0125 0.030833333333333334
28 0.8026041666666667 0.32208333333333333 0.0125 0.0325
27 0.9453125 0.3525 0.014583333333333334 0.03833333333333333
29 0.6354166666666666 0.2945833333333333 0.0125 0.030833333333333334
