63 0.7002604166666667 0.7066666666666667 0.0859375 0.195
62 0.41744791666666664 0.38666666666666666 0.03177083333333333 0.07666666666666666
39 0.7072916666666667 0.43041666666666667 0.04479166666666667 0.08416666666666667
40 0.4510416666666667 0.3175 0.021875 0.055
61 0.33098958333333334 0.30833333333333335 0.0203125 0.05333333333333334
60 0.30755208333333334 0.28041666666666665 0.0171875 0.035833333333333335
41 0.39505208333333336 0.28375 0.0171875 0.04083333333333333
42 0.3614583333333333 0.2654166666666667 0.013541666666666667 0.035833333333333335
43 0.34348958333333335 0.25458333333333333 0.011979166666666667 0.0325
58 0.29375 0.265 0.0125 0.035
44 0.32760416666666664 0.2475 0.010416666666666666 0.02666666666666667
57 0.27109375 0.2554166666666667 0.011979166666666667 0.034166666666666665
56 0.22213541666666667 0.25 0.013020833333333334 0.03
20 0.15625 0.2775 0.0125 0.035
21 0.1171875 0.30916666666666665 0.016666666666666666 0.045
22 0.05755208333333333 0.38166666666666665 0.028645833333333332 0.07833333333333334
1 0.8734375 0.41583333333333333 0.030208333333333334 0.06
2 0.6440104166666667 0.33708333333333335 0.018229166666666668 0.0425
3 0.5364583333333334 0.2945833333333333 0.015625 0.030833333333333334
4 0.47552083333333334 0.27708333333333335 0.011458333333333333 0.0275
5 0.4354166666666667 0.26 0.008333333333333333 0.028333333333333332
6 0.4203125 0.24916666666666668 0.007291666666666667 0.023333333333333334
7 0.39348958333333334 0.24875 0.008854166666666666 0.0225
47 0.2359375 0.23583333333333334 0.009375 0.025
45 0.31197916666666664 0.2425 0.011458333333333333 0.02666666666666667
46 0.28072916666666664 0.23833333333333334 0.009375 0.023333333333333334
19 0.16588541666666667 0.2608333333333333 0.009895833333333333 0.03333333333333333
18 0.13723958333333333 0.26125 0.0078125 0.0275
17 0.04895833333333333 0.25875 0.007291666666666667 0.0225
