42 0.5575520833333333 0.41125 0.04114583333333333 0.08083333333333333
43 0.41067708333333336 0.33166666666666667 0.0234375 0.051666666666666666
60 0.7731770833333333 0.8754166666666666 0.10260416666666666 0.2425
58 0.35885416666666664 0.4125 0.03854166666666667 0.08666666666666667
44 0.3458333333333333 0.30041666666666667 0.016666666666666666 0.04083333333333333
57 0.26223958333333336 0.3620833333333333 0.034895833333333334 0.0675
45 0.3098958333333333 0.28958333333333336 0.016666666666666666 0.0375
46 0.24947916666666667 0.27958333333333335 0.016666666666666666 0.0375
47 0.17317708333333334 0.27791666666666665 0.016145833333333335 0.0375
56 0.13567708333333334 0.33791666666666664 0.025520833333333333 0.05583333333333333
4 0.8369791666666667 0.4275 0.027083333333333334 0.06333333333333334
5 0.60234375 0.3466666666666667 0.018229166666666668 0.045
6 0.5125 0.30041666666666667 0.010416666666666666 0.0375
7 0.4421875 0.2925 0.011458333333333333 0.03333333333333333
8 0.3416666666666667 0.2775 0.011458333333333333 0.02666666666666667
9 0.22421875 0.26875 0.009895833333333333 0.025833333333333333
10 0.09713541666666667 0.27125 0.0109375 0.029166666666666667
48 0.08776041666666666 0.2783333333333333 0.009895833333333333 0.03166666666666667
