4 0.11875 0.35583333333333333 0.023958333333333335 0.06333333333333334
19 0.8130208333333333 0.3825 0.022916666666666665 0.04833333333333333
18 0.9627604166666667 0.4270833333333333 0.021354166666666667 0.0525
21 0.5473958333333333 0.29375 0.011458333333333333 0.030833333333333334
20 0.6375 0.32083333333333336 0.015625 0.041666666666666664
22 0.48359375 0.27625 0.009895833333333333 0.0275
39 0.29583333333333334 0.26458333333333334 0.011458333333333333 0.030833333333333334
40 0.33932291666666664 0.27875 0.0140625 0.03916666666666667
26 0.38177083333333334 0.24708333333333332 0.005208333333333333 0.019166666666666665
23 0.44921875 0.26458333333333334 0.008854166666666666 0.0225
25 0.3927083333333333 0.24833333333333332 0.007291666666666667 0.021666666666666667
24 0.41171875 0.25666666666666665 0.008854166666666666 0.023333333333333334
69 0.20494791666666667 0.23958333333333334 0.0078125 0.020833333333333332
70 0.15989583333333332 0.24 0.007291666666666667 0.02
67 0.28177083333333336 0.24166666666666667 0.007291666666666667 0.021666666666666667
68 0.24713541666666666 0.23875 0.008854166666666666 0.0225
29 0.21354166666666666 0.2375 0.007291666666666667 0.02
64 0.33541666666666664 0.24875 0.010416666666666666 0.024166666666666666
63 0.359375 0.25875 0.011458333333333333 0.0275
62 0.3776041666666667 0.2675 0.011458333333333333 0.03
61 0.4171875 0.28583333333333333 0.013541666666666667 0.03
60 0.46796875 0.30833333333333335 0.019270833333333334 0.043333333333333335
58 0.57265625 0.35583333333333333 0.024479166666666666 0.065
41 0.36380208333333336 0.3020833333333333 0.0203125 0.04583333333333333
42 0.41848958333333336 0.35333333333333333 0.0296875 0.06666666666666667
38 0.24947916666666667 0.25833333333333336 0.011458333333333333 0.025
30 0.1546875 0.23833333333333334 0.00625 0.015
57 0.7252604166666666 0.40958333333333335 0.03802083333333333 0.0775
43 0.5989583333333334 0.5504166666666667 0.059375 0.14083333333333334
78 0.21223958333333334 0.25666666666666665 0.011979166666666667 0.028333333333333332
77 0.18046875 0.2554166666666667 0.0109375 0.029166666666666667
2 0.20208333333333334 0.2783333333333333 0.0125 0.03166666666666667
3 0.17473958333333334 0.30125 0.016145833333333335 0.0425
