39 0.23463541666666668 0.33708333333333335 0.027604166666666666 0.0625
29 0.09296875 0.24125 0.009895833333333333 0.0275
27 0.2765625 0.24875 0.010416666666666666 0.024166666666666666
40 0.45338541666666665 0.5016666666666667 0.06197916666666667 0.125
38 0.12421875 0.3125 0.019270833333333334 0.045
26 0.3497395833333333 0.255 0.0109375 0.02666666666666667
25 0.37265625 0.26416666666666666 0.0109375 0.028333333333333332
24 0.4236979166666667 0.27958333333333335 0.013020833333333334 0.030833333333333334
23 0.5244791666666667 0.30875 0.017708333333333333 0.0375
22 0.6791666666666667 0.3616666666666667 0.023958333333333335 0.05333333333333334
68 0.140625 0.25 0.011458333333333333 0.025
69 0.07447916666666667 0.24875 0.0125 0.029166666666666667
70 0.00625 0.25458333333333333 0.009375 0.024166666666666666
78 0.0515625 0.30333333333333334 0.020833333333333332 0.04833333333333333
67 0.19453125 0.25083333333333335 0.0109375 0.02666666666666667
66 0.234375 0.255 0.011458333333333333 0.02666666666666667
65 0.24296875 0.25958333333333333 0.011979166666666667 0.029166666666666667
64 0.2890625 0.2708333333333333 0.016666666666666666 0.03666666666666667
63 0.35390625 0.3020833333333333 0.019270833333333334 0.04583333333333333
62 0.4393229166666667 0.3466666666666667 0.025520833333333333 0.05333333333333334
61 0.7364583333333333 0.4895833333333333 0.05 0.10916666666666666
28 0.19817708333333334 0.24416666666666667 0.008854166666666666 0.023333333333333334
