62 0.7671875 0.7316666666666667 0.08541666666666667 0.20833333333333334
40 0.5671875 0.38916666666666666 0.036458333333333336 0.07666666666666666
61 0.3770833333333333 0.38416666666666666 0.03333333333333333 0.08166666666666667
60 0.3106770833333333 0.31 0.022395833333333334 0.056666666666666664
41 0.4309895833333333 0.31625 0.022395833333333334 0.05416666666666667
42 0.36744791666666665 0.28541666666666665 0.0171875 0.04083333333333333
43 0.3359375 0.26708333333333334 0.014583333333333334 0.035833333333333335
58 0.28203125 0.285 0.0171875 0.04
44 0.3125 0.25916666666666666 0.0125 0.03
57 0.25052083333333336 0.2758333333333333 0.014583333333333334 0.03666666666666667
45 0.29348958333333336 0.25458333333333333 0.0140625 0.0275
46 0.25546875 0.2504166666666667 0.0109375 0.0275
56 0.18958333333333333 0.27 0.016666666666666666 0.03333333333333333
20 0.09557291666666666 0.31666666666666665 0.016145833333333335 0.04833333333333333
21 0.01640625 0.3904166666666667 0.0296875 0.07416666666666667
2 0.83984375 0.41 0.025520833333333333 0.06
3 0.6174479166666667 0.32625 0.016145833333333335 0.04083333333333333
4 0.5106770833333333 0.295 0.0140625 0.03
5 0.44635416666666666 0.275 0.011458333333333333 0.03
6 0.4205729166666667 0.25958333333333333 0.0078125 0.024166666666666666
8 0.31979166666666664 0.2475 0.009375 0.02666666666666667
9 0.23984375 0.24375 0.0078125 0.0225
7 0.38515625 0.2575 0.008854166666666666 0.025
10 0.15 0.24458333333333335 0.007291666666666667 0.024166666666666666
47 0.20416666666666666 0.2475 0.0125 0.03333333333333333
19 0.11432291666666666 0.28791666666666665 0.013020833333333334 0.035833333333333335
18 0.08046875 0.28625 0.0109375 0.0325
11 0.06145833333333333 0.24958333333333332 0.007291666666666667 0.0225
48 0.1453125 0.2504166666666667 0.009375 0.0275
55 0.06640625 0.27125 0.0078125 0.0275
