64 0.6669270833333333 0.61375 0.0671875 0.1625
63 0.39010416666666664 0.385 0.03125 0.07666666666666666
62 0.35078125 0.32166666666666666 0.019270833333333334 0.04833333333333333
38 0.6830729166666667 0.38083333333333336 0.027604166666666666 0.06
61 0.32005208333333335 0.29041666666666666 0.015104166666666667 0.0375
78 0.8671875 0.42541666666666667 0.030208333333333334 0.0675
39 0.5153645833333333 0.3408333333333333 0.024479166666666666 0.055
40 0.40390625 0.2945833333333333 0.015104166666666667 0.0375
60 0.31328125 0.27458333333333335 0.0109375 0.030833333333333334
41 0.37890625 0.27666666666666667 0.0140625 0.03333333333333333
42 0.3619791666666667 0.26416666666666666 0.0125 0.03166666666666667
0 0.79921875 0.38 0.018229166666666668 0.043333333333333335
43 0.3515625 0.2608333333333333 0.010416666666666666 0.02666666666666667
44 0.34322916666666664 0.25375 0.009375 0.0225
56 0.2513020833333333 0.25625 0.011979166666666667 0.0275
57 0.28984375 0.26 0.0109375 0.025
20 0.19869791666666667 0.27291666666666664 0.008854166666666666 0.0275
23 0.05234375 0.38416666666666666 0.0328125 0.07166666666666667
21 0.17395833333333333 0.2875 0.0125 0.035
22 0.14609375 0.31875 0.0171875 0.04416666666666667
1 0.66796875 0.3433333333333333 0.0171875 0.041666666666666664
2 0.5458333333333333 0.30833333333333335 0.013541666666666667 0.03
3 0.4901041666666667 0.28291666666666665 0.011458333333333333 0.029166666666666667
4 0.4549479166666667 0.2725 0.008854166666666666 0.025
5 0.42890625 0.26375 0.0078125 0.020833333333333332
7 0.4005208333333333 0.25333333333333335 0.007291666666666667 0.021666666666666667
6 0.42265625 0.2525 0.0067708333333333336 0.025
47 0.26484375 0.245 0.008854166666666666 0.021666666666666667
45 0.33125 0.25 0.010416666666666666 0.025
19 0.20598958333333334 0.2629166666666667 0.008854166666666666 0.025833333333333333
58 0.3067708333333333 0.26375 0.010416666666666666 0.029166666666666667
