4 0.0875 0.37083333333333335 0.028125 0.07
19 0.8317708333333333 0.3908333333333333 0.022916666666666665 0.05333333333333334
21 0.53828125 0.2945833333333333 0.009895833333333333 0.030833333333333334
20 0.6372395833333333 0.32708333333333334 0.015104166666666667 0.03916666666666667
22 0.4700520833333333 0.27625 0.009895833333333333 0.025833333333333333
39 0.27786458333333336 0.2654166666666667 0.013020833333333334 0.0325
40 0.321875 0.28291666666666665 0.016666666666666666 0.03916666666666667
26 0.36328125 0.245 0.0078125 0.021666666666666667
23 0.4328125 0.2654166666666667 0.009375 0.020833333333333332
25 0.3734375 0.24875 0.008333333333333333 0.020833333333333332
24 0.39479166666666665 0.25375 0.008333333333333333 0.0225
69 0.18151041666666667 0.23916666666666667 0.008854166666666666 0.025
70 0.13567708333333334 0.23958333333333334 0.009895833333333333 0.024166666666666666
67 0.26145833333333335 0.24125 0.007291666666666667 0.0225
68 0.22552083333333334 0.24 0.008333333333333333 0.02
29 0.19088541666666667 0.2375 0.0067708333333333336 0.021666666666666667
64 0.3151041666666667 0.24875 0.010416666666666666 0.029166666666666667
63 0.34140625 0.26125 0.0109375 0.025833333333333333
62 0.3609375 0.2683333333333333 0.0125 0.03333333333333333
61 0.40286458333333336 0.28708333333333336 0.016145833333333335 0.034166666666666665
60 0.46015625 0.31 0.0203125 0.04666666666666667
58 0.5807291666666666 0.365 0.029166666666666667 0.06833333333333333
41 0.3494791666666667 0.30541666666666667 0.020833333333333332 0.05583333333333333
42 0.4158854166666667 0.365 0.033854166666666664 0.07333333333333333
38 0.22916666666666666 0.26125 0.009375 0.025833333333333333
30 0.13046875 0.23833333333333334 0.0067708333333333336 0.018333333333333333
57 0.7557291666666667 0.42833333333333334 0.041666666666666664 0.08333333333333333
43 0.6661458333333333 0.6254166666666666 0.075 0.1675
78 0.18958333333333333 0.25833333333333336 0.0125 0.028333333333333332
77 0.15703125 0.25416666666666665 0.011979166666666667 0.028333333333333332
2 0.17864583333333334 0.2825 0.014583333333333334 0.03666666666666667
3 0.1484375 0.30541666666666667 0.017708333333333333 0.04416666666666667
