65 0.95390625 0.7991666666666667 0.08489583333333334 0.21833333333333332
64 0.590625 0.40208333333333335 0.03333333333333333 0.0775
63 0.5341145833333333 0.33958333333333335 0.0203125 0.049166666666666664
62 0.5307291666666667 0.31125 0.016666666666666666 0.04083333333333333
38 0.7552083333333334 0.3491666666666667 0.022916666666666665 0.043333333333333335
61 0.5203125 0.2916666666666667 0.014583333333333334 0.03166666666666667
78 0.8736979166666666 0.37666666666666665 0.025520833333333333 0.051666666666666666
39 0.64921875 0.32375 0.0203125 0.04416666666666667
40 0.5864583333333333 0.29791666666666666 0.015625 0.035833333333333335
41 0.5765625 0.285 0.011458333333333333 0.03333333333333333
56 0.4747395833333333 0.2675 0.0109375 0.025
57 0.50703125 0.27125 0.011979166666666667 0.029166666666666667
20 0.4265625 0.27791666666666665 0.009375 0.030833333333333334
24 0.23854166666666668 0.39708333333333334 0.03229166666666667 0.07083333333333333
23 0.3190104166666667 0.3308333333333333 0.021354166666666667 0.05
21 0.40338541666666666 0.28625 0.011979166666666667 0.030833333333333334
22 0.3809895833333333 0.30583333333333335 0.013020833333333334 0.03333333333333333
0 0.8765625 0.3570833333333333 0.015625 0.03916666666666667
1 0.7825520833333334 0.33416666666666667 0.015104166666666667 0.03333333333333333
2 0.7033854166666667 0.30833333333333335 0.011979166666666667 0.028333333333333332
3 0.67109375 0.2920833333333333 0.0109375 0.024166666666666666
4 0.6479166666666667 0.28541666666666665 0.009375 0.0225
5 0.6322916666666667 0.2775 0.009375 0.02
