41 0.77890625 0.5233333333333333 0.0546875 0.12333333333333334
42 0.47630208333333335 0.36291666666666667 0.028645833333333332 0.06916666666666667
43 0.3802083333333333 0.31083333333333335 0.019791666666666666 0.04666666666666667
60 0.4786458333333333 0.5445833333333333 0.07083333333333333 0.14416666666666667
58 0.31796875 0.3620833333333333 0.030729166666666665 0.07083333333333333
44 0.3294270833333333 0.29 0.015104166666666667 0.03166666666666667
57 0.24817708333333333 0.33 0.0296875 0.06
45 0.29791666666666666 0.2808333333333333 0.015625 0.035
46 0.24401041666666667 0.27291666666666664 0.0171875 0.034166666666666665
47 0.175 0.2708333333333333 0.014583333333333334 0.03
56 0.14375 0.3145833333333333 0.025 0.0475
4 0.7151041666666667 0.3804166666666667 0.022916666666666665 0.0525
5 0.546875 0.325 0.015625 0.04
6 0.47890625 0.28791666666666665 0.0109375 0.034166666666666665
7 0.4205729166666667 0.285 0.009895833333333333 0.02666666666666667
8 0.32916666666666666 0.27125 0.010416666666666666 0.029166666666666667
9 0.22239583333333332 0.26 0.010416666666666666 0.03
10 0.10442708333333334 0.26458333333333334 0.0109375 0.025833333333333333
48 0.09609375 0.26958333333333334 0.009895833333333333 0.034166666666666665
49 0.015104166666666667 0.2725 0.009375 0.025
