77 0.8736979166666666 0.74875 0.09114583333333333 0.21916666666666668
76 0.5197916666666667 0.47833333333333333 0.053125 0.11666666666666667
75 0.359375 0.4033333333333333 0.040625 0.085
74 0.2799479166666667 0.3625 0.03177083333333333 0.065
73 0.32083333333333336 0.32708333333333334 0.025 0.0525
72 0.39895833333333336 0.31666666666666665 0.022916666666666665 0.04833333333333333
71 0.5010416666666667 0.30875 0.019791666666666666 0.0425
70 0.6190104166666667 0.3129166666666667 0.0171875 0.0375
69 0.7401041666666667 0.325 0.017708333333333333 0.04
68 0.8638020833333333 0.3441666666666667 0.019270833333333334 0.043333333333333335
67 0.9833333333333333 0.37 0.020833333333333332 0.04666666666666667
31 0.41848958333333336 0.28791666666666665 0.013020833333333334 0.0325
32 0.25494791666666666 0.29375 0.015104166666666667 0.0375
33 0.1140625 0.31125 0.01875 0.04416666666666667
30 0.6059895833333333 0.2975 0.013020833333333334 0.035
28 0.9354166666666667 0.3408333333333333 0.015625 0.03333333333333333
29 0.75 0.31083333333333335 0.0125 0.035
