62 0.7533854166666667 0.7054166666666667 0.07552083333333333 0.2025
40 0.5645833333333333 0.3858333333333333 0.035416666666666666 0.07833333333333334
61 0.37604166666666666 0.37916666666666665 0.034375 0.08166666666666667
60 0.31223958333333335 0.3104166666666667 0.022395833333333334 0.05416666666666667
41 0.43046875 0.3129166666666667 0.024479166666666666 0.05583333333333333
42 0.3692708333333333 0.28375 0.017708333333333333 0.0425
43 0.3375 0.26666666666666666 0.013541666666666667 0.03333333333333333
58 0.2825520833333333 0.2825 0.015104166666666667 0.04
44 0.3140625 0.25708333333333333 0.011458333333333333 0.029166666666666667
57 0.2513020833333333 0.27458333333333335 0.015104166666666667 0.035833333333333335
45 0.29401041666666666 0.25416666666666665 0.013020833333333334 0.028333333333333332
46 0.25755208333333335 0.25125 0.011979166666666667 0.0275
56 0.19010416666666666 0.26958333333333334 0.015625 0.0325
20 0.09947916666666666 0.31375 0.016666666666666666 0.0475
21 0.020052083333333335 0.38625 0.0296875 0.07083333333333333
2 0.8359375 0.40541666666666665 0.027083333333333334 0.059166666666666666
3 0.6158854166666666 0.3229166666666667 0.016145833333333335 0.04083333333333333
4 0.5111979166666667 0.2925 0.013020833333333334 0.03333333333333333
5 0.4471354166666667 0.27416666666666667 0.0109375 0.02666666666666667
6 0.421875 0.2575 0.007291666666666667 0.02666666666666667
8 0.321875 0.24416666666666667 0.008333333333333333 0.02666666666666667
9 0.24114583333333334 0.24208333333333334 0.008333333333333333 0.0225
7 0.38645833333333335 0.25625 0.008333333333333333 0.024166666666666666
10 0.15234375 0.24583333333333332 0.0078125 0.021666666666666667
47 0.20572916666666666 0.24791666666666667 0.011458333333333333 0.029166666666666667
19 0.11640625 0.28625 0.011979166666666667 0.03916666666666667
18 0.08255208333333333 0.28541666666666665 0.009895833333333333 0.030833333333333334
11 0.06302083333333333 0.24875 0.007291666666666667 0.0225
48 0.14713541666666666 0.24666666666666667 0.0078125 0.02666666666666667
55 0.06901041666666667 0.27166666666666667 0.008854166666666666 0.028333333333333332
