58 0.89921875 0.8870833333333333 0.0953125 0.22083333333333333
43 0.6580729166666667 0.41 0.04010416666666667 0.07666666666666666
44 0.5057291666666667 0.3283333333333333 0.023958333333333335 0.04833333333333333
57 0.4635416666666667 0.5316666666666666 0.06041666666666667 0.13166666666666665
45 0.44817708333333334 0.30833333333333335 0.022395833333333334 0.04666666666666667
46 0.3653645833333333 0.2925 0.021354166666666667 0.045
47 0.26510416666666664 0.285 0.019791666666666666 0.04
56 0.19791666666666666 0.4325 0.04479166666666667 0.09666666666666666
5 0.9268229166666667 0.43125 0.027604166666666666 0.06416666666666666
6 0.7260416666666667 0.33375 0.017708333333333333 0.04416666666666667
7 0.6151041666666667 0.31625 0.015625 0.0375
8 0.47734375 0.29 0.015104166666666667 0.035
9 0.32890625 0.27291666666666664 0.011979166666666667 0.0325
10 0.17291666666666666 0.2725 0.0125 0.03333333333333333
11 0.018489583333333334 0.2783333333333333 0.0109375 0.03166666666666667
48 0.15755208333333334 0.28541666666666665 0.0171875 0.0375
49 0.04453125 0.28875 0.0109375 0.034166666666666665
