64 0.5276041666666667 0.4270833333333333 0.041666666666666664 0.0925
63 0.43359375 0.34 0.0203125 0.056666666666666664
62 0.42109375 0.30291666666666667 0.016145833333333335 0.035833333333333335
38 0.6731770833333334 0.3441666666666667 0.022395833333333334 0.04833333333333333
61 0.4044270833333333 0.28041666666666665 0.013020833333333334 0.0325
78 0.8067708333333333 0.3754166666666667 0.025 0.05416666666666667
39 0.5526041666666667 0.3179166666666667 0.020833333333333332 0.04583333333333333
40 0.47682291666666665 0.28541666666666665 0.015104166666666667 0.0375
41 0.4625 0.27125 0.013541666666666667 0.029166666666666667
42 0.44921875 0.26416666666666666 0.008854166666666666 0.028333333333333332
0 0.7932291666666667 0.3516666666666667 0.0125 0.04
56 0.35208333333333336 0.255 0.010416666666666666 0.02
57 0.38567708333333334 0.25625 0.009895833333333333 0.0275
20 0.3026041666666667 0.2675 0.009375 0.023333333333333334
24 0.09322916666666667 0.4295833333333333 0.040625 0.0875
23 0.190625 0.335 0.023958333333333335 0.051666666666666666
21 0.28046875 0.27625 0.011979166666666667 0.034166666666666665
22 0.25703125 0.2975 0.016145833333333335 0.03833333333333333
2 0.59921875 0.29625 0.0109375 0.0275
3 0.5606770833333333 0.2775 0.009895833333333333 0.02666666666666667
4 0.5346354166666667 0.2675 0.009895833333333333 0.025
77 0.9763020833333333 0.4191666666666667 0.025520833333333333 0.058333333333333334
5 0.5151041666666667 0.2604166666666667 0.008333333333333333 0.0225
43 0.44296875 0.25625 0.009895833333333333 0.0275
44 0.43723958333333335 0.2520833333333333 0.0078125 0.0225
