20 0.7104166666666667 0.37041666666666667 0.021875 0.05416666666666667
21 0.5450520833333333 0.3204166666666667 0.015104166666666667 0.0375
22 0.4440104166666667 0.29333333333333333 0.0140625 0.03
39 0.21119791666666668 0.28208333333333335 0.0171875 0.035833333333333335
29 0.11197916666666667 0.24583333333333332 0.007291666666666667 0.021666666666666667
40 0.27317708333333335 0.30791666666666667 0.019270833333333334 0.04583333333333333
26 0.3046875 0.25458333333333333 0.007291666666666667 0.020833333333333332
23 0.3927083333333333 0.2758333333333333 0.010416666666666666 0.03
25 0.3177083333333333 0.25916666666666666 0.008333333333333333 0.018333333333333333
24 0.34401041666666665 0.26625 0.008854166666666666 0.025833333333333333
3 0.03177083333333333 0.3625 0.027083333333333334 0.06166666666666667
41 0.32578125 0.3545833333333333 0.028645833333333332 0.0675
68 0.14973958333333334 0.24875 0.0109375 0.0275
69 0.1 0.24791666666666667 0.009375 0.0225
78 0.10677083333333333 0.27458333333333335 0.013541666666666667 0.030833333333333334
70 0.04895833333333333 0.25083333333333335 0.008333333333333333 0.02
77 0.06979166666666667 0.2708333333333333 0.0125 0.03
67 0.19036458333333334 0.25166666666666665 0.008854166666666666 0.021666666666666667
66 0.21953125 0.2529166666666667 0.0078125 0.0225
65 0.22604166666666667 0.25458333333333333 0.008333333333333333 0.024166666666666666
64 0.25286458333333334 0.26166666666666666 0.008854166666666666 0.025
63 0.28567708333333336 0.27208333333333334 0.013020833333333334 0.030833333333333334
62 0.31328125 0.2833333333333333 0.0140625 0.03833333333333333
61 0.37604166666666666 0.31166666666666665 0.019791666666666666 0.045
60 0.48020833333333335 0.3545833333333333 0.028125 0.06416666666666666
58 0.7708333333333334 0.49416666666666664 0.046875 0.10666666666666667
42 0.5111979166666667 0.5154166666666666 0.05677083333333333 0.1275
38 0.15208333333333332 0.275 0.010416666666666666 0.03
30 0.04453125 0.2475 0.0067708333333333336 0.018333333333333333
1 0.06875 0.29375 0.014583333333333334 0.030833333333333334
2 0.08671875 0.31125 0.018229166666666668 0.04416666666666667
