32 0.16432291666666668 0.26708333333333334 0.013020833333333334 0.030833333333333334
33 0.049479166666666664 0.27708333333333335 0.016666666666666666 0.03916666666666667
31 0.30390625 0.2629166666666667 0.011979166666666667 0.030833333333333334
29 0.5890625 0.27791666666666665 0.011458333333333333 0.030833333333333334
30 0.46484375 0.26958333333333334 0.0109375 0.0275
28 0.74375 0.3020833333333333 0.011458333333333333 0.034166666666666665
27 0.87109375 0.32916666666666666 0.0140625 0.035
78 0.6088541666666667 0.56875 0.07291666666666667 0.1525
68 0.66796875 0.30125 0.0171875 0.0375
69 0.5674479166666667 0.28791666666666665 0.016145833333333335 0.04083333333333333
70 0.465625 0.2808333333333333 0.014583333333333334 0.03333333333333333
71 0.36614583333333334 0.27708333333333335 0.016666666666666666 0.03916666666666667
72 0.2799479166666667 0.2808333333333333 0.0171875 0.04
73 0.21510416666666668 0.28958333333333336 0.020833333333333332 0.04416666666666667
74 0.18177083333333333 0.30791666666666667 0.020833333333333332 0.0525
75 0.23333333333333334 0.3279166666666667 0.030208333333333334 0.059166666666666666
76 0.3190104166666667 0.35583333333333333 0.03697916666666667 0.07166666666666667
77 0.4315104166666667 0.42916666666666664 0.043229166666666666 0.09333333333333334
67 0.7580729166666667 0.32083333333333336 0.018229166666666668 0.04
66 0.8361979166666667 0.33916666666666667 0.021354166666666667 0.043333333333333335
65 0.8747395833333333 0.355 0.021354166666666667 0.04666666666666667
