63 0.43046875 0.44083333333333335 0.0390625 0.09333333333333334
62 0.35572916666666665 0.34041666666666665 0.025 0.05583333333333333
38 0.7697916666666667 0.4216666666666667 0.034375 0.07166666666666667
61 0.3138020833333333 0.2995833333333333 0.019270833333333334 0.04083333333333333
39 0.5533854166666666 0.36375 0.0296875 0.060833333333333336
40 0.4075520833333333 0.30333333333333334 0.0171875 0.043333333333333335
60 0.30104166666666665 0.28041666666666665 0.0125 0.034166666666666665
41 0.37473958333333335 0.27958333333333335 0.015104166666666667 0.0375
42 0.3515625 0.26708333333333334 0.013541666666666667 0.029166666666666667
43 0.33958333333333335 0.26 0.010416666666666666 0.025
58 0.2916666666666667 0.2658333333333333 0.010416666666666666 0.028333333333333332
0 0.8778645833333333 0.41 0.019270833333333334 0.05333333333333334
44 0.328125 0.25708333333333333 0.0125 0.029166666666666667
57 0.27369791666666665 0.26208333333333333 0.013020833333333334 0.025833333333333333
56 0.23229166666666667 0.2579166666666667 0.0125 0.025833333333333333
20 0.17473958333333334 0.27708333333333335 0.009895833333333333 0.0275
21 0.14583333333333334 0.2970833333333333 0.0125 0.0375
22 0.11067708333333333 0.3375 0.0203125 0.051666666666666666
1 0.7153645833333333 0.3641666666666667 0.022395833333333334 0.04666666666666667
2 0.56484375 0.3175 0.015104166666666667 0.035
3 0.49453125 0.28958333333333336 0.011979166666666667 0.029166666666666667
4 0.4515625 0.27541666666666664 0.010416666666666666 0.024166666666666666
5 0.42135416666666664 0.26416666666666666 0.008333333333333333 0.023333333333333334
6 0.41302083333333334 0.2529166666666667 0.007291666666666667 0.0225
7 0.3880208333333333 0.2525 0.007291666666666667 0.023333333333333334
47 0.24557291666666667 0.245 0.008854166666666666 0.021666666666666667
45 0.3140625 0.2504166666666667 0.008333333333333333 0.025833333333333333
19 0.18203125 0.26458333333333334 0.008854166666666666 0.030833333333333334
