64 0.5294270833333333 0.4404166666666667 0.03697916666666667 0.0975
63 0.41796875 0.34041666666666665 0.021354166666666667 0.060833333333333336
62 0.40208333333333335 0.30125 0.015625 0.04416666666666667
38 0.6645833333333333 0.34458333333333335 0.021875 0.049166666666666664
61 0.3841145833333333 0.28041666666666665 0.015104166666666667 0.0325
78 0.80546875 0.37875 0.0265625 0.059166666666666666
39 0.5372395833333333 0.3154166666666667 0.019270833333333334 0.04583333333333333
40 0.45703125 0.2833333333333333 0.016145833333333335 0.03833333333333333
41 0.44114583333333335 0.2683333333333333 0.010416666666666666 0.02666666666666667
42 0.42864583333333334 0.26 0.009375 0.025
0 0.78515625 0.35083333333333333 0.0140625 0.04
56 0.32890625 0.25125 0.009895833333333333 0.0225
57 0.36354166666666665 0.25458333333333333 0.010416666666666666 0.024166666666666666
20 0.2786458333333333 0.26458333333333334 0.008333333333333333 0.025833333333333333
24 0.05390625 0.44875 0.04114583333333333 0.09916666666666667
23 0.16354166666666667 0.3383333333333333 0.023958333333333335 0.051666666666666666
21 0.2552083333333333 0.275 0.009375 0.035
22 0.23255208333333333 0.2975 0.016145833333333335 0.03833333333333333
2 0.5838541666666667 0.29375 0.010416666666666666 0.030833333333333334
3 0.5416666666666666 0.275 0.010416666666666666 0.025
4 0.5143229166666666 0.2654166666666667 0.009895833333333333 0.024166666666666666
77 0.9861979166666667 0.42333333333333334 0.0234375 0.056666666666666664
5 0.49296875 0.25875 0.0078125 0.019166666666666665
43 0.421875 0.25458333333333333 0.009375 0.025833333333333333
44 0.41458333333333336 0.25 0.008333333333333333 0.025
