61 0.5408854166666667 0.6183333333333333 0.07239583333333334 0.16833333333333333
60 0.32109375 0.3720833333333333 0.030729166666666665 0.0775
40 0.88515625 0.5904166666666667 0.06302083333333333 0.13583333333333333
41 0.4973958333333333 0.3729166666666667 0.03229166666666667 0.07083333333333333
42 0.37864583333333335 0.31416666666666665 0.021875 0.05333333333333334
43 0.3265625 0.28833333333333333 0.014583333333333334 0.035
58 0.26484375 0.31375 0.019270833333333334 0.049166666666666664
44 0.29270833333333335 0.27291666666666664 0.013541666666666667 0.0325
57 0.22213541666666667 0.29875 0.022395833333333334 0.0475
45 0.26901041666666664 0.2658333333333333 0.0140625 0.03333333333333333
46 0.22395833333333334 0.26208333333333333 0.013541666666666667 0.0275
47 0.16510416666666666 0.26 0.0125 0.028333333333333332
56 0.14427083333333332 0.28958333333333336 0.017708333333333333 0.0375
19 0.042708333333333334 0.32125 0.01875 0.0425
3 0.7442708333333333 0.385 0.022916666666666665 0.056666666666666664
4 0.5575520833333333 0.32666666666666666 0.016145833333333335 0.03833333333333333
5 0.45989583333333334 0.29583333333333334 0.0125 0.03166666666666667
6 0.41848958333333336 0.27166666666666667 0.008854166666666666 0.028333333333333332
7 0.37421875 0.27166666666666667 0.0109375 0.028333333333333332
8 0.2986979166666667 0.25958333333333333 0.008854166666666666 0.024166666666666666
9 0.20598958333333334 0.2529166666666667 0.0078125 0.024166666666666666
10 0.10364583333333334 0.25583333333333336 0.008333333333333333 0.023333333333333334
49 0.0296875 0.26125 0.009375 0.0225
11 0.0036458333333333334 0.25875 0.00625 0.025833333333333333
48 0.09791666666666667 0.2608333333333333 0.009375 0.03
