39 0.2565104166666667 0.35291666666666666 0.028645833333333332 0.06583333333333333
29 0.10625 0.24583333333333332 0.009375 0.023333333333333334
27 0.29635416666666664 0.2504166666666667 0.009375 0.0275
40 0.5536458333333333 0.5966666666666667 0.08333333333333333 0.16333333333333333
38 0.134375 0.32375 0.017708333333333333 0.05416666666666667
26 0.37161458333333336 0.26125 0.0109375 0.0275
25 0.396875 0.26625 0.0125 0.034166666666666665
24 0.45208333333333334 0.28541666666666665 0.015625 0.034166666666666665
23 0.5666666666666667 0.3179166666666667 0.016666666666666666 0.04083333333333333
22 0.7479166666666667 0.38208333333333333 0.027083333333333334 0.0575
68 0.1546875 0.25083333333333335 0.0125 0.028333333333333332
69 0.08723958333333333 0.2525 0.011979166666666667 0.028333333333333332
70 0.016666666666666666 0.25666666666666665 0.010416666666666666 0.023333333333333334
78 0.057291666666666664 0.31125 0.021875 0.049166666666666664
67 0.21067708333333332 0.25458333333333333 0.0109375 0.025833333333333333
66 0.253125 0.25708333333333333 0.0125 0.029166666666666667
65 0.26171875 0.2604166666666667 0.0109375 0.030833333333333334
64 0.3106770833333333 0.27708333333333335 0.0171875 0.035833333333333335
63 0.3841145833333333 0.31083333333333335 0.021354166666666667 0.04833333333333333
62 0.4875 0.3670833333333333 0.03125 0.0625
61 0.8848958333333333 0.5666666666666667 0.0625 0.12666666666666668
28 0.21510416666666668 0.24583333333333332 0.009375 0.021666666666666667
