38 0.5072916666666667 0.5183333333333333 0.04791666666666667 0.135
78 0.2981770833333333 0.41041666666666665 0.0484375 0.09416666666666666
77 0.19947916666666668 0.35125 0.0375 0.0775
76 0.115625 0.31166666666666665 0.028125 0.06
75 0.04296875 0.2966666666666667 0.0234375 0.04833333333333333
73 0.02265625 0.26708333333333334 0.018229166666666668 0.0375
72 0.08020833333333334 0.2579166666666667 0.016666666666666666 0.034166666666666665
71 0.15963541666666667 0.2520833333333333 0.0171875 0.035833333333333335
70 0.25 0.25 0.0125 0.03
69 0.34088541666666666 0.2525 0.013020833333333334 0.035
68 0.4309895833333333 0.2604166666666667 0.015104166666666667 0.035833333333333335
67 0.5080729166666667 0.2725 0.015104166666666667 0.03333333333333333
66 0.5716145833333334 0.28458333333333335 0.0171875 0.035833333333333335
65 0.5950520833333334 0.29541666666666666 0.0171875 0.04083333333333333
64 0.7200520833333334 0.34125 0.025520833333333333 0.05583333333333333
31 0.1015625 0.24083333333333334 0.010416666666666666 0.028333333333333332
29 0.3645833333333333 0.24583333333333332 0.010416666666666666 0.02666666666666667
28 0.5044270833333333 0.25625 0.013020833333333334 0.029166666666666667
27 0.6145833333333334 0.27666666666666667 0.0125 0.03166666666666667
26 0.7317708333333334 0.30333333333333334 0.014583333333333334 0.03333333333333333
25 0.7869791666666667 0.32083333333333336 0.016666666666666666 0.041666666666666664
24 0.9315104166666667 0.37916666666666665 0.019270833333333334 0.04666666666666667
