64 0.6213541666666667 0.5616666666666666 0.06041666666666667 0.14
63 0.39947916666666666 0.37333333333333335 0.028125 0.07
62 0.3651041666666667 0.31708333333333333 0.01875 0.04416666666666667
38 0.68046875 0.37416666666666665 0.0296875 0.058333333333333334
61 0.33671875 0.2891666666666667 0.016145833333333335 0.03833333333333333
78 0.85390625 0.4166666666666667 0.0296875 0.06666666666666667
39 0.5221354166666666 0.33541666666666664 0.024479166666666666 0.050833333333333335
40 0.41848958333333336 0.29333333333333333 0.015104166666666667 0.03833333333333333
60 0.33046875 0.2733333333333333 0.0109375 0.028333333333333332
41 0.39557291666666666 0.275 0.013020833333333334 0.03
42 0.37890625 0.265 0.013020833333333334 0.03
0 0.7981770833333334 0.3754166666666667 0.016145833333333335 0.04416666666666667
43 0.3692708333333333 0.25833333333333336 0.009375 0.028333333333333332
56 0.2708333333333333 0.25625 0.009375 0.024166666666666666
57 0.30911458333333336 0.26 0.0109375 0.025
20 0.21848958333333332 0.2733333333333333 0.009895833333333333 0.02666666666666667
23 0.08177083333333333 0.37375 0.029166666666666667 0.06583333333333333
21 0.19427083333333334 0.28458333333333335 0.013541666666666667 0.03916666666666667
22 0.16796875 0.31416666666666665 0.0171875 0.043333333333333335
1 0.6716145833333333 0.33916666666666667 0.0140625 0.03833333333333333
2 0.55625 0.30583333333333335 0.013541666666666667 0.03333333333333333
3 0.50390625 0.2833333333333333 0.011979166666666667 0.02666666666666667
4 0.4703125 0.26916666666666667 0.009375 0.028333333333333332
5 0.44505208333333335 0.26375 0.008854166666666666 0.0225
7 0.41796875 0.25416666666666665 0.0078125 0.02
44 0.36041666666666666 0.2529166666666667 0.010416666666666666 0.024166666666666666
47 0.28463541666666664 0.24458333333333335 0.009895833333333333 0.0225
45 0.34791666666666665 0.24958333333333332 0.008333333333333333 0.0225
19 0.22473958333333333 0.2625 0.008854166666666666 0.02666666666666667
6 0.4390625 0.25333333333333335 0.007291666666666667 0.021666666666666667
