39 0.28619791666666666 0.3770833333333333 0.0328125 0.0775
29 0.1140625 0.2425 0.009375 0.025
27 0.31484375 0.2504166666666667 0.009895833333333333 0.025833333333333333
40 0.8640625 0.8858333333333334 0.11666666666666667 0.22333333333333333
38 0.1390625 0.3383333333333333 0.020833333333333332 0.058333333333333334
26 0.39739583333333334 0.26 0.011458333333333333 0.028333333333333332
25 0.42578125 0.26875 0.013020833333333334 0.0325
24 0.49166666666666664 0.28958333333333336 0.016666666666666666 0.035833333333333335
23 0.6276041666666666 0.3325 0.021875 0.04666666666666667
22 0.8692708333333333 0.42 0.03229166666666667 0.06333333333333334
68 0.16588541666666667 0.24833333333333332 0.0140625 0.03
69 0.09322916666666667 0.24875 0.013541666666666667 0.029166666666666667
70 0.01796875 0.25375 0.0109375 0.025833333333333333
78 0.0515625 0.3204166666666667 0.025 0.0525
67 0.225 0.2520833333333333 0.0125 0.030833333333333334
66 0.26979166666666665 0.25625 0.013541666666666667 0.030833333333333334
65 0.2799479166666667 0.25916666666666666 0.013020833333333334 0.03333333333333333
64 0.33619791666666665 0.27958333333333335 0.016145833333333335 0.0375
63 0.42552083333333335 0.31958333333333333 0.025 0.05416666666666667
62 0.5721354166666667 0.40125 0.034895833333333334 0.07583333333333334
28 0.22890625 0.24291666666666667 0.0078125 0.024166666666666666
