65 0.83046875 0.5925 0.0609375 0.14333333333333334
64 0.70859375 0.37916666666666665 0.0296875 0.06666666666666667
63 0.6864583333333333 0.33708333333333335 0.017708333333333333 0.0425
62 0.6971354166666667 0.31333333333333335 0.016145833333333335 0.03666666666666667
38 0.89609375 0.3545833333333333 0.0203125 0.04083333333333333
39 0.8044270833333333 0.33166666666666667 0.018229166666666668 0.03833333333333333
40 0.75703125 0.3025 0.0140625 0.03333333333333333
56 0.6609375 0.275 0.011458333333333333 0.023333333333333334
24 0.42083333333333334 0.36541666666666667 0.025 0.05583333333333333
25 0.15833333333333333 0.47875 0.042708333333333334 0.1025
23 0.4973958333333333 0.3204166666666667 0.019791666666666666 0.04416666666666667
22 0.55859375 0.30333333333333334 0.015104166666666667 0.03333333333333333
1 0.93515625 0.3441666666666667 0.016145833333333335 0.035
2 0.86875 0.31958333333333333 0.0125 0.029166666666666667
3 0.8440104166666667 0.30291666666666667 0.0109375 0.0275
4 0.8263020833333333 0.29583333333333334 0.009895833333333333 0.025
5 0.81328125 0.2891666666666667 0.009895833333333333 0.021666666666666667
21 0.5841145833333333 0.2916666666666667 0.009895833333333333 0.02666666666666667
