61 0.4546875 0.51875 0.0625 0.12916666666666668
60 0.30494791666666665 0.35625 0.027604166666666666 0.0675
40 0.7458333333333333 0.5120833333333333 0.051041666666666666 0.11583333333333333
41 0.46197916666666666 0.355 0.029166666666666667 0.065
42 0.36302083333333335 0.30791666666666667 0.019791666666666666 0.04583333333333333
43 0.3182291666666667 0.28583333333333333 0.014583333333333334 0.03833333333333333
58 0.25885416666666666 0.30583333333333335 0.021875 0.04833333333333333
44 0.2869791666666667 0.2725 0.013541666666666667 0.03
57 0.21953125 0.29583333333333334 0.019270833333333334 0.041666666666666664
45 0.26510416666666664 0.26666666666666666 0.0125 0.03
46 0.22213541666666667 0.26458333333333334 0.0140625 0.030833333333333334
56 0.14609375 0.28791666666666665 0.015104166666666667 0.034166666666666665
20 0.015625 0.3625 0.025 0.06333333333333334
3 0.6911458333333333 0.3675 0.020833333333333332 0.051666666666666666
4 0.5325520833333334 0.31958333333333333 0.015104166666666667 0.0375
5 0.44479166666666664 0.29125 0.011458333333333333 0.0325
6 0.4080729166666667 0.27166666666666667 0.009895833333333333 0.03
7 0.365625 0.26875 0.009375 0.025833333333333333
8 0.29348958333333336 0.26 0.008854166666666666 0.023333333333333334
9 0.20416666666666666 0.25416666666666665 0.008333333333333333 0.025
47 0.16484375 0.25958333333333333 0.013020833333333334 0.030833333333333334
10 0.10520833333333333 0.25666666666666665 0.008333333333333333 0.021666666666666667
19 0.053125 0.31625 0.01875 0.0425
18 0.013541666666666667 0.3104166666666667 0.014583333333333334 0.035833333333333335
49 0.03463541666666667 0.26458333333333334 0.008854166666666666 0.025833333333333333
11 0.007291666666666667 0.2604166666666667 0.008333333333333333 0.024166666666666666
48 0.1 0.26166666666666666 0.009375 0.025
