32 0.16067708333333333 0.2654166666666667 0.013020833333333334 0.0325
33 0.04583333333333333 0.2791666666666667 0.015625 0.03666666666666667
31 0.2989583333333333 0.2629166666666667 0.011458333333333333 0.030833333333333334
29 0.58359375 0.2775 0.0109375 0.03
30 0.4596354166666667 0.2683333333333333 0.0109375 0.03
28 0.7372395833333333 0.3 0.0109375 0.03333333333333333
27 0.8638020833333333 0.32708333333333334 0.013020833333333334 0.030833333333333334
78 0.5932291666666667 0.56125 0.07916666666666666 0.14583333333333334
68 0.6614583333333334 0.2995833333333333 0.015625 0.035833333333333335
69 0.56171875 0.28541666666666665 0.016145833333333335 0.0375
70 0.46041666666666664 0.27875 0.015625 0.035833333333333335
71 0.3614583333333333 0.2758333333333333 0.016666666666666666 0.03666666666666667
72 0.275 0.28125 0.019791666666666666 0.04083333333333333
73 0.21171875 0.28833333333333333 0.0203125 0.041666666666666664
74 0.17734375 0.30791666666666667 0.022395833333333334 0.0525
75 0.22760416666666666 0.32458333333333333 0.028125 0.059166666666666666
77 0.42239583333333336 0.4245833333333333 0.04479166666666667 0.09583333333333334
76 0.31354166666666666 0.35541666666666666 0.034375 0.0725
67 0.7513020833333334 0.31625 0.018229166666666668 0.03916666666666667
66 0.828125 0.33666666666666667 0.020833333333333332 0.04666666666666667
65 0.8661458333333333 0.35333333333333333 0.021875 0.04666666666666667
