78 0.7872395833333333 0.7525 0.11822916666666666 0.23
77 0.4921875 0.49666666666666665 0.06145833333333333 0.12666666666666668
76 0.334375 0.38916666666666666 0.040625 0.085
75 0.2328125 0.35 0.03229166666666667 0.06833333333333333
74 0.1734375 0.32458333333333333 0.025 0.05583333333333333
73 0.21276041666666667 0.30083333333333334 0.021354166666666667 0.045
72 0.28125 0.29291666666666666 0.019791666666666666 0.04083333333333333
71 0.3729166666666667 0.28791666666666665 0.01875 0.03916666666666667
70 0.4791666666666667 0.29083333333333333 0.014583333333333334 0.03333333333333333
69 0.5872395833333334 0.30083333333333334 0.016145833333333335 0.03833333333333333
68 0.69453125 0.31666666666666665 0.0203125 0.03833333333333333
67 0.7934895833333333 0.33666666666666667 0.019270833333333334 0.04
66 0.8802083333333334 0.36083333333333334 0.022916666666666665 0.045
65 0.9296875 0.3804166666666667 0.021875 0.049166666666666664
31 0.30494791666666665 0.27125 0.011979166666666667 0.030833333333333334
32 0.15625 0.2725 0.0125 0.035
33 0.03333333333333333 0.28708333333333336 0.015625 0.0375
30 0.4744791666666667 0.2783333333333333 0.011458333333333333 0.03166666666666667
29 0.6046875 0.2916666666666667 0.0125 0.028333333333333332
28 0.76875 0.3175 0.0125 0.03166666666666667
27 0.9059895833333333 0.3458333333333333 0.015104166666666667 0.035
