38 0.46953125 0.49583333333333335 0.044270833333333336 0.125
78 0.28046875 0.40166666666666667 0.043229166666666666 0.09166666666666666
77 0.1875 0.3475 0.034375 0.07166666666666667
76 0.10598958333333333 0.31083333333333335 0.028645833333333332 0.06166666666666667
75 0.034375 0.2975 0.026041666666666668 0.05
73 0.0125 0.2683333333333333 0.016666666666666666 0.03833333333333333
72 0.06979166666666667 0.2604166666666667 0.015625 0.035833333333333335
71 0.14609375 0.2525 0.016145833333333335 0.035
70 0.2359375 0.25 0.0125 0.03
69 0.3268229166666667 0.25375 0.011979166666666667 0.0325
68 0.41380208333333335 0.2608333333333333 0.015104166666666667 0.03333333333333333
67 0.49114583333333334 0.27125 0.014583333333333334 0.0325
66 0.55234375 0.2816666666666667 0.016145833333333335 0.03666666666666667
65 0.57421875 0.2920833333333333 0.0171875 0.03916666666666667
64 0.6916666666666667 0.3358333333333333 0.027083333333333334 0.055
63 0.9432291666666667 0.46125 0.04583333333333333 0.08916666666666667
31 0.08958333333333333 0.24375 0.010416666666666666 0.0275
29 0.34921875 0.245 0.009895833333333333 0.028333333333333332
28 0.4864583333333333 0.25666666666666665 0.011458333333333333 0.03
27 0.5947916666666667 0.27458333333333335 0.011458333333333333 0.029166666666666667
26 0.7104166666666667 0.30041666666666667 0.013541666666666667 0.034166666666666665
25 0.7630208333333334 0.3179166666666667 0.017708333333333333 0.04083333333333333
24 0.9002604166666667 0.36875 0.0203125 0.050833333333333335
