39 0.9463541666666667 0.7670833333333333 0.08645833333333333 0.2125
38 0.4432291666666667 0.4791666666666667 0.042708333333333334 0.115
78 0.2640625 0.3954166666666667 0.042708333333333334 0.08916666666666667
77 0.17526041666666667 0.34791666666666665 0.033854166666666664 0.07083333333333333
76 0.09557291666666666 0.3120833333333333 0.0265625 0.059166666666666666
75 0.024479166666666666 0.29833333333333334 0.022916666666666665 0.045
73 0.005989583333333334 0.26958333333333334 0.011979166666666667 0.03916666666666667
72 0.058854166666666666 0.26125 0.015625 0.0375
71 0.1359375 0.255 0.016666666666666666 0.03333333333333333
70 0.22447916666666667 0.25416666666666665 0.011458333333333333 0.028333333333333332
69 0.31328125 0.25375 0.0140625 0.034166666666666665
68 0.40078125 0.26 0.0140625 0.035
67 0.47552083333333334 0.2733333333333333 0.013541666666666667 0.03166666666666667
66 0.5356770833333333 0.28208333333333335 0.016145833333333335 0.035833333333333335
65 0.55703125 0.29041666666666666 0.0171875 0.03916666666666667
64 0.6700520833333333 0.3325 0.025520833333333333 0.056666666666666664
63 0.9041666666666667 0.44916666666666666 0.041666666666666664 0.08833333333333333
31 0.07890625 0.245 0.008854166666666666 0.028333333333333332
29 0.33645833333333336 0.24666666666666667 0.008333333333333333 0.02666666666666667
28 0.471875 0.25666666666666665 0.011458333333333333 0.028333333333333332
27 0.5794270833333334 0.27291666666666664 0.0109375 0.0325
26 0.6916666666666667 0.2975 0.014583333333333334 0.035
25 0.7434895833333334 0.3145833333333333 0.016145833333333335 0.03916666666666667
24 0.87421875 0.36583333333333334 0.019270833333333334 0.045
