63 0.42473958333333334 0.43583333333333335 0.0390625 0.095
62 0.3533854166666667 0.33958333333333335 0.0234375 0.059166666666666666
38 0.7627604166666667 0.4191666666666667 0.0328125 0.07333333333333333
61 0.31197916666666664 0.2995833333333333 0.01875 0.04083333333333333
39 0.5486979166666667 0.36333333333333334 0.030729166666666665 0.06333333333333334
40 0.40546875 0.30291666666666667 0.0171875 0.0425
60 0.2989583333333333 0.27875 0.0125 0.035833333333333335
41 0.3729166666666667 0.28041666666666665 0.013541666666666667 0.035833333333333335
42 0.35052083333333334 0.2675 0.0125 0.03
43 0.3390625 0.26 0.010416666666666666 0.028333333333333332
58 0.2911458333333333 0.2658333333333333 0.009375 0.02666666666666667
0 0.8721354166666667 0.40625 0.0203125 0.0525
44 0.32578125 0.25583333333333336 0.011979166666666667 0.03
57 0.27265625 0.25958333333333333 0.011979166666666667 0.029166666666666667
56 0.23098958333333333 0.25708333333333333 0.011979166666666667 0.029166666666666667
20 0.1734375 0.2775 0.010416666666666666 0.03
21 0.14505208333333333 0.2945833333333333 0.011979166666666667 0.0375
22 0.11119791666666666 0.33625 0.019270833333333334 0.05416666666666667
1 0.7111979166666667 0.36291666666666667 0.021354166666666667 0.049166666666666664
2 0.5625 0.31833333333333336 0.015625 0.03333333333333333
3 0.49322916666666666 0.28875 0.011458333333333333 0.0275
4 0.45 0.275 0.010416666666666666 0.023333333333333334
5 0.4197916666666667 0.265 0.008333333333333333 0.02666666666666667
6 0.4119791666666667 0.255 0.008333333333333333 0.018333333333333333
7 0.38723958333333336 0.25458333333333333 0.0078125 0.020833333333333332
47 0.2453125 0.245 0.009375 0.02
45 0.3143229166666667 0.2504166666666667 0.009895833333333333 0.025833333333333333
19 0.18072916666666666 0.26666666666666666 0.008333333333333333 0.02666666666666667
