75 0.5669270833333333 0.5129166666666667 0.0546875 0.12416666666666666
74 0.4140625 0.4125 0.03958333333333333 0.09333333333333334
73 0.4484375 0.3516666666666667 0.029166666666666667 0.065
72 0.53671875 0.33625 0.025520833333333333 0.05416666666666667
71 0.6515625 0.3304166666666667 0.025 0.050833333333333335
70 0.7864583333333334 0.34 0.021875 0.04833333333333333
69 0.9276041666666667 0.3620833333333333 0.019791666666666666 0.0475
31 0.5411458333333333 0.2966666666666667 0.015625 0.03666666666666667
32 0.353125 0.29375 0.017708333333333333 0.04416666666666667
33 0.184375 0.31083333333333335 0.019791666666666666 0.04833333333333333
30 0.75234375 0.31666666666666665 0.0140625 0.03833333333333333
29 0.9166666666666666 0.3416666666666667 0.014583333333333334 0.03833333333333333
