65 0.9627604166666667 0.8179166666666666 0.0703125 0.2275
64 0.5859375 0.4033333333333333 0.034375 0.08
63 0.5244791666666667 0.33916666666666667 0.01875 0.04833333333333333
62 0.52109375 0.3070833333333333 0.013020833333333334 0.0325
38 0.7489583333333333 0.3491666666666667 0.021875 0.043333333333333335
61 0.51015625 0.28875 0.016145833333333335 0.034166666666666665
78 0.8674479166666667 0.37833333333333335 0.025520833333333333 0.05
39 0.6408854166666667 0.32416666666666666 0.0203125 0.043333333333333335
40 0.5776041666666667 0.29583333333333334 0.014583333333333334 0.03166666666666667
41 0.5666666666666667 0.2825 0.011458333333333333 0.03166666666666667
56 0.46536458333333336 0.2658333333333333 0.011979166666666667 0.025
57 0.49765625 0.2675 0.013020833333333334 0.028333333333333332
20 0.4161458333333333 0.275 0.009375 0.03
24 0.22760416666666666 0.40041666666666664 0.03333333333333333 0.0725
23 0.30963541666666666 0.33208333333333334 0.021354166666666667 0.0475
21 0.39453125 0.28375 0.0109375 0.0375
22 0.37083333333333335 0.30416666666666664 0.014583333333333334 0.03666666666666667
0 0.8671875 0.35375 0.014583333333333334 0.03916666666666667
1 0.7747395833333334 0.3329166666666667 0.0140625 0.0325
2 0.6950520833333333 0.30833333333333335 0.013020833333333334 0.028333333333333332
3 0.6622395833333333 0.29 0.0109375 0.025
4 0.6380208333333334 0.28208333333333335 0.010416666666666666 0.0225
5 0.62265625 0.27625 0.008854166666666666 0.019166666666666665
