77 0.6 0.5595833333333333 0.06666666666666667 0.14916666666666667
76 0.3966145833333333 0.4166666666666667 0.0453125 0.09166666666666666
75 0.27786458333333336 0.36791666666666667 0.034895833333333334 0.0675
74 0.21458333333333332 0.33666666666666667 0.026041666666666668 0.06166666666666667
73 0.253125 0.3104166666666667 0.022916666666666665 0.049166666666666664
72 0.3263020833333333 0.30083333333333334 0.0203125 0.043333333333333335
71 0.421875 0.29541666666666666 0.019791666666666666 0.0425
70 0.53203125 0.2975 0.016145833333333335 0.035
69 0.6447916666666667 0.30875 0.016666666666666666 0.0375
68 0.7583333333333333 0.325 0.01875 0.041666666666666664
67 0.8638020833333333 0.34708333333333335 0.021354166666666667 0.04416666666666667
66 0.9614583333333333 0.37416666666666665 0.022916666666666665 0.04666666666666667
31 0.3489583333333333 0.27708333333333335 0.013541666666666667 0.0325
32 0.1953125 0.28041666666666665 0.013541666666666667 0.035833333333333335
33 0.06510416666666667 0.29541666666666666 0.017708333333333333 0.0425
30 0.5252604166666667 0.28541666666666665 0.011979166666666667 0.030833333333333334
28 0.83125 0.32375 0.013541666666666667 0.030833333333333334
27 0.9783854166666667 0.3570833333333333 0.015104166666666667 0.0375
29 0.66015625 0.29625 0.0140625 0.034166666666666665
