64 0.57421875 0.49625 0.04635416666666667 0.11416666666666667
63 0.41015625 0.35875 0.027604166666666666 0.0625
62 0.38515625 0.30875 0.018229166666666668 0.04416666666666667
38 0.6747395833333333 0.3595833333333333 0.025520833333333333 0.0525
61 0.3619791666666667 0.28583333333333333 0.014583333333333334 0.03166666666666667
78 0.83359375 0.3983333333333333 0.028645833333333332 0.06166666666666667
39 0.5333333333333333 0.3258333333333333 0.022916666666666665 0.05
40 0.440625 0.28958333333333336 0.013541666666666667 0.0375
41 0.41953125 0.27125 0.013020833333333334 0.030833333333333334
42 0.4046875 0.2608333333333333 0.011458333333333333 0.03
0 0.7963541666666667 0.36291666666666667 0.016666666666666666 0.03916666666666667
43 0.396875 0.25583333333333336 0.009375 0.023333333333333334
56 0.30026041666666664 0.25458333333333333 0.008854166666666666 0.024166666666666666
57 0.3372395833333333 0.2575 0.009895833333333333 0.025
20 0.24921875 0.2658333333333333 0.008854166666666666 0.028333333333333332
23 0.12526041666666668 0.3545833333333333 0.027604166666666666 0.0625
21 0.22682291666666668 0.28125 0.0109375 0.0325
22 0.2015625 0.305 0.016666666666666666 0.043333333333333335
1 0.6765625 0.33 0.01875 0.04
2 0.5723958333333333 0.30041666666666667 0.013541666666666667 0.029166666666666667
3 0.525 0.2791666666666667 0.011458333333333333 0.028333333333333332
4 0.49296875 0.26666666666666666 0.009895833333333333 0.02666666666666667
5 0.4703125 0.2604166666666667 0.007291666666666667 0.0225
44 0.3885416666666667 0.2520833333333333 0.009375 0.024166666666666666
47 0.3138020833333333 0.24291666666666667 0.008854166666666666 0.020833333333333332
