63 0.590625 0.5929166666666666 0.0625 0.15083333333333335
62 0.39921875 0.36916666666666664 0.03177083333333333 0.075
38 0.9765625 0.5029166666666667 0.040625 0.09083333333333334
61 0.3268229166666667 0.30375 0.018229166666666668 0.049166666666666664
39 0.6596354166666667 0.40458333333333335 0.04010416666666667 0.0775
40 0.4401041666666667 0.31125 0.021875 0.0475
60 0.30755208333333334 0.2783333333333333 0.016145833333333335 0.03833333333333333
41 0.39088541666666665 0.28 0.018229166666666668 0.041666666666666664
42 0.3609375 0.2629166666666667 0.0125 0.034166666666666665
43 0.34296875 0.2554166666666667 0.011979166666666667 0.030833333333333334
58 0.29583333333333334 0.26125 0.0125 0.0325
44 0.3302083333333333 0.24541666666666667 0.009375 0.024166666666666666
57 0.27421875 0.25625 0.011979166666666667 0.029166666666666667
56 0.22708333333333333 0.25 0.0125 0.02666666666666667
20 0.16328125 0.27375 0.011979166666666667 0.034166666666666665
21 0.12760416666666666 0.30333333333333334 0.015625 0.041666666666666664
22 0.07604166666666666 0.36375 0.028125 0.0675
1 0.8276041666666667 0.39708333333333334 0.027083333333333334 0.0525
2 0.6229166666666667 0.32916666666666666 0.017708333333333333 0.04
3 0.5270833333333333 0.29083333333333333 0.011458333333333333 0.03333333333333333
4 0.4703125 0.2725 0.011458333333333333 0.02666666666666667
5 0.43359375 0.25833333333333336 0.009895833333333333 0.028333333333333332
6 0.4203125 0.24791666666666667 0.008333333333333333 0.025833333333333333
7 0.39348958333333334 0.24708333333333332 0.0078125 0.020833333333333332
47 0.24140625 0.23666666666666666 0.0078125 0.021666666666666667
45 0.3151041666666667 0.24291666666666667 0.009375 0.020833333333333332
46 0.28489583333333335 0.23958333333333334 0.009375 0.024166666666666666
19 0.17213541666666668 0.25833333333333336 0.0109375 0.035
17 0.059895833333333336 0.25416666666666665 0.009375 0.03333333333333333
