39 0.3299479166666667 0.42125 0.04010416666666667 0.08916666666666667
30 0.032552083333333336 0.24958333333333332 0.008854166666666666 0.025833333333333333
29 0.13046875 0.24375 0.009895833333333333 0.025833333333333333
27 0.340625 0.25708333333333333 0.010416666666666666 0.025833333333333333
38 0.15078125 0.3616666666666667 0.027604166666666666 0.075
26 0.42994791666666665 0.2675 0.0109375 0.03166666666666667
25 0.46197916666666666 0.2783333333333333 0.011458333333333333 0.03166666666666667
24 0.53828125 0.30416666666666664 0.0140625 0.03666666666666667
23 0.6994791666666667 0.3541666666666667 0.021875 0.04833333333333333
68 0.18359375 0.2525 0.013020833333333334 0.03
69 0.10807291666666667 0.2520833333333333 0.011979166666666667 0.030833333333333334
70 0.02890625 0.2575 0.011979166666666667 0.02666666666666667
78 0.05416666666666667 0.3383333333333333 0.027083333333333334 0.06
67 0.24583333333333332 0.25625 0.0125 0.030833333333333334
66 0.2950520833333333 0.2625 0.0140625 0.03333333333333333
65 0.30572916666666666 0.2683333333333333 0.013541666666666667 0.03333333333333333
64 0.36953125 0.29 0.018229166666666668 0.043333333333333335
63 0.4783854166666667 0.34041666666666665 0.024479166666666666 0.0575
62 0.68515625 0.45625 0.0453125 0.09416666666666666
28 0.25 0.24791666666666667 0.008333333333333333 0.0225
