77 0.8981770833333333 0.7633333333333333 0.09427083333333333 0.215
76 0.52890625 0.48541666666666666 0.05364583333333333 0.11916666666666667
75 0.36640625 0.40875 0.04010416666666667 0.0825
74 0.28489583333333335 0.365 0.028125 0.06666666666666667
73 0.32578125 0.3308333333333333 0.0234375 0.051666666666666666
72 0.4041666666666667 0.31916666666666665 0.021875 0.04833333333333333
71 0.50703125 0.31333333333333335 0.021354166666666667 0.041666666666666664
70 0.6239583333333333 0.31416666666666665 0.019791666666666666 0.04
69 0.7455729166666667 0.32666666666666666 0.019270833333333334 0.043333333333333335
68 0.8721354166666667 0.34625 0.0203125 0.04416666666666667
67 0.9895833333333334 0.37125 0.016666666666666666 0.049166666666666664
31 0.4231770833333333 0.29 0.013020833333333334 0.035
32 0.2578125 0.29583333333333334 0.014583333333333334 0.04
33 0.11744791666666667 0.3129166666666667 0.018229166666666668 0.04416666666666667
30 0.6109375 0.30083333333333334 0.013541666666666667 0.03
28 0.9416666666666667 0.3425 0.015625 0.03666666666666667
29 0.7559895833333333 0.31333333333333335 0.011979166666666667 0.03333333333333333
