21 0.9575520833333333 0.4583333333333333 0.03177083333333333 0.075
22 0.6333333333333333 0.35 0.020833333333333332 0.05
39 0.22109375 0.3283333333333333 0.024479166666666666 0.056666666666666664
29 0.0859375 0.24333333333333335 0.008333333333333333 0.025
27 0.2638020833333333 0.25 0.008854166666666666 0.025
40 0.40078125 0.45708333333333334 0.050520833333333334 0.1025
38 0.11822916666666666 0.30875 0.01875 0.04416666666666667
26 0.3346354166666667 0.25833333333333336 0.009895833333333333 0.02666666666666667
25 0.35703125 0.26375 0.011979166666666667 0.0275
24 0.40338541666666666 0.2783333333333333 0.0140625 0.03166666666666667
23 0.496875 0.305 0.016666666666666666 0.03666666666666667
68 0.13203125 0.25 0.011979166666666667 0.02666666666666667
69 0.06822916666666666 0.24958333333333332 0.010416666666666666 0.025833333333333333
78 0.050520833333333334 0.30083333333333334 0.019791666666666666 0.043333333333333335
67 0.18411458333333333 0.25125 0.0109375 0.0275
66 0.22317708333333333 0.25416666666666665 0.0109375 0.028333333333333332
65 0.23125 0.25916666666666666 0.0125 0.02666666666666667
64 0.27447916666666666 0.26958333333333334 0.015625 0.034166666666666665
63 0.3346354166666667 0.2966666666666667 0.019270833333333334 0.045
62 0.409375 0.33958333333333335 0.023958333333333335 0.0525
61 0.6473958333333333 0.4483333333333333 0.04791666666666667 0.095
28 0.18854166666666666 0.24416666666666667 0.008333333333333333 0.021666666666666667
