43 0.8638020833333333 0.46625 0.050520833333333334 0.08916666666666667
44 0.6559895833333333 0.35208333333333336 0.0265625 0.05416666666666667
57 0.71328125 0.6741666666666667 0.0890625 0.185
45 0.5880208333333333 0.32416666666666666 0.023958333333333335 0.04833333333333333
46 0.49557291666666664 0.305 0.021354166666666667 0.04666666666666667
47 0.38645833333333335 0.295 0.025 0.045
56 0.33177083333333335 0.4875 0.052083333333333336 0.11666666666666667
6 0.8927083333333333 0.36375 0.01875 0.049166666666666664
7 0.7622395833333333 0.33791666666666664 0.018229166666666668 0.04083333333333333
8 0.6109375 0.30333333333333334 0.015625 0.035
9 0.45260416666666664 0.28041666666666665 0.015625 0.034166666666666665
10 0.28802083333333334 0.27708333333333335 0.013541666666666667 0.034166666666666665
11 0.12760416666666666 0.27666666666666667 0.010416666666666666 0.035
49 0.1546875 0.29041666666666666 0.011458333333333333 0.0375
48 0.27291666666666664 0.2920833333333333 0.016666666666666666 0.03916666666666667
50 0.033854166666666664 0.30291666666666667 0.013541666666666667 0.035833333333333335
