42 0.528125 0.3925 0.0375 0.07333333333333333
43 0.4010416666666667 0.32625 0.021875 0.049166666666666664
60 0.6325520833333333 0.73 0.07760416666666667 0.22666666666666666
58 0.34270833333333334 0.3925 0.036458333333333336 0.07833333333333334
44 0.34140625 0.2975 0.016145833333333335 0.03666666666666667
57 0.26015625 0.35125 0.030729166666666665 0.06416666666666666
45 0.30755208333333334 0.2866666666666667 0.016145833333333335 0.03666666666666667
46 0.24921875 0.28 0.016145833333333335 0.035
47 0.175 0.27708333333333335 0.014583333333333334 0.034166666666666665
56 0.14088541666666668 0.33166666666666667 0.025520833333333333 0.05333333333333334
4 0.7919270833333333 0.40958333333333335 0.024479166666666666 0.060833333333333336
5 0.58359375 0.33916666666666667 0.016145833333333335 0.043333333333333335
6 0.50234375 0.29791666666666666 0.0109375 0.035833333333333335
7 0.43671875 0.2916666666666667 0.0109375 0.028333333333333332
8 0.3390625 0.2775 0.011458333333333333 0.02666666666666667
9 0.22604166666666667 0.26666666666666666 0.009375 0.02666666666666667
10 0.1015625 0.27 0.010416666666666666 0.02666666666666667
48 0.09244791666666667 0.27666666666666667 0.0109375 0.03166666666666667
49 0.006510416666666667 0.2825 0.009895833333333333 0.025
