66 0.8192708333333333 0.7045833333333333 0.08020833333333334 0.19083333333333333
65 0.84765625 0.505 0.04739583333333333 0.115
64 0.8283854166666667 0.36333333333333334 0.027604166666666666 0.06333333333333334
63 0.8317708333333333 0.33208333333333334 0.020833333333333332 0.04416666666666667
62 0.85234375 0.3145833333333333 0.018229166666666668 0.034166666666666665
39 0.9565104166666667 0.33416666666666667 0.0203125 0.03833333333333333
56 0.8356770833333333 0.27708333333333335 0.011979166666666667 0.024166666666666666
24 0.5768229166666666 0.3416666666666667 0.022395833333333334 0.05333333333333334
25 0.34739583333333335 0.4041666666666667 0.03958333333333333 0.08
23 0.6572916666666667 0.31083333333333335 0.01875 0.04
22 0.72421875 0.29875 0.013020833333333334 0.034166666666666665
40 0.9197916666666667 0.3045833333333333 0.014583333333333334 0.0375
5 0.990625 0.2970833333333333 0.011458333333333333 0.024166666666666666
58 0.8765625 0.2866666666666667 0.013541666666666667 0.023333333333333334
60 0.8677083333333333 0.29 0.0125 0.03
61 0.8575520833333333 0.29875 0.013020833333333334 0.034166666666666665
21 0.7533854166666667 0.28541666666666665 0.0109375 0.034166666666666665
