67 0.9369791666666667 0.8779166666666667 0.10729166666666666 0.23916666666666667
66 0.80078125 0.5470833333333334 0.05677083333333333 0.1325
65 0.9091145833333333 0.45666666666666667 0.04010416666666667 0.095
64 0.9765625 0.36833333333333335 0.022916666666666665 0.055
24 0.753125 0.3383333333333333 0.020833333333333332 0.04666666666666667
26 0.2765625 0.4225 0.04375 0.085
25 0.5375 0.37041666666666667 0.03333333333333333 0.06416666666666666
23 0.8442708333333333 0.31916666666666665 0.016666666666666666 0.03833333333333333
22 0.9216145833333333 0.3125 0.0140625 0.03
21 0.9580729166666667 0.3045833333333333 0.0109375 0.029166666666666667
