32 0.128125 0.2633333333333333 0.011458333333333333 0.03166666666666667
33 0.0171875 0.27291666666666664 0.014583333333333334 0.035833333333333335
31 0.2640625 0.25708333333333333 0.0125 0.029166666666666667
29 0.5427083333333333 0.2725 0.011458333333333333 0.02666666666666667
28 0.6924479166666667 0.2925 0.011979166666666667 0.03
27 0.8135416666666667 0.3179166666666667 0.013541666666666667 0.035833333333333335
38 0.8770833333333333 0.76875 0.09166666666666666 0.22083333333333333
78 0.50703125 0.51 0.0703125 0.12833333333333333
26 0.9502604166666667 0.35583333333333333 0.0171875 0.035
68 0.6158854166666666 0.2916666666666667 0.0171875 0.035
69 0.5200520833333333 0.27791666666666665 0.015104166666666667 0.0375
70 0.4205729166666667 0.2704166666666667 0.0140625 0.034166666666666665
71 0.32447916666666665 0.27125 0.017708333333333333 0.035833333333333335
72 0.24088541666666666 0.27708333333333335 0.0171875 0.03916666666666667
73 0.17890625 0.2825 0.019270833333333334 0.043333333333333335
74 0.14557291666666666 0.3025 0.022395833333333334 0.04833333333333333
75 0.19322916666666667 0.32 0.028125 0.058333333333333334
77 0.36953125 0.4033333333333333 0.04010416666666667 0.085
76 0.27239583333333334 0.34125 0.03125 0.0675
67 0.7018229166666666 0.30791666666666667 0.019270833333333334 0.04083333333333333
66 0.775 0.32625 0.020833333333333332 0.04416666666666667
65 0.8067708333333333 0.3408333333333333 0.020833333333333332 0.04666666666666667
64 0.9778645833333334 0.41125 0.0359375 0.06916666666666667
