39 0.25885416666666666 0.35375 0.030208333333333334 0.06583333333333333
29 0.10755208333333334 0.24458333333333335 0.008854166666666666 0.024166666666666666
27 0.29739583333333336 0.25125 0.009375 0.0275
40 0.5674479166666667 0.6083333333333333 0.0859375 0.17166666666666666
38 0.13567708333333334 0.3233333333333333 0.021354166666666667 0.05333333333333334
26 0.37447916666666664 0.2608333333333333 0.010416666666666666 0.02666666666666667
25 0.3997395833333333 0.2658333333333333 0.013020833333333334 0.035
24 0.4549479166666667 0.285 0.013020833333333334 0.035
23 0.5705729166666667 0.31958333333333333 0.016145833333333335 0.03916666666666667
22 0.75625 0.38375 0.027083333333333334 0.060833333333333336
68 0.15572916666666667 0.25125 0.0125 0.0325
69 0.08802083333333334 0.25083333333333335 0.0125 0.03166666666666667
70 0.016666666666666666 0.2579166666666667 0.009375 0.020833333333333332
78 0.0578125 0.31333333333333335 0.021875 0.04833333333333333
67 0.21197916666666666 0.25333333333333335 0.0125 0.02666666666666667
66 0.25416666666666665 0.2579166666666667 0.011458333333333333 0.0325
65 0.2630208333333333 0.2604166666666667 0.011458333333333333 0.035833333333333335
64 0.31276041666666665 0.27666666666666667 0.0171875 0.035
63 0.3875 0.3095833333333333 0.021875 0.0525
62 0.49296875 0.3695833333333333 0.0296875 0.0575
61 0.9044270833333333 0.5770833333333333 0.0671875 0.13083333333333333
28 0.21666666666666667 0.24666666666666667 0.009375 0.02
