38 0.5200520833333333 0.52625 0.04739583333333333 0.13416666666666666
78 0.3033854166666667 0.41333333333333333 0.049479166666666664 0.09666666666666666
77 0.20416666666666666 0.35291666666666666 0.034375 0.07583333333333334
76 0.12057291666666667 0.3125 0.028645833333333332 0.06
75 0.0453125 0.2975 0.023958333333333335 0.05
73 0.027083333333333334 0.26708333333333334 0.017708333333333333 0.035833333333333335
72 0.08385416666666666 0.25958333333333333 0.016666666666666666 0.0375
71 0.16354166666666667 0.2525 0.016666666666666666 0.03166666666666667
70 0.2546875 0.25083333333333335 0.013541666666666667 0.028333333333333332
69 0.3458333333333333 0.2529166666666667 0.0125 0.035833333333333335
68 0.4359375 0.26125 0.015625 0.034166666666666665
67 0.5145833333333333 0.2725 0.016666666666666666 0.03333333333333333
66 0.5778645833333333 0.28583333333333333 0.0171875 0.03666666666666667
65 0.6018229166666667 0.29541666666666666 0.0171875 0.04083333333333333
64 0.7286458333333333 0.3433333333333333 0.028125 0.06
31 0.10494791666666667 0.24208333333333334 0.0109375 0.025833333333333333
29 0.3690104166666667 0.24625 0.009895833333333333 0.025833333333333333
28 0.5096354166666667 0.25833333333333336 0.013020833333333334 0.02666666666666667
27 0.6200520833333333 0.27708333333333335 0.011979166666666667 0.0325
26 0.73828125 0.30541666666666667 0.015104166666666667 0.035833333333333335
25 0.79453125 0.3225 0.016145833333333335 0.041666666666666664
24 0.9419270833333333 0.3825 0.019270833333333334 0.04833333333333333
