42 0.5315104166666667 0.39458333333333334 0.033854166666666664 0.07416666666666667
43 0.40286458333333336 0.32666666666666666 0.021354166666666667 0.04833333333333333
60 0.6494791666666667 0.7729166666666667 0.084375 0.2791666666666667
58 0.34479166666666666 0.39708333333333334 0.036458333333333336 0.07916666666666666
44 0.3419270833333333 0.2991666666666667 0.016145833333333335 0.04
57 0.25859375 0.35291666666666666 0.0296875 0.06583333333333333
45 0.30859375 0.28541666666666665 0.016145833333333335 0.0375
46 0.24973958333333332 0.27958333333333335 0.018229166666666668 0.034166666666666665
47 0.17473958333333334 0.2758333333333333 0.013020833333333334 0.03666666666666667
56 0.14036458333333332 0.3325 0.025520833333333333 0.055
4 0.7979166666666667 0.41291666666666665 0.023958333333333335 0.059166666666666666
5 0.5854166666666667 0.34041666666666665 0.017708333333333333 0.04083333333333333
6 0.5046875 0.2970833333333333 0.011458333333333333 0.035833333333333335
7 0.43802083333333336 0.2916666666666667 0.011458333333333333 0.03166666666666667
8 0.3390625 0.275 0.010416666666666666 0.028333333333333332
9 0.22578125 0.26625 0.008854166666666666 0.0275
10 0.1015625 0.26958333333333334 0.010416666666666666 0.0275
48 0.09244791666666667 0.27666666666666667 0.0109375 0.02666666666666667
49 0.005729166666666666 0.2808333333333333 0.009375 0.03166666666666667
