32 0.2109375 0.2604166666666667 0.013541666666666667 0.035833333333333335
33 0.08359375 0.2758333333333333 0.0171875 0.03833333333333333
31 0.3625 0.25708333333333333 0.013541666666666667 0.030833333333333334
29 0.6721354166666667 0.2791666666666667 0.013020833333333334 0.03
30 0.5380208333333333 0.26625 0.011458333333333333 0.0325
28 0.8411458333333334 0.30666666666666664 0.013541666666666667 0.03333333333333333
27 0.9869791666666666 0.33958333333333335 0.013541666666666667 0.0375
68 0.7674479166666667 0.30666666666666664 0.019270833333333334 0.043333333333333335
69 0.6549479166666666 0.28875 0.015104166666666667 0.0375
70 0.54453125 0.2758333333333333 0.018229166666666668 0.03833333333333333
71 0.43411458333333336 0.27375 0.019270833333333334 0.04083333333333333
72 0.34010416666666665 0.27875 0.019791666666666666 0.04416666666666667
73 0.26848958333333334 0.2875 0.0234375 0.04833333333333333
74 0.23255208333333333 0.3129166666666667 0.027604166666666666 0.059166666666666666
75 0.29635416666666664 0.3425 0.03333333333333333 0.06666666666666667
76 0.40989583333333335 0.39 0.04479166666666667 0.09
77 0.6028645833333334 0.52625 0.07239583333333334 0.1425
67 0.8716145833333333 0.3304166666666667 0.019270833333333334 0.04416666666666667
66 0.9666666666666667 0.3545833333333333 0.022916666666666665 0.0525
