39 0.6044270833333333 0.5979166666666667 0.07239583333333334 0.1525
30 0.14453125 0.24916666666666668 0.009895833333333333 0.028333333333333332
29 0.2526041666666667 0.24708333333333332 0.011458333333333333 0.0275
27 0.48411458333333335 0.2683333333333333 0.013020833333333334 0.03
38 0.2833333333333333 0.43 0.034375 0.1
26 0.5869791666666667 0.2875 0.014583333333333334 0.03333333333333333
25 0.6302083333333334 0.29875 0.013541666666666667 0.04083333333333333
24 0.7375 0.34125 0.01875 0.04416666666666667
23 0.98203125 0.42791666666666667 0.028645833333333332 0.06583333333333333
68 0.3106770833333333 0.2608333333333333 0.016145833333333335 0.03333333333333333
69 0.22786458333333334 0.25666666666666665 0.016145833333333335 0.03
70 0.14166666666666666 0.25625 0.014583333333333334 0.030833333333333334
71 0.05625 0.2604166666666667 0.016666666666666666 0.030833333333333334
76 0.011979166666666667 0.3129166666666667 0.021875 0.0525
77 0.0796875 0.3383333333333333 0.03333333333333333 0.06166666666666667
78 0.15208333333333332 0.37666666666666665 0.03854166666666667 0.07833333333333334
67 0.3802083333333333 0.2675 0.0125 0.035
66 0.43671875 0.27416666666666667 0.016145833333333335 0.03333333333333333
65 0.45208333333333334 0.28458333333333335 0.014583333333333334 0.034166666666666665
64 0.5408854166666667 0.31666666666666665 0.0265625 0.051666666666666666
63 0.7166666666666667 0.4041666666666667 0.0375 0.07833333333333334
