10 0.8986979166666667 0.34833333333333333 0.018229166666666668 0.041666666666666664
11 0.7114583333333333 0.31708333333333333 0.0125 0.04083333333333333
12 0.5330729166666667 0.2920833333333333 0.0109375 0.03916666666666667
13 0.32786458333333335 0.2841666666666667 0.011979166666666667 0.04666666666666667
14 0.14192708333333334 0.2916666666666667 0.018229166666666668 0.05
49 0.75546875 0.34458333333333335 0.009895833333333333 0.034166666666666665
48 0.9002604166666667 0.37083333333333335 0.025520833333333333 0.055
50 0.6161458333333333 0.32875 0.010416666666666666 0.03916666666666667
51 0.4861979166666667 0.32708333333333334 0.016145833333333335 0.050833333333333335
52 0.3697916666666667 0.33791666666666664 0.019791666666666666 0.059166666666666666
55 0.51171875 0.5779166666666666 0.06822916666666666 0.1425
53 0.28880208333333335 0.36541666666666667 0.021354166666666667 0.07083333333333333
54 0.28072916666666664 0.43 0.03125 0.08666666666666667
