76 0.5984375 0.52875 0.057291666666666664 0.13083333333333333
75 0.40260416666666665 0.42875 0.042708333333333334 0.09083333333333334
74 0.31328125 0.37958333333333333 0.0328125 0.0725
73 0.35390625 0.3408333333333333 0.027604166666666666 0.055
72 0.43411458333333336 0.3283333333333333 0.024479166666666666 0.051666666666666666
71 0.540625 0.3225 0.020833333333333332 0.045
70 0.6625 0.325 0.019791666666666666 0.04
69 0.7885416666666667 0.34041666666666665 0.017708333333333333 0.04083333333333333
68 0.91953125 0.36125 0.019270833333333334 0.04583333333333333
31 0.45260416666666664 0.3 0.013541666666666667 0.03333333333333333
32 0.2828125 0.305 0.014583333333333334 0.03666666666666667
33 0.13671875 0.32 0.019270833333333334 0.045
30 0.6458333333333334 0.31 0.013541666666666667 0.03333333333333333
28 0.9864583333333333 0.3570833333333333 0.016666666666666666 0.035833333333333335
29 0.7947916666666667 0.3258333333333333 0.014583333333333334 0.035
