20 0.7447916666666666 0.38708333333333333 0.022916666666666665 0.05416666666666667
21 0.559375 0.32875 0.015625 0.04083333333333333
22 0.4505208333333333 0.29875 0.013541666666666667 0.034166666666666665
39 0.20833333333333334 0.28833333333333333 0.015625 0.035
29 0.10755208333333334 0.24791666666666667 0.0078125 0.0225
40 0.275 0.31583333333333335 0.019791666666666666 0.045
26 0.3028645833333333 0.25625 0.008854166666666666 0.0225
23 0.39557291666666666 0.2808333333333333 0.0109375 0.03166666666666667
25 0.3171875 0.2608333333333333 0.009375 0.023333333333333334
24 0.3450520833333333 0.26875 0.009895833333333333 0.025833333333333333
41 0.33307291666666666 0.36791666666666667 0.0328125 0.07416666666666667
68 0.14557291666666666 0.2504166666666667 0.009895833333333333 0.024166666666666666
69 0.09479166666666666 0.2529166666666667 0.009375 0.024166666666666666
78 0.09973958333333334 0.27708333333333335 0.013020833333333334 0.0325
70 0.043229166666666666 0.255 0.008333333333333333 0.025
71 0.016927083333333332 0.27416666666666667 0.013020833333333334 0.03666666666666667
77 0.0625 0.2733333333333333 0.013541666666666667 0.03166666666666667
67 0.18645833333333334 0.25333333333333335 0.009375 0.021666666666666667
66 0.215625 0.25666666666666665 0.008333333333333333 0.021666666666666667
65 0.22291666666666668 0.25875 0.007291666666666667 0.0225
64 0.25078125 0.26458333333333334 0.0109375 0.025833333333333333
63 0.28567708333333336 0.27791666666666665 0.0140625 0.030833333333333334
62 0.3151041666666667 0.29125 0.015625 0.04083333333333333
61 0.38255208333333335 0.31958333333333333 0.0203125 0.04416666666666667
60 0.49973958333333335 0.37125 0.0328125 0.06416666666666666
58 0.8575520833333333 0.5454166666666667 0.0515625 0.12083333333333333
42 0.57265625 0.5833333333333334 0.07135416666666666 0.15333333333333332
38 0.146875 0.2791666666666667 0.013541666666666667 0.03166666666666667
30 0.0375 0.2520833333333333 0.007291666666666667 0.020833333333333332
1 0.059375 0.29791666666666666 0.0125 0.030833333333333334
2 0.07630208333333334 0.31958333333333333 0.018229166666666668 0.0425
3 0.013802083333333333 0.37958333333333333 0.0265625 0.06916666666666667
