39 0.9307291666666667 0.80625 0.10416666666666667 0.22583333333333333
31 0.09791666666666667 0.24541666666666667 0.0125 0.030833333333333334
30 0.24583333333333332 0.24666666666666667 0.009375 0.03166666666666667
28 0.49244791666666665 0.26 0.009895833333333333 0.028333333333333332
29 0.35651041666666666 0.24708333333333332 0.011979166666666667 0.0275
27 0.5997395833333333 0.275 0.013020833333333334 0.035
38 0.42630208333333336 0.4866666666666667 0.044270833333333336 0.11666666666666667
26 0.7127604166666667 0.30125 0.016145833333333335 0.0325
25 0.76328125 0.31666666666666665 0.018229166666666668 0.043333333333333335
24 0.89375 0.37083333333333335 0.019791666666666666 0.04833333333333333
68 0.41848958333333336 0.2625 0.018229166666666668 0.03333333333333333
69 0.33177083333333335 0.255 0.015625 0.035
70 0.24166666666666667 0.25166666666666665 0.015625 0.03333333333333333
71 0.15286458333333333 0.255 0.018229166666666668 0.03333333333333333
72 0.0765625 0.2629166666666667 0.016666666666666666 0.034166666666666665
73 0.018229166666666668 0.2704166666666667 0.01875 0.0375
75 0.03567708333333333 0.29875 0.0234375 0.0475
76 0.10260416666666666 0.3120833333333333 0.028125 0.0575
77 0.1765625 0.3475 0.036458333333333336 0.07
78 0.25833333333333336 0.3983333333333333 0.041666666666666664 0.08833333333333333
67 0.49453125 0.27125 0.016145833333333335 0.0325
66 0.5536458333333333 0.28375 0.01875 0.04083333333333333
65 0.57421875 0.2941666666666667 0.019270833333333334 0.03666666666666667
64 0.6817708333333333 0.33458333333333334 0.03125 0.05416666666666667
63 0.915625 0.4575 0.046875 0.08666666666666667
