5 0.1640625 0.40708333333333335 0.036458333333333336 0.08583333333333333
4 0.27369791666666665 0.3179166666666667 0.021354166666666667 0.0475
19 0.8315104166666667 0.36 0.015104166666666667 0.041666666666666664
18 0.9458333333333333 0.395 0.016666666666666666 0.045
21 0.6440104166666667 0.29083333333333333 0.0109375 0.02666666666666667
20 0.7091145833333333 0.3145833333333333 0.011979166666666667 0.034166666666666665
22 0.5955729166666667 0.27291666666666664 0.0109375 0.0275
39 0.42734375 0.2625 0.0140625 0.03
40 0.45989583333333334 0.27458333333333335 0.015625 0.030833333333333334
26 0.5135416666666667 0.2475 0.008333333333333333 0.02
23 0.5677083333333334 0.26458333333333334 0.010416666666666666 0.025833333333333333
25 0.5223958333333333 0.25166666666666665 0.007291666666666667 0.021666666666666667
67 0.41953125 0.24041666666666667 0.008854166666666666 0.0225
69 0.34713541666666664 0.23791666666666667 0.0109375 0.020833333333333332
29 0.35598958333333336 0.23583333333333334 0.008854166666666666 0.02
64 0.46536458333333336 0.24916666666666668 0.011979166666666667 0.023333333333333334
63 0.4861979166666667 0.25708333333333333 0.0109375 0.0225
62 0.49921875 0.265 0.0140625 0.03
24 0.5375 0.25666666666666665 0.010416666666666666 0.021666666666666667
61 0.52890625 0.2808333333333333 0.016145833333333335 0.02666666666666667
60 0.5627604166666667 0.29541666666666666 0.019270833333333334 0.0425
58 0.6255208333333333 0.3308333333333333 0.023958333333333335 0.051666666666666666
41 0.47291666666666665 0.28958333333333336 0.016666666666666666 0.03916666666666667
42 0.5013020833333334 0.32208333333333333 0.025520833333333333 0.05416666666666667
68 0.38645833333333335 0.24 0.009375 0.018333333333333333
57 0.7208333333333333 0.36583333333333334 0.03229166666666667 0.06333333333333334
43 0.5596354166666667 0.4170833333333333 0.04114583333333333 0.09083333333333334
56 0.9174479166666667 0.42041666666666666 0.028645833333333332 0.06583333333333333
78 0.353125 0.2520833333333333 0.0125 0.024166666666666666
77 0.325 0.25125 0.011458333333333333 0.025833333333333333
2 0.3421875 0.2683333333333333 0.0125 0.03333333333333333
3 0.3171875 0.2833333333333333 0.014583333333333334 0.03666666666666667
