39 0.22604166666666667 0.3333333333333333 0.027083333333333334 0.06166666666666667
29 0.08828125 0.24208333333333334 0.0067708333333333336 0.0225
27 0.26979166666666665 0.2504166666666667 0.009375 0.025833333333333333
40 0.42552083333333335 0.47541666666666665 0.05416666666666667 0.1175
38 0.12005208333333334 0.30916666666666665 0.015104166666666667 0.04833333333333333
26 0.3411458333333333 0.2575 0.010416666666666666 0.02666666666666667
25 0.36432291666666666 0.26125 0.0109375 0.034166666666666665
24 0.41328125 0.2791666666666667 0.013020833333333334 0.03
23 0.5106770833333333 0.3070833333333333 0.0171875 0.035833333333333335
22 0.6552083333333333 0.3570833333333333 0.022916666666666665 0.0525
68 0.13541666666666666 0.24833333333333332 0.010416666666666666 0.028333333333333332
69 0.07083333333333333 0.25083333333333335 0.011458333333333333 0.02666666666666667
70 0.00390625 0.2525 0.0067708333333333336 0.025
78 0.04973958333333333 0.3016666666666667 0.0203125 0.043333333333333335
67 0.18854166666666666 0.25083333333333335 0.0125 0.02666666666666667
66 0.22760416666666666 0.25416666666666665 0.0125 0.028333333333333332
65 0.23671875 0.25875 0.0109375 0.0275
64 0.28098958333333335 0.26958333333333334 0.015104166666666667 0.034166666666666665
63 0.34401041666666665 0.29791666666666666 0.019270833333333334 0.04416666666666667
62 0.4239583333333333 0.34291666666666665 0.025 0.05583333333333333
61 0.6893229166666667 0.47041666666666665 0.0484375 0.10083333333333333
28 0.1921875 0.24416666666666667 0.007291666666666667 0.023333333333333334
