64 0.8286458333333333 0.785 0.09583333333333334 0.21833333333333332
63 0.39375 0.41125 0.034375 0.07916666666666666
62 0.3390625 0.33125 0.023958333333333335 0.05416666666666667
38 0.709375 0.39666666666666667 0.03229166666666667 0.065
61 0.3046875 0.295 0.016666666666666666 0.04
78 0.9203125 0.4533333333333333 0.03229166666666667 0.07166666666666667
39 0.5213541666666667 0.35083333333333333 0.027083333333333334 0.056666666666666664
40 0.39375 0.2991666666666667 0.016666666666666666 0.041666666666666664
60 0.2947916666666667 0.27791666666666665 0.014583333333333334 0.030833333333333334
41 0.36484375 0.27958333333333335 0.0140625 0.034166666666666665
42 0.34453125 0.26416666666666666 0.013020833333333334 0.028333333333333332
0 0.825 0.3933333333333333 0.01875 0.04833333333333333
58 0.28802083333333334 0.26375 0.009375 0.0275
43 0.3341145833333333 0.2608333333333333 0.0109375 0.023333333333333334
44 0.32265625 0.25583333333333336 0.013020833333333334 0.028333333333333332
57 0.26953125 0.26208333333333333 0.008854166666666666 0.019166666666666665
56 0.22994791666666667 0.2579166666666667 0.011979166666666667 0.0275
20 0.17473958333333334 0.27708333333333335 0.009895833333333333 0.0275
21 0.14739583333333334 0.2945833333333333 0.011458333333333333 0.034166666666666665
22 0.1171875 0.32916666666666666 0.01875 0.04833333333333333
1 0.6802083333333333 0.3516666666666667 0.020833333333333332 0.043333333333333335
2 0.5432291666666667 0.3120833333333333 0.013541666666666667 0.035833333333333335
3 0.48072916666666665 0.28625 0.013541666666666667 0.030833333333333334
4 0.44166666666666665 0.275 0.009375 0.023333333333333334
5 0.41328125 0.265 0.009895833333333333 0.02666666666666667
7 0.38203125 0.25375 0.0078125 0.0225
6 0.40598958333333335 0.25458333333333333 0.0078125 0.020833333333333332
47 0.24348958333333334 0.24708333333333332 0.0078125 0.020833333333333332
45 0.3098958333333333 0.24958333333333332 0.009375 0.025833333333333333
19 0.18177083333333333 0.2675 0.008333333333333333 0.025
