21 0.925 0.44875 0.034375 0.0725
22 0.6190104166666667 0.3475 0.0203125 0.05
39 0.21822916666666667 0.3275 0.025 0.05333333333333334
29 0.08515625 0.24666666666666667 0.008854166666666666 0.025
27 0.26119791666666664 0.2529166666666667 0.008854166666666666 0.0225
40 0.3859375 0.4454166666666667 0.046875 0.1025
38 0.11770833333333333 0.30541666666666667 0.020833333333333332 0.04416666666666667
26 0.33177083333333335 0.2604166666666667 0.010416666666666666 0.024166666666666666
25 0.35234375 0.2658333333333333 0.011979166666666667 0.028333333333333332
24 0.39921875 0.27958333333333335 0.0140625 0.029166666666666667
23 0.48880208333333336 0.30375 0.015104166666666667 0.0375
68 0.13072916666666667 0.2525 0.011458333333333333 0.023333333333333334
69 0.06796875 0.25375 0.0109375 0.025833333333333333
78 0.05078125 0.3016666666666667 0.019270833333333334 0.043333333333333335
77 0.0049479166666666664 0.2916666666666667 0.009895833333333333 0.04
67 0.18229166666666666 0.25666666666666665 0.010416666666666666 0.023333333333333334
66 0.22109375 0.25666666666666665 0.0109375 0.028333333333333332
65 0.22916666666666666 0.25958333333333333 0.010416666666666666 0.029166666666666667
64 0.2716145833333333 0.2725 0.015104166666666667 0.03333333333333333
63 0.3302083333333333 0.2991666666666667 0.01875 0.041666666666666664
62 0.4015625 0.33666666666666667 0.022916666666666665 0.04833333333333333
61 0.6229166666666667 0.44 0.042708333333333334 0.09
28 0.1875 0.2475 0.007291666666666667 0.02
