77 0.58203125 0.5508333333333333 0.07552083333333333 0.15
76 0.38776041666666666 0.41208333333333336 0.044270833333333336 0.0925
75 0.27109375 0.3645833333333333 0.0328125 0.06916666666666667
74 0.20833333333333334 0.33541666666666664 0.025 0.05583333333333333
73 0.24713541666666666 0.31 0.021354166666666667 0.04666666666666667
72 0.31953125 0.3 0.0203125 0.041666666666666664
71 0.41432291666666665 0.2945833333333333 0.019270833333333334 0.04083333333333333
70 0.5236979166666667 0.2975 0.0171875 0.03666666666666667
69 0.6364583333333333 0.3070833333333333 0.017708333333333333 0.03916666666666667
68 0.74765625 0.3233333333333333 0.0171875 0.03666666666666667
67 0.8533854166666667 0.3466666666666667 0.0203125 0.045
66 0.9473958333333333 0.37125 0.022916666666666665 0.04583333333333333
31 0.34270833333333334 0.2775 0.0125 0.03
32 0.1890625 0.2816666666666667 0.013541666666666667 0.03333333333333333
33 0.0609375 0.29583333333333334 0.017708333333333333 0.041666666666666664
30 0.51796875 0.28541666666666665 0.011979166666666667 0.030833333333333334
28 0.8213541666666667 0.32375 0.014583333333333334 0.030833333333333334
27 0.9671875 0.35333333333333333 0.014583333333333334 0.03833333333333333
29 0.6513020833333333 0.29541666666666666 0.013020833333333334 0.034166666666666665
