32 0.13619791666666667 0.26375 0.011979166666666667 0.030833333333333334
33 0.026041666666666668 0.275 0.015625 0.03666666666666667
31 0.27395833333333336 0.25833333333333336 0.010416666666666666 0.028333333333333332
29 0.5533854166666666 0.27375 0.0109375 0.0325
28 0.70390625 0.2941666666666667 0.0109375 0.03
27 0.82734375 0.32 0.015104166666666667 0.03166666666666667
38 0.921875 0.8033333333333333 0.09479166666666666 0.23333333333333334
78 0.528125 0.5241666666666667 0.06875 0.14
26 0.9661458333333334 0.36125 0.015625 0.035833333333333335
68 0.628125 0.295 0.016666666666666666 0.03333333333333333
69 0.5302083333333333 0.2808333333333333 0.014583333333333334 0.03333333333333333
70 0.43072916666666666 0.27541666666666664 0.015625 0.035833333333333335
71 0.3341145833333333 0.27291666666666664 0.0171875 0.03916666666666667
72 0.25026041666666665 0.27875 0.0171875 0.0375
73 0.1859375 0.285 0.021875 0.045
74 0.1546875 0.3025 0.021875 0.04833333333333333
75 0.203125 0.32166666666666666 0.028125 0.056666666666666664
77 0.38333333333333336 0.4091666666666667 0.041666666666666664 0.09
76 0.2828125 0.3466666666666667 0.03333333333333333 0.06833333333333333
67 0.715625 0.31083333333333335 0.01875 0.04
66 0.7888020833333333 0.32916666666666666 0.0203125 0.043333333333333335
65 0.8223958333333333 0.3441666666666667 0.020833333333333332 0.043333333333333335
