62 0.5161458333333333 0.48625 0.04791666666666667 0.1175
39 0.9455729166666667 0.53875 0.0515625 0.11583333333333333
40 0.49661458333333336 0.3441666666666667 0.0296875 0.065
61 0.34739583333333335 0.34291666666666665 0.027083333333333334 0.0675
60 0.30703125 0.2975 0.0203125 0.045
41 0.40989583333333335 0.29791666666666666 0.01875 0.04416666666666667
42 0.36302083333333335 0.27458333333333335 0.015625 0.0375
43 0.3380208333333333 0.2629166666666667 0.0125 0.030833333333333334
58 0.2864583333333333 0.27541666666666664 0.016666666666666666 0.03916666666666667
44 0.31953125 0.25458333333333333 0.011979166666666667 0.0275
57 0.259375 0.26875 0.014583333333333334 0.034166666666666665
45 0.3020833333333333 0.2525 0.0125 0.03
56 0.20625 0.26375 0.013541666666666667 0.0325
20 0.12760416666666666 0.30083333333333334 0.015625 0.043333333333333335
21 0.07369791666666667 0.34833333333333333 0.022395833333333334 0.056666666666666664
2 0.728125 0.36291666666666667 0.021875 0.049166666666666664
3 0.57265625 0.305 0.016145833333333335 0.03833333333333333
4 0.490625 0.28291666666666665 0.011458333333333333 0.030833333333333334
5 0.43984375 0.2675 0.008854166666666666 0.028333333333333332
6 0.4203125 0.25333333333333335 0.008333333333333333 0.023333333333333334
8 0.32864583333333336 0.24375 0.008333333333333333 0.025833333333333333
9 0.25286458333333334 0.24 0.0067708333333333336 0.025
7 0.38828125 0.2520833333333333 0.008854166666666666 0.024166666666666666
47 0.21979166666666666 0.245 0.009375 0.028333333333333332
46 0.2674479166666667 0.24833333333333332 0.008854166666666666 0.021666666666666667
19 0.14010416666666667 0.28041666666666665 0.0125 0.0325
18 0.10885416666666667 0.27791666666666665 0.009375 0.029166666666666667
17 0.010416666666666666 0.27666666666666667 0.009375 0.028333333333333332
48 0.16484375 0.25083333333333335 0.0078125 0.028333333333333332
55 0.09583333333333334 0.2654166666666667 0.00625 0.020833333333333332
