19 0.9458333333333333 0.4508333333333333 0.025 0.06
21 0.52890625 0.31166666666666665 0.013020833333333334 0.03666666666666667
20 0.66328125 0.355 0.0203125 0.04833333333333333
22 0.4434895833333333 0.2891666666666667 0.011979166666666667 0.03
39 0.22708333333333333 0.2775 0.015625 0.035
40 0.28177083333333336 0.30041666666666667 0.016666666666666666 0.04583333333333333
26 0.3171875 0.2529166666666667 0.007291666666666667 0.020833333333333332
23 0.39739583333333334 0.27416666666666667 0.010416666666666666 0.02666666666666667
25 0.3299479166666667 0.25708333333333333 0.0109375 0.025833333333333333
24 0.35234375 0.265 0.0109375 0.02666666666666667
3 0.07291666666666667 0.33875 0.022916666666666665 0.0525
41 0.321875 0.33541666666666664 0.027083333333333334 0.06583333333333333
69 0.12213541666666666 0.24625 0.008854166666666666 0.0225
78 0.12942708333333333 0.27 0.013020833333333334 0.03
70 0.0734375 0.24916666666666668 0.008333333333333333 0.023333333333333334
77 0.09375 0.26666666666666666 0.013541666666666667 0.03
67 0.20755208333333333 0.2520833333333333 0.0078125 0.020833333333333332
66 0.23541666666666666 0.2525 0.007291666666666667 0.021666666666666667
65 0.24166666666666667 0.25333333333333335 0.008333333333333333 0.023333333333333334
68 0.16979166666666667 0.24791666666666667 0.008333333333333333 0.0225
29 0.13229166666666667 0.24583333333333332 0.008333333333333333 0.021666666666666667
64 0.2669270833333333 0.25916666666666666 0.0109375 0.023333333333333334
63 0.29635416666666664 0.26958333333333334 0.0125 0.0325
62 0.32135416666666666 0.28208333333333335 0.013541666666666667 0.035833333333333335
61 0.37473958333333335 0.305 0.0171875 0.03666666666666667
60 0.45677083333333335 0.33791666666666664 0.023958333333333335 0.050833333333333335
58 0.6567708333333333 0.4295833333333333 0.03854166666666667 0.0875
42 0.44296875 0.43666666666666665 0.0453125 0.09666666666666666
38 0.17265625 0.2725 0.013020833333333334 0.03
30 0.06796875 0.24791666666666667 0.005729166666666666 0.019166666666666665
57 0.9588541666666667 0.5479166666666667 0.04895833333333333 0.11083333333333334
1 0.09505208333333333 0.28708333333333336 0.0109375 0.025833333333333333
2 0.11458333333333333 0.30125 0.015625 0.03916666666666667
