20 0.94296875 0.45958333333333334 0.0328125 0.0725
21 0.6505208333333333 0.36041666666666666 0.020833333333333332 0.04583333333333333
22 0.5013020833333334 0.31625 0.0140625 0.0375
39 0.21614583333333334 0.3025 0.020833333333333332 0.041666666666666664
29 0.10546875 0.2525 0.0078125 0.023333333333333334
27 0.2591145833333333 0.25916666666666666 0.005729166666666666 0.021666666666666667
40 0.30182291666666666 0.345 0.024479166666666666 0.056666666666666664
38 0.14401041666666667 0.2925 0.015104166666666667 0.035
26 0.31744791666666666 0.26458333333333334 0.0067708333333333336 0.0225
25 0.33359375 0.2654166666666667 0.009895833333333333 0.0275
24 0.36640625 0.2775 0.008854166666666666 0.02666666666666667
23 0.42630208333333336 0.29333333333333333 0.013020833333333334 0.03
41 0.41380208333333335 0.45 0.044270833333333336 0.09833333333333333
68 0.14661458333333333 0.25708333333333333 0.013020833333333334 0.029166666666666667
69 0.09296875 0.2554166666666667 0.009895833333333333 0.025833333333333333
78 0.09296875 0.28791666666666665 0.015104166666666667 0.034166666666666665
70 0.036458333333333336 0.25833333333333336 0.010416666666666666 0.025
77 0.04973958333333333 0.28375 0.015104166666666667 0.034166666666666665
67 0.19114583333333332 0.25833333333333336 0.010416666666666666 0.025
66 0.22317708333333333 0.26208333333333333 0.008854166666666666 0.025833333333333333
65 0.23020833333333332 0.26416666666666666 0.009375 0.023333333333333334
64 0.2625 0.27125 0.0125 0.029166666666666667
63 0.30390625 0.28791666666666665 0.0140625 0.0325
62 0.34322916666666664 0.30875 0.017708333333333333 0.03916666666666667
61 0.4390625 0.34958333333333336 0.025 0.05416666666666667
60 0.6447916666666667 0.445 0.04375 0.08833333333333333
28 0.19427083333333334 0.25416666666666665 0.007291666666666667 0.018333333333333333
30 0.03229166666666667 0.25583333333333336 0.00625 0.016666666666666666
1 0.03958333333333333 0.315 0.014583333333333334 0.03666666666666667
2 0.05078125 0.35041666666666665 0.022395833333333334 0.05583333333333333
