42 0.5666666666666667 0.4175 0.03958333333333333 0.08333333333333333
43 0.41432291666666665 0.3329166666666667 0.0234375 0.049166666666666664
58 0.36223958333333334 0.4195833333333333 0.04114583333333333 0.0875
44 0.346875 0.30125 0.016666666666666666 0.03916666666666667
57 0.2643229166666667 0.3645833333333333 0.034895833333333334 0.0725
45 0.3104166666666667 0.29 0.015625 0.03666666666666667
46 0.24973958333333332 0.2808333333333333 0.018229166666666668 0.035
47 0.17213541666666668 0.27708333333333335 0.015104166666666667 0.034166666666666665
56 0.13307291666666668 0.34041666666666665 0.0296875 0.0575
4 0.8489583333333334 0.43375 0.028125 0.0625
5 0.6072916666666667 0.35 0.017708333333333333 0.045
6 0.5153645833333333 0.30083333333333334 0.0109375 0.03666666666666667
7 0.44453125 0.2945833333333333 0.011979166666666667 0.030833333333333334
8 0.34270833333333334 0.27708333333333335 0.011458333333333333 0.0275
9 0.22395833333333334 0.2679166666666667 0.010416666666666666 0.029166666666666667
10 0.09557291666666666 0.27125 0.009895833333333333 0.0275
48 0.0859375 0.2783333333333333 0.0125 0.03166666666666667
