76 0.6744791666666666 0.5733333333333334 0.0625 0.15
75 0.4421875 0.4479166666666667 0.05 0.10083333333333333
74 0.33958333333333335 0.38916666666666666 0.035416666666666666 0.07166666666666667
73 0.37942708333333336 0.3441666666666667 0.028645833333333332 0.056666666666666664
72 0.4622395833333333 0.3308333333333333 0.0234375 0.05
71 0.5721354166666667 0.32458333333333333 0.0203125 0.04416666666666667
70 0.696875 0.32875 0.01875 0.04083333333333333
69 0.8265625 0.34458333333333335 0.017708333333333333 0.03916666666666667
68 0.9611979166666667 0.36666666666666664 0.0203125 0.04666666666666667
31 0.4778645833333333 0.3 0.013020833333333334 0.035
32 0.3033854166666667 0.3045833333333333 0.0140625 0.0375
33 0.1515625 0.32166666666666666 0.019791666666666666 0.04666666666666667
30 0.6755208333333333 0.31125 0.013541666666666667 0.034166666666666665
29 0.8276041666666667 0.3275 0.013541666666666667 0.03666666666666667
