40 0.6065104166666667 0.4220833333333333 0.043229166666666666 0.0875
61 0.3880208333333333 0.41583333333333333 0.041666666666666664 0.09333333333333334
60 0.3028645833333333 0.32208333333333333 0.025520833333333333 0.0575
41 0.43359375 0.325 0.025520833333333333 0.056666666666666664
42 0.35963541666666665 0.28958333333333336 0.019270833333333334 0.04416666666666667
43 0.3234375 0.27166666666666667 0.013541666666666667 0.03666666666666667
58 0.2669270833333333 0.28875 0.0171875 0.0475
44 0.2984375 0.2604166666666667 0.013541666666666667 0.029166666666666667
57 0.234375 0.27875 0.016666666666666666 0.0375
45 0.278125 0.2554166666666667 0.014583333333333334 0.029166666666666667
46 0.23802083333333332 0.25125 0.0125 0.0275
56 0.16796875 0.27125 0.015104166666666667 0.0325
20 0.065625 0.32666666666666666 0.017708333333333333 0.051666666666666666
2 0.9 0.43833333333333335 0.028125 0.07
3 0.6328125 0.3383333333333333 0.017708333333333333 0.045
4 0.5109375 0.3016666666666667 0.013541666666666667 0.03166666666666667
5 0.4388020833333333 0.2791666666666667 0.011979166666666667 0.028333333333333332
6 0.40989583333333335 0.26 0.009375 0.028333333333333332
8 0.30520833333333336 0.24916666666666668 0.007291666666666667 0.021666666666666667
9 0.22161458333333334 0.24375 0.008854166666666666 0.0225
47 0.184375 0.24541666666666667 0.013541666666666667 0.035833333333333335
7 0.37265625 0.2604166666666667 0.0109375 0.0225
10 0.12916666666666668 0.245 0.008333333333333333 0.021666666666666667
19 0.09010416666666667 0.29125 0.014583333333333334 0.0375
18 0.05286458333333333 0.2891666666666667 0.0109375 0.03333333333333333
11 0.03723958333333333 0.24833333333333332 0.0067708333333333336 0.021666666666666667
48 0.12447916666666667 0.25166666666666665 0.008333333333333333 0.02666666666666667
55 0.04010416666666667 0.2725 0.008333333333333333 0.02666666666666667
