39 0.7846354166666667 0.7116666666666667 0.08385416666666666 0.185
31 0.06197916666666667 0.24958333333333332 0.011458333333333333 0.030833333333333334
30 0.20755208333333333 0.24916666666666668 0.0109375 0.03
28 0.44947916666666665 0.2625 0.010416666666666666 0.03
29 0.315625 0.24958333333333332 0.010416666666666666 0.030833333333333334
27 0.5552083333333333 0.275 0.0125 0.03166666666666667
38 0.3671875 0.46708333333333335 0.040625 0.1125
26 0.66328125 0.3 0.015104166666666667 0.035
25 0.71171875 0.3120833333333333 0.016145833333333335 0.04416666666666667
24 0.8315104166666667 0.36 0.021354166666666667 0.045
68 0.3770833333333333 0.2625 0.016666666666666666 0.035
69 0.29140625 0.25708333333333333 0.015104166666666667 0.034166666666666665
70 0.20364583333333333 0.2575 0.014583333333333334 0.03
71 0.115625 0.26 0.01875 0.035
72 0.040625 0.26708333333333334 0.017708333333333333 0.035833333333333335
76 0.06640625 0.31416666666666665 0.028645833333333332 0.055
77 0.13854166666666667 0.34625 0.03229166666666667 0.06916666666666667
78 0.21588541666666666 0.39125 0.0421875 0.08416666666666667
67 0.45 0.27375 0.016666666666666666 0.0325
66 0.5080729166666667 0.2833333333333333 0.0203125 0.03666666666666667
65 0.5265625 0.29125 0.01875 0.0375
64 0.6260416666666667 0.3304166666666667 0.028125 0.050833333333333335
63 0.8361979166666667 0.4375 0.04010416666666667 0.08833333333333333
