5 0.048177083333333336 0.455 0.044270833333333336 0.09833333333333333
4 0.184375 0.3279166666666667 0.022916666666666665 0.05583333333333333
19 0.79453125 0.36125 0.018229166666666668 0.04583333333333333
18 0.9236979166666667 0.39916666666666667 0.0203125 0.051666666666666666
21 0.5768229166666666 0.28541666666666665 0.009895833333333333 0.030833333333333334
20 0.65078125 0.3095833333333333 0.0140625 0.0375
22 0.5216145833333333 0.27 0.008854166666666666 0.02666666666666667
39 0.34609375 0.2575 0.0140625 0.03
40 0.38359375 0.27208333333333334 0.013020833333333334 0.034166666666666665
26 0.43020833333333336 0.2425 0.008333333333333333 0.02
23 0.490625 0.25875 0.009375 0.0225
25 0.43984375 0.24541666666666667 0.008854166666666666 0.0225
24 0.45807291666666666 0.25083333333333335 0.0078125 0.02
67 0.33489583333333334 0.23625 0.008333333333333333 0.0225
69 0.2591145833333333 0.23375 0.008854166666666666 0.0175
29 0.26848958333333334 0.23125 0.0067708333333333336 0.0175
64 0.38359375 0.24541666666666667 0.009895833333333333 0.024166666666666666
63 0.40677083333333336 0.25333333333333335 0.010416666666666666 0.023333333333333334
62 0.42083333333333334 0.26166666666666666 0.011458333333333333 0.02666666666666667
61 0.4546875 0.27666666666666667 0.014583333333333334 0.03166666666666667
60 0.49609375 0.29625 0.0203125 0.04083333333333333
58 0.5739583333333333 0.3358333333333333 0.025 0.056666666666666664
41 0.4005208333333333 0.28958333333333336 0.017708333333333333 0.04416666666666667
42 0.4401041666666667 0.3275 0.027083333333333334 0.06
68 0.3015625 0.23375 0.008333333333333333 0.0175
38 0.30182291666666666 0.25333333333333335 0.0078125 0.023333333333333334
57 0.68984375 0.3775 0.033854166666666664 0.07
43 0.5375 0.45458333333333334 0.053125 0.1075
56 0.91953125 0.4379166666666667 0.033854166666666664 0.07083333333333333
78 0.26614583333333336 0.24875 0.011458333333333333 0.029166666666666667
77 0.23671875 0.24541666666666667 0.009895833333333333 0.0225
2 0.2559895833333333 0.2683333333333333 0.013020833333333334 0.03333333333333333
3 0.23151041666666666 0.2866666666666667 0.0171875 0.03833333333333333
