61 0.5026041666666666 0.57 0.06666666666666667 0.15333333333333332
60 0.3151041666666667 0.36291666666666667 0.03125 0.07083333333333333
40 0.8260416666666667 0.5516666666666666 0.057291666666666664 0.12833333333333333
41 0.4830729166666667 0.36333333333333334 0.030729166666666665 0.07
42 0.37161458333333336 0.30833333333333335 0.021354166666666667 0.05
43 0.32265625 0.28375 0.0140625 0.0375
58 0.26197916666666665 0.3075 0.020833333333333332 0.045
44 0.290625 0.26958333333333334 0.013541666666666667 0.035833333333333335
57 0.22005208333333334 0.295 0.022395833333333334 0.045
45 0.2674479166666667 0.2654166666666667 0.0140625 0.0325
46 0.2234375 0.25875 0.0125 0.0325
56 0.14427083333333332 0.28583333333333333 0.016666666666666666 0.03833333333333333
19 0.04635416666666667 0.31666666666666665 0.016666666666666666 0.043333333333333335
3 0.72265625 0.375 0.0234375 0.05333333333333334
4 0.5479166666666667 0.32 0.014583333333333334 0.03833333333333333
5 0.45390625 0.29083333333333333 0.011979166666666667 0.03333333333333333
6 0.41510416666666666 0.2679166666666667 0.010416666666666666 0.029166666666666667
7 0.37135416666666665 0.2658333333333333 0.010416666666666666 0.02666666666666667
8 0.29635416666666664 0.25625 0.009375 0.0275
9 0.20494791666666667 0.25125 0.0078125 0.025833333333333333
47 0.16458333333333333 0.25583333333333336 0.013541666666666667 0.03166666666666667
10 0.10494791666666667 0.25333333333333335 0.0078125 0.023333333333333334
49 0.030989583333333334 0.2625 0.008854166666666666 0.02666666666666667
11 0.0049479166666666664 0.2579166666666667 0.0078125 0.024166666666666666
48 0.09895833333333333 0.25833333333333336 0.009375 0.02666666666666667
