20 0.8630208333333333 0.4270833333333333 0.027083333333333334 0.06416666666666666
21 0.6153645833333333 0.34708333333333335 0.019270833333333334 0.0475
22 0.4822916666666667 0.30875 0.0125 0.035833333333333335
39 0.21510416666666668 0.29625 0.017708333333333333 0.0375
29 0.1078125 0.25 0.008333333333333333 0.018333333333333333
27 0.2565104166666667 0.25583333333333336 0.0067708333333333336 0.021666666666666667
40 0.2916666666666667 0.3275 0.023958333333333335 0.051666666666666666
26 0.31354166666666666 0.26166666666666666 0.008333333333333333 0.02
25 0.328125 0.2654166666666667 0.009375 0.024166666666666666
24 0.35885416666666664 0.27416666666666667 0.010416666666666666 0.02666666666666667
23 0.4166666666666667 0.2891666666666667 0.010416666666666666 0.02666666666666667
41 0.37890625 0.4125 0.03802083333333333 0.08333333333333333
68 0.14739583333333334 0.2529166666666667 0.010416666666666666 0.024166666666666666
69 0.0953125 0.25333333333333335 0.009375 0.021666666666666667
78 0.09661458333333334 0.28375 0.0140625 0.034166666666666665
70 0.03958333333333333 0.2579166666666667 0.009375 0.024166666666666666
71 0.009375 0.27458333333333335 0.010416666666666666 0.029166666666666667
77 0.05625 0.2808333333333333 0.014583333333333334 0.03166666666666667
67 0.190625 0.25833333333333336 0.009375 0.02
66 0.22265625 0.25916666666666666 0.008854166666666666 0.021666666666666667
65 0.22916666666666666 0.2608333333333333 0.008333333333333333 0.023333333333333334
64 0.2596354166666667 0.26958333333333334 0.013020833333333334 0.025833333333333333
63 0.29791666666666666 0.2825 0.013541666666666667 0.03166666666666667
62 0.33359375 0.3016666666666667 0.016145833333333335 0.03666666666666667
61 0.41744791666666664 0.3375 0.024479166666666666 0.04833333333333333
60 0.5841145833333333 0.4125 0.04114583333333333 0.07833333333333334
42 0.915625 0.8929166666666667 0.10833333333333334 0.21083333333333334
38 0.14609375 0.28541666666666665 0.013020833333333334 0.034166666666666665
28 0.19401041666666666 0.2520833333333333 0.0067708333333333336 0.015833333333333335
30 0.035416666666666666 0.25416666666666665 0.00625 0.018333333333333333
1 0.04921875 0.30875 0.015104166666666667 0.030833333333333334
2 0.06302083333333333 0.33875 0.019791666666666666 0.050833333333333335
