42 0.6244791666666667 0.44875 0.041666666666666664 0.09416666666666666
43 0.43020833333333336 0.34375 0.027083333333333334 0.05583333333333333
58 0.3885416666666667 0.45666666666666667 0.046875 0.10333333333333333
44 0.3515625 0.30625 0.016666666666666666 0.04083333333333333
57 0.2677083333333333 0.38458333333333333 0.03854166666666667 0.07916666666666666
45 0.3109375 0.2920833333333333 0.016666666666666666 0.03916666666666667
46 0.24661458333333333 0.2833333333333333 0.0171875 0.03666666666666667
47 0.16458333333333333 0.27958333333333335 0.016666666666666666 0.0375
56 0.12161458333333333 0.3541666666666667 0.0296875 0.06333333333333334
4 0.9268229166666667 0.46125 0.030729166666666665 0.07083333333333333
5 0.6375 0.35875 0.01875 0.0475
6 0.5296875 0.30666666666666664 0.011458333333333333 0.035
7 0.45208333333333334 0.2970833333333333 0.011458333333333333 0.030833333333333334
8 0.34453125 0.2808333333333333 0.011979166666666667 0.028333333333333332
9 0.22005208333333334 0.27 0.0109375 0.03
10 0.08619791666666667 0.27208333333333334 0.009895833333333333 0.029166666666666667
48 0.075 0.2816666666666667 0.015625 0.03666666666666667
