64 0.9328125 0.8754166666666666 0.10520833333333333 0.2375
63 0.40729166666666666 0.4216666666666667 0.03958333333333333 0.08666666666666667
62 0.34453125 0.33708333333333335 0.022395833333333334 0.05416666666666667
38 0.7315104166666667 0.4066666666666667 0.030729166666666665 0.06666666666666667
61 0.3065104166666667 0.29875 0.018229166666666668 0.0425
78 0.9515625 0.46541666666666665 0.035416666666666666 0.07583333333333334
39 0.5317708333333333 0.35625 0.029166666666666667 0.059166666666666666
40 0.39739583333333334 0.30375 0.017708333333333333 0.0425
60 0.2955729166666667 0.28 0.011979166666666667 0.03333333333333333
41 0.36666666666666664 0.28125 0.015625 0.034166666666666665
42 0.3455729166666667 0.2675 0.013020833333333334 0.03166666666666667
43 0.3346354166666667 0.2625 0.009895833333333333 0.025
58 0.28828125 0.2683333333333333 0.008854166666666666 0.02666666666666667
0 0.8434895833333333 0.40125 0.018229166666666668 0.049166666666666664
44 0.32421875 0.25708333333333333 0.0109375 0.029166666666666667
57 0.26953125 0.2629166666666667 0.013020833333333334 0.029166666666666667
56 0.22942708333333334 0.26 0.0109375 0.025
20 0.17317708333333334 0.2775 0.008854166666666666 0.03
21 0.14479166666666668 0.2966666666666667 0.0125 0.03666666666666667
22 0.11302083333333333 0.33375 0.020833333333333332 0.0475
1 0.6916666666666667 0.35791666666666666 0.019791666666666666 0.04583333333333333
2 0.55078125 0.31333333333333335 0.013020833333333334 0.03666666666666667
3 0.484375 0.28833333333333333 0.0125 0.03166666666666667
4 0.4440104166666667 0.275 0.0109375 0.023333333333333334
5 0.41458333333333336 0.26666666666666666 0.008333333333333333 0.023333333333333334
6 0.40729166666666666 0.2554166666666667 0.007291666666666667 0.0225
7 0.38333333333333336 0.25666666666666665 0.007291666666666667 0.021666666666666667
47 0.24270833333333333 0.25125 0.008333333333333333 0.0225
45 0.3111979166666667 0.25166666666666665 0.009895833333333333 0.023333333333333334
19 0.18072916666666666 0.26625 0.008333333333333333 0.0275
