66 0.7984375 0.6120833333333333 0.06666666666666667 0.15583333333333332
65 0.87421875 0.4791666666666667 0.0453125 0.10166666666666667
64 0.8986979166666667 0.3620833333333333 0.025520833333333333 0.0575
63 0.9161458333333333 0.33458333333333334 0.017708333333333333 0.04416666666666667
62 0.9440104166666666 0.32 0.0171875 0.035
56 0.93828125 0.28833333333333333 0.0109375 0.02666666666666667
24 0.6611979166666667 0.33666666666666667 0.022395833333333334 0.05
26 0.14557291666666666 0.46125 0.04635416666666667 0.10083333333333333
25 0.44140625 0.38208333333333333 0.033854166666666664 0.07083333333333333
23 0.7466145833333333 0.31125 0.018229166666666668 0.04083333333333333
22 0.8174479166666667 0.3020833333333333 0.011979166666666667 0.030833333333333334
58 0.978125 0.29541666666666666 0.0125 0.024166666666666666
60 0.9674479166666666 0.2991666666666667 0.011979166666666667 0.028333333333333332
61 0.9541666666666667 0.30625 0.013541666666666667 0.0325
21 0.85078125 0.2920833333333333 0.009895833333333333 0.0325
