38 0.6479166666666667 0.615 0.0625 0.16333333333333333
78 0.36692708333333335 0.45625 0.05677083333333333 0.11416666666666667
77 0.24791666666666667 0.37625 0.03958333333333333 0.08416666666666667
76 0.15546875 0.3283333333333333 0.0296875 0.06666666666666667
75 0.07786458333333333 0.30791666666666667 0.027604166666666666 0.0525
74 0.027864583333333335 0.2925 0.022395833333333334 0.04833333333333333
73 0.0578125 0.27458333333333335 0.01875 0.03916666666666667
72 0.12005208333333334 0.2675 0.0171875 0.03833333333333333
71 0.2 0.26 0.01875 0.035
70 0.29609375 0.25708333333333333 0.013020833333333334 0.030833333333333334
69 0.39088541666666665 0.2625 0.015104166666666667 0.03333333333333333
68 0.48541666666666666 0.27125 0.014583333333333334 0.030833333333333334
67 0.5669270833333333 0.2833333333333333 0.0171875 0.03666666666666667
66 0.6338541666666667 0.2970833333333333 0.01875 0.03916666666666667
65 0.6625 0.30916666666666665 0.021875 0.043333333333333335
64 0.809375 0.36541666666666667 0.03125 0.060833333333333336
31 0.1421875 0.24791666666666667 0.010416666666666666 0.029166666666666667
32 0.0078125 0.25708333333333333 0.0125 0.030833333333333334
29 0.4140625 0.25416666666666665 0.010416666666666666 0.028333333333333332
28 0.5591145833333333 0.26875 0.011979166666666667 0.0275
27 0.675 0.28875 0.0125 0.0325
26 0.80078125 0.3204166666666667 0.016145833333333335 0.035833333333333335
25 0.8653645833333333 0.3408333333333333 0.018229166666666668 0.04
