63 0.8565104166666667 0.8741666666666666 0.10364583333333334 0.23833333333333334
62 0.4348958333333333 0.42083333333333334 0.0375 0.09
39 0.7559895833333333 0.4625 0.04635416666666667 0.09
40 0.46015625 0.33708333333333335 0.024479166666666666 0.05583333333333333
61 0.33307291666666666 0.32916666666666666 0.022395833333333334 0.056666666666666664
60 0.30494791666666665 0.2941666666666667 0.0171875 0.045
41 0.39765625 0.2975 0.019270833333333334 0.043333333333333335
42 0.3606770833333333 0.2783333333333333 0.015104166666666667 0.03833333333333333
43 0.34036458333333336 0.26625 0.011979166666666667 0.0275
58 0.28984375 0.27708333333333335 0.011979166666666667 0.034166666666666665
44 0.32447916666666665 0.2608333333333333 0.0125 0.02666666666666667
57 0.26640625 0.26916666666666667 0.0140625 0.03333333333333333
45 0.3072916666666667 0.25583333333333336 0.009375 0.03
56 0.21692708333333333 0.26625 0.013020833333333334 0.0325
20 0.14765625 0.29333333333333333 0.013020833333333334 0.03833333333333333
21 0.10520833333333333 0.3279166666666667 0.016666666666666666 0.04583333333333333
22 0.0359375 0.41583333333333333 0.03125 0.08
1 0.9169270833333333 0.43666666666666665 0.03177083333333333 0.06333333333333334
2 0.6627604166666666 0.35291666666666666 0.019270833333333334 0.04583333333333333
3 0.5440104166666667 0.30791666666666667 0.015104166666666667 0.034166666666666665
4 0.4783854166666667 0.2875 0.011979166666666667 0.03
5 0.4348958333333333 0.27416666666666667 0.008333333333333333 0.023333333333333334
6 0.41901041666666666 0.26125 0.008854166666666666 0.0225
8 0.3338541666666667 0.25166666666666665 0.008333333333333333 0.021666666666666667
7 0.38958333333333334 0.2604166666666667 0.009375 0.020833333333333332
47 0.23098958333333333 0.2504166666666667 0.009895833333333333 0.020833333333333332
46 0.27682291666666664 0.2525 0.009895833333333333 0.03
19 0.15807291666666667 0.27708333333333335 0.0109375 0.034166666666666665
18 0.12838541666666667 0.27666666666666667 0.0078125 0.028333333333333332
17 0.037760416666666664 0.27375 0.0078125 0.025833333333333333
