66 0.8861979166666667 0.86875 0.10885416666666667 0.25083333333333335
65 0.8260416666666667 0.55 0.057291666666666664 0.13
64 0.74765625 0.3720833333333333 0.025520833333333333 0.060833333333333336
63 0.7356770833333334 0.32958333333333334 0.019270833333333334 0.0425
62 0.7505208333333333 0.30833333333333335 0.015625 0.03666666666666667
38 0.94453125 0.35333333333333333 0.021354166666666667 0.04
39 0.85625 0.3283333333333333 0.019791666666666666 0.04
40 0.8140625 0.30375 0.014583333333333334 0.0325
56 0.72265625 0.2733333333333333 0.013020833333333334 0.025
24 0.47578125 0.3525 0.025520833333333333 0.056666666666666664
25 0.22864583333333333 0.4429166666666667 0.041666666666666664 0.09083333333333334
23 0.5541666666666667 0.3145833333333333 0.019791666666666666 0.0425
22 0.6166666666666667 0.2991666666666667 0.013541666666666667 0.03166666666666667
1 0.9890625 0.345 0.014583333333333334 0.03333333333333333
2 0.925 0.31708333333333333 0.0125 0.034166666666666665
3 0.9028645833333333 0.30375 0.0109375 0.025833333333333333
4 0.88671875 0.29583333333333334 0.009895833333333333 0.025
5 0.8744791666666667 0.28958333333333336 0.0125 0.024166666666666666
21 0.6440104166666667 0.2866666666666667 0.008854166666666666 0.03
