4 0.04739583333333333 0.39791666666666664 0.03229166666666667 0.08083333333333333
19 0.865625 0.41125 0.023958333333333335 0.0575
21 0.53125 0.30125 0.0125 0.0325
20 0.6421875 0.3375 0.016666666666666666 0.041666666666666664
22 0.45729166666666665 0.28375 0.010416666666666666 0.025833333333333333
39 0.25546875 0.27208333333333334 0.0140625 0.034166666666666665
40 0.30494791666666665 0.28833333333333333 0.016145833333333335 0.04
26 0.34348958333333335 0.24916666666666668 0.0067708333333333336 0.023333333333333334
23 0.4171875 0.27125 0.010416666666666666 0.0225
25 0.35520833333333335 0.2525 0.008333333333333333 0.021666666666666667
24 0.3770833333333333 0.2604166666666667 0.009375 0.0225
41 0.33619791666666665 0.31875 0.021354166666666667 0.0525
69 0.15651041666666668 0.24375 0.008854166666666666 0.019166666666666665
70 0.11145833333333334 0.245 0.009375 0.02
67 0.23932291666666666 0.24583333333333332 0.009895833333333333 0.021666666666666667
66 0.265625 0.24916666666666668 0.007291666666666667 0.021666666666666667
65 0.27109375 0.2504166666666667 0.0067708333333333336 0.020833333333333332
68 0.20286458333333332 0.24541666666666667 0.0078125 0.020833333333333332
29 0.16666666666666666 0.24125 0.008333333333333333 0.0175
64 0.2953125 0.2529166666666667 0.011458333333333333 0.024166666666666666
63 0.3223958333333333 0.2658333333333333 0.011458333333333333 0.028333333333333332
62 0.34401041666666665 0.27166666666666667 0.013020833333333334 0.03666666666666667
61 0.38958333333333334 0.2941666666666667 0.016666666666666666 0.03666666666666667
60 0.45546875 0.32208333333333333 0.022395833333333334 0.0475
58 0.6 0.38875 0.03125 0.0725
42 0.41796875 0.3858333333333333 0.034895833333333334 0.08
38 0.20494791666666667 0.2683333333333333 0.009895833333333333 0.02666666666666667
30 0.10520833333333333 0.24458333333333335 0.00625 0.015833333333333335
57 0.8114583333333333 0.46291666666666664 0.04479166666666667 0.08916666666666667
43 0.80859375 0.7820833333333334 0.09947916666666666 0.22083333333333333
78 0.16484375 0.26375 0.011979166666666667 0.0275
77 0.13177083333333334 0.26166666666666666 0.010416666666666666 0.02666666666666667
2 0.15338541666666666 0.29041666666666666 0.0140625 0.035833333333333335
3 0.11927083333333334 0.31875 0.019791666666666666 0.0475
