6 0.26171875 0.40458333333333335 0.03697916666666667 0.09416666666666666
5 0.61484375 0.34541666666666665 0.021354166666666667 0.05583333333333333
4 0.71875 0.31166666666666665 0.01875 0.03833333333333333
45 0.8723958333333334 0.8229166666666666 0.08958333333333333 0.2375
38 0.8552083333333333 0.27875 0.010416666666666666 0.0275
39 0.8908854166666667 0.2875 0.0140625 0.02666666666666667
44 0.81875 0.5325 0.051041666666666666 0.12333333333333334
43 0.8734375 0.3804166666666667 0.030208333333333334 0.0675
40 0.9088541666666666 0.2975 0.016666666666666666 0.03166666666666667
64 0.9390625 0.28208333333333335 0.013541666666666667 0.0225
63 0.9515625 0.29 0.010416666666666666 0.02
62 0.9578125 0.29583333333333334 0.0125 0.025
61 0.9716145833333333 0.30666666666666664 0.018229166666666668 0.03166666666666667
60 0.98359375 0.3204166666666667 0.018229166666666668 0.035833333333333335
41 0.90390625 0.3104166666666667 0.0171875 0.035833333333333335
42 0.8971354166666666 0.3329166666666667 0.0234375 0.0425
78 0.8268229166666666 0.27416666666666667 0.013020833333333334 0.023333333333333334
77 0.8036458333333333 0.27208333333333334 0.011458333333333333 0.025833333333333333
2 0.8033854166666666 0.2833333333333333 0.011979166666666667 0.03
3 0.7697916666666667 0.2925 0.0125 0.03333333333333333
