63 0.7559895833333333 0.7679166666666667 0.08802083333333334 0.2075
62 0.4234375 0.4041666666666667 0.034375 0.08
39 0.7263020833333333 0.44875 0.044270833333333336 0.08583333333333333
40 0.4546875 0.32958333333333334 0.023958333333333335 0.05416666666666667
61 0.33255208333333336 0.32125 0.021354166666666667 0.05416666666666667
60 0.30625 0.2916666666666667 0.017708333333333333 0.04
41 0.3953125 0.2925 0.017708333333333333 0.041666666666666664
42 0.3606770833333333 0.27458333333333335 0.0140625 0.0375
43 0.3419270833333333 0.26416666666666666 0.011979166666666667 0.028333333333333332
58 0.29270833333333335 0.27291666666666664 0.013541666666666667 0.034166666666666665
44 0.3265625 0.25625 0.010416666666666666 0.024166666666666666
57 0.26953125 0.26625 0.013020833333333334 0.0275
45 0.3106770833333333 0.2554166666666667 0.009895833333333333 0.029166666666666667
56 0.2203125 0.26166666666666666 0.0125 0.028333333333333332
20 0.15260416666666668 0.28791666666666665 0.013541666666666667 0.03916666666666667
21 0.11197916666666667 0.32 0.017708333333333333 0.04666666666666667
22 0.04895833333333333 0.39875 0.03229166666666667 0.08083333333333333
1 0.88984375 0.42791666666666667 0.030729166666666665 0.059166666666666666
2 0.6513020833333333 0.34791666666666665 0.018229166666666668 0.0425
3 0.5393229166666667 0.30541666666666667 0.011979166666666667 0.030833333333333334
4 0.47604166666666664 0.285 0.013541666666666667 0.03
5 0.43463541666666666 0.2683333333333333 0.009895833333333333 0.03333333333333333
6 0.4192708333333333 0.2579166666666667 0.007291666666666667 0.025833333333333333
8 0.3359375 0.24791666666666667 0.009375 0.025833333333333333
7 0.39140625 0.25958333333333333 0.008854166666666666 0.0225
47 0.23359375 0.24708333333333332 0.0078125 0.024166666666666666
46 0.2786458333333333 0.24833333333333332 0.009375 0.023333333333333334
19 0.16276041666666666 0.27166666666666667 0.009895833333333333 0.028333333333333332
18 0.13359375 0.2704166666666667 0.008854166666666666 0.030833333333333334
17 0.04479166666666667 0.26666666666666666 0.007291666666666667 0.02666666666666667
