64 0.5653645833333333 0.48791666666666667 0.0453125 0.1125
63 0.4122395833333333 0.3575 0.025520833333333333 0.06166666666666667
62 0.38984375 0.3120833333333333 0.019270833333333334 0.04416666666666667
38 0.6723958333333333 0.3591666666666667 0.025 0.055
61 0.36614583333333334 0.28541666666666665 0.013541666666666667 0.034166666666666665
78 0.82890625 0.39666666666666667 0.0265625 0.058333333333333334
39 0.534375 0.3279166666666667 0.022916666666666665 0.04583333333333333
40 0.4440104166666667 0.29125 0.0140625 0.0375
41 0.4234375 0.27458333333333335 0.013541666666666667 0.030833333333333334
42 0.40989583333333335 0.2658333333333333 0.010416666666666666 0.028333333333333332
0 0.7940104166666667 0.36291666666666667 0.0171875 0.04083333333333333
43 0.40182291666666664 0.26 0.009895833333333333 0.025
56 0.30546875 0.255 0.009895833333333333 0.02666666666666667
57 0.34270833333333334 0.25958333333333333 0.010416666666666666 0.024166666666666666
20 0.2552083333333333 0.26916666666666667 0.009375 0.028333333333333332
23 0.1328125 0.35541666666666666 0.029166666666666667 0.0575
21 0.2328125 0.2833333333333333 0.010416666666666666 0.03
22 0.20885416666666667 0.30625 0.016666666666666666 0.04083333333333333
1 0.6760416666666667 0.32916666666666666 0.01875 0.04
2 0.5744791666666667 0.3016666666666667 0.0125 0.03166666666666667
3 0.5283854166666667 0.28291666666666665 0.009895833333333333 0.029166666666666667
4 0.4973958333333333 0.2704166666666667 0.009375 0.0225
5 0.4752604166666667 0.26208333333333333 0.0078125 0.024166666666666666
44 0.39375 0.2529166666666667 0.008333333333333333 0.024166666666666666
47 0.31979166666666664 0.2475 0.010416666666666666 0.025
