38 0.9263020833333333 0.8158333333333333 0.09010416666666667 0.23
78 0.48932291666666666 0.535 0.0703125 0.14
77 0.33098958333333334 0.4166666666666667 0.04739583333333333 0.09666666666666666
76 0.22239583333333332 0.35208333333333336 0.034375 0.07083333333333333
75 0.13723958333333333 0.3258333333333333 0.028645833333333332 0.055
74 0.08463541666666667 0.30791666666666667 0.0234375 0.0525
73 0.11953125 0.2875 0.019270833333333334 0.04
72 0.18489583333333334 0.28125 0.017708333333333333 0.04083333333333333
71 0.2682291666666667 0.27416666666666667 0.01875 0.03666666666666667
70 0.36822916666666666 0.2758333333333333 0.014583333333333334 0.03
69 0.46770833333333334 0.28041666666666665 0.016666666666666666 0.034166666666666665
68 0.565625 0.29125 0.01875 0.0375
67 0.6544270833333333 0.3075 0.0171875 0.04
66 0.7294270833333333 0.3254166666666667 0.021354166666666667 0.0425
65 0.7630208333333334 0.34 0.020833333333333332 0.04
64 0.9463541666666667 0.41 0.03333333333333333 0.06833333333333333
31 0.20651041666666667 0.2604166666666667 0.0109375 0.029166666666666667
32 0.06796875 0.2675 0.013020833333333334 0.03166666666666667
29 0.48854166666666665 0.27166666666666667 0.011458333333333333 0.03166666666666667
28 0.6416666666666667 0.29041666666666666 0.011458333333333333 0.029166666666666667
27 0.7640625 0.31666666666666665 0.017708333333333333 0.03333333333333333
26 0.9028645833333333 0.35208333333333336 0.0171875 0.0375
25 0.9783854166666667 0.37875 0.018229166666666668 0.04083333333333333
