62 0.4515625 0.4345833333333333 0.040625 0.09416666666666666
39 0.8020833333333334 0.4816666666666667 0.05 0.09833333333333333
40 0.46822916666666664 0.33791666666666664 0.023958333333333335 0.05583333333333333
61 0.33567708333333335 0.33208333333333334 0.0234375 0.059166666666666666
60 0.3026041666666667 0.2941666666666667 0.01875 0.043333333333333335
41 0.39869791666666665 0.2970833333333333 0.019270833333333334 0.04416666666666667
42 0.35885416666666664 0.27791666666666665 0.014583333333333334 0.0375
43 0.3380208333333333 0.265 0.011458333333333333 0.03
58 0.28671875 0.27666666666666667 0.0140625 0.035
44 0.32057291666666665 0.25833333333333336 0.0109375 0.028333333333333332
57 0.2630208333333333 0.26875 0.015625 0.0325
45 0.30416666666666664 0.25416666666666665 0.013541666666666667 0.03166666666666667
56 0.21171875 0.26458333333333334 0.013020833333333334 0.030833333333333334
20 0.13958333333333334 0.29625 0.014583333333333334 0.0375
21 0.09479166666666666 0.3325 0.019791666666666666 0.055
22 0.015364583333333333 0.43625 0.0296875 0.08916666666666667
1 0.9578125 0.44333333333333336 0.028125 0.065
2 0.6791666666666667 0.3541666666666667 0.01875 0.04833333333333333
3 0.55 0.3070833333333333 0.015625 0.034166666666666665
4 0.47942708333333334 0.28625 0.0140625 0.0275
5 0.43385416666666665 0.2725 0.009375 0.02666666666666667
6 0.415625 0.25833333333333336 0.008333333333333333 0.02666666666666667
8 0.3302083333333333 0.24875 0.007291666666666667 0.024166666666666666
7 0.3875 0.25833333333333336 0.008333333333333333 0.025
47 0.22552083333333334 0.24791666666666667 0.008333333333333333 0.025833333333333333
46 0.27109375 0.2504166666666667 0.009895833333333333 0.0275
19 0.15078125 0.2758333333333333 0.0109375 0.03666666666666667
18 0.12083333333333333 0.27625 0.008333333333333333 0.0275
17 0.027864583333333335 0.27458333333333335 0.0078125 0.029166666666666667
