39 0.2520833333333333 0.35041666666666665 0.029166666666666667 0.06583333333333333
29 0.10442708333333334 0.24791666666666667 0.009895833333333333 0.025833333333333333
27 0.29192708333333334 0.25125 0.0109375 0.025833333333333333
40 0.52890625 0.5733333333333334 0.07760416666666667 0.15333333333333332
38 0.1328125 0.3225 0.016666666666666666 0.04833333333333333
26 0.36822916666666666 0.26125 0.010416666666666666 0.0275
25 0.3927083333333333 0.265 0.0125 0.035
24 0.4479166666666667 0.28375 0.013541666666666667 0.034166666666666665
23 0.5578125 0.31833333333333336 0.01875 0.035
22 0.7322916666666667 0.3775 0.026041666666666668 0.055
68 0.15286458333333333 0.2520833333333333 0.0109375 0.030833333333333334
69 0.08515625 0.25333333333333335 0.008854166666666666 0.02666666666666667
70 0.015104166666666667 0.2575 0.010416666666666666 0.025
78 0.05703125 0.31166666666666665 0.021354166666666667 0.04833333333333333
67 0.20703125 0.25416666666666665 0.011979166666666667 0.025
66 0.24921875 0.25916666666666666 0.011979166666666667 0.03
65 0.25859375 0.26166666666666666 0.011979166666666667 0.03333333333333333
64 0.3067708333333333 0.27708333333333335 0.016666666666666666 0.03916666666666667
63 0.37786458333333334 0.31 0.0203125 0.04666666666666667
62 0.4778645833333333 0.36291666666666667 0.0296875 0.0575
61 0.8497395833333333 0.5495833333333333 0.058854166666666666 0.1225
28 0.21223958333333334 0.24708333333333332 0.0067708333333333336 0.019166666666666665
