5 0.1375 0.41375 0.0375 0.08916666666666667
4 0.25026041666666665 0.31833333333333336 0.021354166666666667 0.04833333333333333
19 0.8174479166666667 0.3591666666666667 0.0171875 0.043333333333333335
18 0.934375 0.395 0.016666666666666666 0.04666666666666667
21 0.6247395833333333 0.28833333333333333 0.009895833333333333 0.028333333333333332
20 0.69140625 0.3125 0.011979166666666667 0.03666666666666667
22 0.5747395833333333 0.2725 0.009895833333333333 0.02666666666666667
39 0.40572916666666664 0.26166666666666666 0.014583333333333334 0.025
40 0.4393229166666667 0.2733333333333333 0.015104166666666667 0.03166666666666667
26 0.490625 0.24833333333333332 0.007291666666666667 0.021666666666666667
23 0.54765625 0.2629166666666667 0.009895833333333333 0.0225
25 0.49895833333333334 0.2504166666666667 0.008333333333333333 0.024166666666666666
67 0.396875 0.23958333333333334 0.009375 0.024166666666666666
69 0.32369791666666664 0.23541666666666666 0.009895833333333333 0.019166666666666665
29 0.3333333333333333 0.23458333333333334 0.008333333333333333 0.019166666666666665
64 0.44375 0.24708333333333332 0.0125 0.024166666666666666
63 0.46484375 0.2579166666666667 0.011979166666666667 0.024166666666666666
62 0.478125 0.265 0.013541666666666667 0.03
24 0.5158854166666667 0.2579166666666667 0.008854166666666666 0.0175
61 0.5078125 0.2783333333333333 0.015625 0.028333333333333332
60 0.5432291666666667 0.29625 0.017708333333333333 0.0375
58 0.6091145833333333 0.32958333333333334 0.024479166666666666 0.05416666666666667
41 0.45234375 0.29 0.018229166666666668 0.03833333333333333
42 0.4828125 0.32458333333333333 0.025 0.05583333333333333
68 0.3645833333333333 0.23833333333333334 0.009375 0.021666666666666667
38 0.3640625 0.2554166666666667 0.008333333333333333 0.0225
57 0.7052083333333333 0.3695833333333333 0.030208333333333334 0.06416666666666666
43 0.5484375 0.4225 0.042708333333333334 0.095
56 0.9091145833333333 0.42125 0.030729166666666665 0.07583333333333334
78 0.3302083333333333 0.25125 0.011458333333333333 0.0275
77 0.30182291666666666 0.25 0.011979166666666667 0.025
2 0.31953125 0.26875 0.011979166666666667 0.0325
3 0.2953125 0.2833333333333333 0.015625 0.03833333333333333
