39 0.7518229166666667 0.6933333333333334 0.08802083333333334 0.19
31 0.052083333333333336 0.2525 0.0125 0.025
30 0.19817708333333334 0.25 0.0109375 0.02666666666666667
29 0.3065104166666667 0.24833333333333332 0.011979166666666667 0.028333333333333332
27 0.5432291666666667 0.27291666666666664 0.013541666666666667 0.034166666666666665
38 0.3533854166666667 0.45875 0.0421875 0.11083333333333334
26 0.6526041666666667 0.29625 0.014583333333333334 0.034166666666666665
25 0.6986979166666667 0.3104166666666667 0.016145833333333335 0.04583333333333333
24 0.8166666666666667 0.35791666666666666 0.01875 0.04583333333333333
68 0.36666666666666664 0.2604166666666667 0.016666666666666666 0.035833333333333335
69 0.28177083333333336 0.2575 0.015625 0.035
70 0.19322916666666667 0.255 0.014583333333333334 0.03333333333333333
71 0.10572916666666667 0.25916666666666666 0.016666666666666666 0.03333333333333333
72 0.030989583333333334 0.2675 0.018229166666666668 0.03666666666666667
76 0.05859375 0.31375 0.028645833333333332 0.05416666666666667
77 0.12942708333333333 0.3441666666666667 0.030729166666666665 0.06833333333333333
78 0.20494791666666667 0.3879166666666667 0.03802083333333333 0.08583333333333333
67 0.4393229166666667 0.2704166666666667 0.016145833333333335 0.034166666666666665
66 0.49713541666666666 0.2808333333333333 0.019270833333333334 0.04
65 0.5145833333333333 0.28875 0.017708333333333333 0.04083333333333333
64 0.61328125 0.32708333333333334 0.027604166666666666 0.050833333333333335
63 0.8151041666666666 0.42875 0.040625 0.08083333333333333
