5 0.2989583333333333 0.37625 0.030208333333333334 0.07416666666666667
4 0.39895833333333336 0.3104166666666667 0.01875 0.04583333333333333
19 0.9205729166666666 0.3620833333333333 0.016145833333333335 0.0425
21 0.7572916666666667 0.2925 0.013541666666666667 0.03333333333333333
20 0.8130208333333333 0.31625 0.0125 0.035833333333333335
22 0.7138020833333333 0.27958333333333335 0.0109375 0.025833333333333333
44 0.8348958333333333 0.7866666666666666 0.08958333333333333 0.22166666666666668
39 0.5513020833333333 0.26375 0.015104166666666667 0.029166666666666667
40 0.5828125 0.27458333333333335 0.020833333333333332 0.029166666666666667
26 0.6377604166666667 0.25458333333333333 0.009895833333333333 0.0175
23 0.6890625 0.2675 0.010416666666666666 0.021666666666666667
25 0.6458333333333334 0.25666666666666665 0.007291666666666667 0.023333333333333334
69 0.47682291666666665 0.23791666666666667 0.0109375 0.0225
29 0.4864583333333333 0.23583333333333334 0.009375 0.025
64 0.59140625 0.25458333333333333 0.009895833333333333 0.020833333333333332
63 0.6091145833333333 0.26166666666666666 0.013020833333333334 0.025
62 0.6208333333333333 0.26875 0.0125 0.0275
24 0.6606770833333333 0.2625 0.009895833333333333 0.02
61 0.6466145833333333 0.2808333333333333 0.0171875 0.03166666666666667
60 0.6736979166666667 0.2975 0.018229166666666668 0.03666666666666667
58 0.7229166666666667 0.33 0.022916666666666665 0.051666666666666666
41 0.5888020833333333 0.29041666666666666 0.0171875 0.0375
42 0.6075520833333333 0.3204166666666667 0.025520833333333333 0.050833333333333335
57 0.8028645833333333 0.36041666666666666 0.028645833333333332 0.059166666666666666
43 0.6385416666666667 0.3958333333333333 0.035416666666666666 0.07833333333333334
56 0.97890625 0.41333333333333333 0.030729166666666665 0.06666666666666667
78 0.48072916666666665 0.2525 0.014583333333333334 0.025
77 0.45390625 0.25333333333333335 0.0140625 0.03
2 0.46770833333333334 0.2679166666666667 0.014583333333333334 0.029166666666666667
3 0.44244791666666666 0.28291666666666665 0.013020833333333334 0.030833333333333334
