75 0.9325520833333333 0.8070833333333334 0.09427083333333333 0.22583333333333333
74 0.5645833333333333 0.5354166666666667 0.053125 0.12916666666666668
73 0.55703125 0.41083333333333333 0.04010416666666667 0.085
72 0.6455729166666667 0.38125 0.028645833333333332 0.06416666666666666
71 0.7697916666666667 0.3729166666666667 0.029166666666666667 0.059166666666666666
70 0.9190104166666667 0.38166666666666665 0.024479166666666666 0.055
31 0.6203125 0.325 0.016666666666666666 0.041666666666666664
32 0.4075520833333333 0.3258333333333333 0.021354166666666667 0.05
33 0.20703125 0.34833333333333333 0.0265625 0.06333333333333334
30 0.8552083333333333 0.34791666666666665 0.016666666666666666 0.04083333333333333
