41 0.59140625 0.4191666666666667 0.044270833333333336 0.08833333333333333
42 0.4161458333333333 0.3283333333333333 0.023958333333333335 0.055
43 0.34739583333333335 0.29291666666666666 0.019791666666666666 0.04083333333333333
60 0.3690104166666667 0.42 0.0421875 0.09
58 0.28541666666666665 0.32708333333333334 0.025 0.0575
44 0.30807291666666664 0.2758333333333333 0.015104166666666667 0.03333333333333333
57 0.23203125 0.3075 0.022395833333333334 0.051666666666666666
45 0.28072916666666664 0.2675 0.013541666666666667 0.035
46 0.23333333333333334 0.26166666666666666 0.015625 0.035
47 0.16848958333333333 0.26 0.0140625 0.028333333333333332
56 0.14401041666666667 0.29541666666666666 0.022395833333333334 0.04083333333333333
19 0.02109375 0.33791666666666664 0.022395833333333334 0.050833333333333335
3 0.8765625 0.43041666666666667 0.029166666666666667 0.06916666666666667
4 0.6208333333333333 0.3425 0.01875 0.045
5 0.49557291666666664 0.30333333333333334 0.0140625 0.03333333333333333
6 0.44427083333333334 0.27458333333333335 0.010416666666666666 0.030833333333333334
7 0.39375 0.2708333333333333 0.010416666666666666 0.03
8 0.31171875 0.26 0.009895833333333333 0.028333333333333332
9 0.21276041666666667 0.2529166666666667 0.0078125 0.024166666666666666
10 0.10364583333333334 0.255 0.008333333333333333 0.025
49 0.022395833333333334 0.2633333333333333 0.010416666666666666 0.03
48 0.09739583333333333 0.26166666666666666 0.0125 0.03333333333333333
