19 0.98046875 0.46458333333333335 0.027604166666666666 0.0675
20 0.675 0.3595833333333333 0.020833333333333332 0.0525
21 0.5309895833333333 0.31416666666666665 0.0140625 0.03833333333333333
22 0.44036458333333334 0.29083333333333333 0.0109375 0.03
39 0.21901041666666668 0.27958333333333335 0.0140625 0.0375
40 0.27578125 0.3016666666666667 0.018229166666666668 0.045
26 0.30911458333333336 0.25458333333333333 0.0067708333333333336 0.020833333333333332
23 0.3927083333333333 0.27708333333333335 0.011458333333333333 0.020833333333333332
25 0.3221354166666667 0.25708333333333333 0.0078125 0.019166666666666665
24 0.34661458333333334 0.26666666666666666 0.009895833333333333 0.021666666666666667
3 0.05572916666666667 0.34708333333333335 0.022916666666666665 0.05583333333333333
41 0.3203125 0.34 0.028125 0.06166666666666667
68 0.15911458333333334 0.2504166666666667 0.008854166666666666 0.020833333333333332
69 0.11171875 0.24791666666666667 0.009895833333333333 0.025833333333333333
78 0.11875 0.2725 0.013541666666666667 0.03
70 0.062239583333333334 0.25 0.008854166666666666 0.02
77 0.08333333333333333 0.2704166666666667 0.0125 0.029166666666666667
67 0.19947916666666668 0.24958333333333332 0.009375 0.025833333333333333
66 0.22708333333333333 0.2525 0.00625 0.021666666666666667
65 0.23359375 0.2529166666666667 0.0067708333333333336 0.020833333333333332
29 0.1234375 0.24666666666666667 0.007291666666666667 0.02
64 0.2591145833333333 0.2608333333333333 0.009895833333333333 0.023333333333333334
63 0.290625 0.2708333333333333 0.0125 0.03
62 0.3151041666666667 0.28458333333333335 0.013541666666666667 0.034166666666666665
61 0.3729166666666667 0.30833333333333335 0.017708333333333333 0.03833333333333333
60 0.45989583333333334 0.3433333333333333 0.027083333333333334 0.055
58 0.6856770833333333 0.4483333333333333 0.0390625 0.09
42 0.45598958333333334 0.45875 0.04739583333333333 0.10583333333333333
38 0.1625 0.2733333333333333 0.011458333333333333 0.03166666666666667
30 0.05755208333333333 0.2504166666666667 0.005729166666666666 0.019166666666666665
1 0.08385416666666666 0.2875 0.013541666666666667 0.03
2 0.10208333333333333 0.30416666666666664 0.015625 0.041666666666666664
