39 0.9151041666666667 0.7454166666666666 0.08333333333333333 0.2075
38 0.4348958333333333 0.4741666666666667 0.042708333333333334 0.11166666666666666
78 0.25859375 0.3929166666666667 0.0390625 0.08416666666666667
77 0.1703125 0.34541666666666665 0.034375 0.0675
76 0.09192708333333334 0.3120833333333333 0.0265625 0.05416666666666667
75 0.021614583333333333 0.2975 0.0234375 0.04666666666666667
72 0.0546875 0.26375 0.015625 0.035833333333333335
71 0.13151041666666666 0.25666666666666665 0.016145833333333335 0.03666666666666667
70 0.21901041666666668 0.2529166666666667 0.011979166666666667 0.029166666666666667
69 0.30755208333333334 0.25416666666666665 0.0140625 0.03333333333333333
68 0.39479166666666665 0.26125 0.015625 0.0325
67 0.46875 0.27125 0.013541666666666667 0.030833333333333334
66 0.5296875 0.28125 0.017708333333333333 0.0375
65 0.5502604166666667 0.29083333333333333 0.0171875 0.03833333333333333
64 0.6606770833333333 0.3308333333333333 0.025520833333333333 0.05333333333333334
63 0.8895833333333333 0.44625 0.042708333333333334 0.08916666666666667
31 0.07473958333333333 0.24666666666666667 0.009895833333333333 0.02666666666666667
29 0.33098958333333334 0.24708333333333332 0.009895833333333333 0.0275
28 0.4671875 0.25666666666666665 0.010416666666666666 0.028333333333333332
27 0.5731770833333333 0.27416666666666667 0.011979166666666667 0.03
26 0.6848958333333334 0.2975 0.013541666666666667 0.03666666666666667
25 0.7356770833333334 0.31416666666666665 0.016145833333333335 0.03833333333333333
24 0.8640625 0.36291666666666667 0.01875 0.0425
