38 0.45260416666666664 0.4845833333333333 0.042708333333333334 0.11916666666666667
78 0.26979166666666665 0.39875 0.042708333333333334 0.08916666666666667
77 0.17994791666666668 0.34708333333333335 0.034895833333333334 0.07083333333333333
76 0.09947916666666666 0.31125 0.028125 0.059166666666666666
75 0.028645833333333332 0.2991666666666667 0.022916666666666665 0.04666666666666667
73 0.00859375 0.26916666666666667 0.0140625 0.035
72 0.06302083333333333 0.26166666666666666 0.016666666666666666 0.03166666666666667
71 0.13932291666666666 0.25333333333333335 0.016145833333333335 0.03333333333333333
70 0.22890625 0.25125 0.013020833333333334 0.0325
69 0.31875 0.25416666666666665 0.013541666666666667 0.03333333333333333
68 0.40520833333333334 0.2608333333333333 0.013541666666666667 0.03333333333333333
67 0.48151041666666666 0.27166666666666667 0.0140625 0.03
66 0.5416666666666666 0.28208333333333335 0.016666666666666666 0.0375
65 0.5635416666666667 0.2916666666666667 0.016666666666666666 0.04
64 0.6770833333333334 0.3325 0.026041666666666668 0.056666666666666664
63 0.91796875 0.4533333333333333 0.04010416666666667 0.085
31 0.08411458333333334 0.24625 0.0109375 0.025833333333333333
29 0.340625 0.24625 0.009375 0.0275
28 0.47890625 0.25625 0.0109375 0.029166666666666667
27 0.5848958333333333 0.27208333333333334 0.011458333333333333 0.030833333333333334
26 0.6989583333333333 0.2991666666666667 0.014583333333333334 0.035
25 0.7510416666666667 0.3154166666666667 0.017708333333333333 0.04083333333333333
24 0.8838541666666667 0.36666666666666664 0.019791666666666666 0.04833333333333333
