39 0.26588541666666665 0.3591666666666667 0.0328125 0.06833333333333333
29 0.11041666666666666 0.245 0.008333333333333333 0.025
27 0.30364583333333334 0.25083333333333335 0.009375 0.02666666666666667
40 0.6278645833333333 0.6695833333333333 0.08072916666666667 0.18916666666666668
38 0.13619791666666667 0.3254166666666667 0.019270833333333334 0.0575
26 0.38203125 0.25958333333333333 0.0109375 0.029166666666666667
25 0.40729166666666666 0.2679166666666667 0.0125 0.035833333333333335
24 0.46536458333333336 0.2875 0.015104166666666667 0.03333333333333333
23 0.5869791666666667 0.3229166666666667 0.020833333333333332 0.04083333333333333
22 0.7872395833333333 0.395 0.028645833333333332 0.06
68 0.16015625 0.25166666666666665 0.011979166666666667 0.03
69 0.090625 0.25 0.0125 0.03
70 0.018229166666666668 0.25375 0.010416666666666666 0.0275
78 0.05703125 0.31333333333333335 0.025520833333333333 0.051666666666666666
67 0.21640625 0.25333333333333335 0.013020833333333334 0.03
66 0.2591145833333333 0.25708333333333333 0.013020833333333334 0.029166666666666667
65 0.26848958333333334 0.2629166666666667 0.011979166666666667 0.030833333333333334
64 0.32057291666666665 0.27875 0.0171875 0.0375
63 0.39869791666666665 0.31375 0.0203125 0.049166666666666664
62 0.5138020833333333 0.37583333333333335 0.030729166666666665 0.065
61 0.9770833333333333 0.6229166666666667 0.04375 0.14416666666666667
28 0.22057291666666667 0.245 0.0078125 0.023333333333333334
