32 0.20651041666666667 0.275 0.015104166666666667 0.035
33 0.08072916666666667 0.2891666666666667 0.017708333333333333 0.03666666666666667
31 0.35625 0.27125 0.0125 0.0325
29 0.66171875 0.29291666666666666 0.011979166666666667 0.034166666666666665
30 0.52890625 0.28 0.0109375 0.03
28 0.8296875 0.31875 0.013541666666666667 0.034166666666666665
27 0.9734375 0.35333333333333333 0.014583333333333334 0.035
78 0.9489583333333333 0.8420833333333333 0.1 0.23583333333333334
68 0.7559895833333333 0.31875 0.0171875 0.04083333333333333
69 0.6442708333333333 0.3025 0.016666666666666666 0.04
70 0.5348958333333333 0.2916666666666667 0.016666666666666666 0.04
71 0.4276041666666667 0.29083333333333333 0.01875 0.041666666666666664
72 0.3333333333333333 0.29291666666666666 0.020833333333333332 0.04416666666666667
73 0.2630208333333333 0.2995833333333333 0.019791666666666666 0.0475
74 0.2265625 0.3254166666666667 0.026041666666666668 0.060833333333333336
75 0.2872395833333333 0.3545833333333333 0.03177083333333333 0.0675
76 0.39947916666666666 0.39875 0.042708333333333334 0.08916666666666667
77 0.5778645833333333 0.5245833333333333 0.06510416666666667 0.1375
67 0.8580729166666666 0.3416666666666667 0.019270833333333334 0.045
66 0.95078125 0.3670833333333333 0.022395833333333334 0.049166666666666664
