39 0.8643229166666667 0.7083333333333334 0.07760416666666667 0.19166666666666668
38 0.415625 0.46416666666666667 0.040625 0.10833333333333334
78 0.24765625 0.38625 0.0390625 0.08583333333333333
77 0.1609375 0.3433333333333333 0.03333333333333333 0.07
76 0.08359375 0.3095833333333333 0.0265625 0.0525
75 0.01484375 0.2991666666666667 0.022395833333333334 0.04833333333333333
72 0.046875 0.2625 0.016666666666666666 0.035
71 0.12265625 0.25458333333333333 0.015104166666666667 0.0325
70 0.20963541666666666 0.2525 0.013020833333333334 0.028333333333333332
69 0.29739583333333336 0.25416666666666665 0.013541666666666667 0.03166666666666667
68 0.3846354166666667 0.2608333333333333 0.013020833333333334 0.03333333333333333
67 0.45755208333333336 0.27125 0.013020833333333334 0.029166666666666667
66 0.5169270833333334 0.28 0.016145833333333335 0.03333333333333333
65 0.5369791666666667 0.2875 0.016666666666666666 0.041666666666666664
64 0.6450520833333333 0.32708333333333334 0.025520833333333333 0.0525
63 0.8630208333333333 0.4370833333333333 0.041666666666666664 0.0875
31 0.06536458333333334 0.24583333333333332 0.009895833333333333 0.03
29 0.32109375 0.2475 0.0109375 0.02666666666666667
28 0.45546875 0.25625 0.0109375 0.0275
27 0.5606770833333333 0.2725 0.011979166666666667 0.03
26 0.6703125 0.29541666666666666 0.015625 0.0325
25 0.7208333333333333 0.3125 0.016666666666666666 0.03666666666666667
24 0.8463541666666666 0.35875 0.01875 0.0425
