20 0.7893229166666667 0.40125 0.024479166666666666 0.060833333333333336
21 0.5817708333333333 0.33708333333333335 0.016666666666666666 0.04083333333333333
22 0.4627604166666667 0.3020833333333333 0.011979166666666667 0.034166666666666665
39 0.21145833333333333 0.2920833333333333 0.015625 0.035833333333333335
29 0.10729166666666666 0.25166666666666665 0.008333333333333333 0.021666666666666667
27 0.2513020833333333 0.25375 0.008854166666666666 0.0225
40 0.28046875 0.3225 0.022395833333333334 0.04833333333333333
26 0.3067708333333333 0.2604166666666667 0.008333333333333333 0.024166666666666666
23 0.40286458333333336 0.28625 0.0109375 0.024166666666666666
25 0.32109375 0.26166666666666666 0.009895833333333333 0.028333333333333332
24 0.3489583333333333 0.27125 0.009375 0.0275
41 0.35 0.385 0.03333333333333333 0.07833333333333334
68 0.14557291666666666 0.25416666666666665 0.009895833333333333 0.025
69 0.09427083333333333 0.25458333333333333 0.008333333333333333 0.024166666666666666
78 0.09817708333333333 0.2825 0.011979166666666667 0.03
70 0.04192708333333333 0.25708333333333333 0.009895833333333333 0.0225
71 0.013802083333333333 0.2758333333333333 0.013020833333333334 0.03
77 0.05859375 0.27791666666666665 0.015104166666666667 0.030833333333333334
67 0.18802083333333333 0.25708333333333333 0.008333333333333333 0.0225
66 0.21822916666666667 0.25916666666666666 0.008333333333333333 0.023333333333333334
65 0.225 0.2608333333333333 0.007291666666666667 0.023333333333333334
64 0.25442708333333336 0.26666666666666666 0.011979166666666667 0.02666666666666667
63 0.29010416666666666 0.2808333333333333 0.014583333333333334 0.03166666666666667
62 0.32135416666666666 0.29541666666666666 0.015625 0.0425
61 0.39609375 0.3275 0.0203125 0.045
60 0.5309895833333333 0.3879166666666667 0.034895833333333334 0.07083333333333333
58 0.9713541666666666 0.6095833333333334 0.05520833333333333 0.14416666666666667
42 0.67421875 0.68125 0.08697916666666666 0.18583333333333332
38 0.146875 0.28375 0.010416666666666666 0.0325
28 0.19010416666666666 0.25083333333333335 0.008333333333333333 0.018333333333333333
30 0.03697916666666667 0.25333333333333335 0.00625 0.018333333333333333
1 0.05677083333333333 0.3020833333333333 0.0125 0.034166666666666665
2 0.07161458333333333 0.3275 0.0203125 0.045
