32 0.20833333333333334 0.27208333333333334 0.015625 0.030833333333333334
33 0.0828125 0.28541666666666665 0.016666666666666666 0.04083333333333333
31 0.35989583333333336 0.26875 0.011458333333333333 0.0325
29 0.6669270833333333 0.2916666666666667 0.013020833333333334 0.03333333333333333
30 0.5338541666666666 0.27666666666666667 0.011458333333333333 0.03333333333333333
28 0.8356770833333333 0.31666666666666665 0.013020833333333334 0.03666666666666667
27 0.9809895833333333 0.35208333333333336 0.015104166666666667 0.034166666666666665
68 0.7619791666666667 0.31666666666666665 0.017708333333333333 0.045
69 0.6505208333333333 0.30083333333333334 0.015625 0.03833333333333333
70 0.5388020833333333 0.28791666666666665 0.0171875 0.03916666666666667
71 0.43072916666666666 0.2875 0.01875 0.041666666666666664
72 0.3377604166666667 0.28875 0.0203125 0.0425
73 0.26614583333333336 0.29833333333333334 0.021875 0.04833333333333333
74 0.22864583333333333 0.3254166666666667 0.028125 0.060833333333333336
75 0.29140625 0.35125 0.033854166666666664 0.06916666666666667
76 0.4049479166666667 0.39875 0.0421875 0.08916666666666667
77 0.590625 0.5275 0.07083333333333333 0.13833333333333334
67 0.8651041666666667 0.3383333333333333 0.01875 0.04666666666666667
66 0.9598958333333333 0.365 0.021875 0.045
