63 0.5856770833333333 0.5879166666666666 0.0640625 0.1475
62 0.3966145833333333 0.36916666666666664 0.0296875 0.075
38 0.9729166666666667 0.50125 0.04479166666666667 0.0925
61 0.32734375 0.3045833333333333 0.0203125 0.050833333333333335
39 0.65546875 0.40458333333333335 0.03802083333333333 0.0775
40 0.43984375 0.31166666666666665 0.021354166666666667 0.04833333333333333
60 0.3067708333333333 0.27791666666666665 0.015625 0.04083333333333333
41 0.39036458333333335 0.27958333333333335 0.018229166666666668 0.04083333333333333
42 0.3609375 0.2654166666666667 0.0125 0.034166666666666665
43 0.34348958333333335 0.25708333333333333 0.011979166666666667 0.029166666666666667
58 0.2950520833333333 0.26375 0.011979166666666667 0.030833333333333334
44 0.3299479166666667 0.2475 0.0078125 0.025
57 0.2734375 0.25333333333333335 0.0125 0.03
56 0.22786458333333334 0.25125 0.011979166666666667 0.0275
20 0.16380208333333332 0.275 0.011979166666666667 0.03166666666666667
21 0.12838541666666667 0.3016666666666667 0.015104166666666667 0.043333333333333335
22 0.07760416666666667 0.3641666666666667 0.028125 0.06666666666666667
1 0.8252604166666667 0.3958333333333333 0.028645833333333332 0.056666666666666664
2 0.6213541666666667 0.33 0.017708333333333333 0.04
3 0.52578125 0.29125 0.0140625 0.0325
4 0.4705729166666667 0.2733333333333333 0.009895833333333333 0.02666666666666667
5 0.43333333333333335 0.25875 0.009375 0.0275
6 0.4197916666666667 0.24875 0.009375 0.024166666666666666
7 0.39375 0.24833333333333332 0.008333333333333333 0.021666666666666667
47 0.24166666666666667 0.2375 0.010416666666666666 0.023333333333333334
45 0.3151041666666667 0.24333333333333335 0.009375 0.025
46 0.28463541666666664 0.23958333333333334 0.008854166666666666 0.025833333333333333
19 0.17213541666666668 0.26125 0.0109375 0.0325
17 0.05963541666666667 0.25583333333333336 0.008854166666666666 0.03
