76 0.5880208333333333 0.5225 0.058333333333333334 0.135
75 0.3966145833333333 0.4266666666666667 0.03697916666666667 0.08666666666666667
74 0.309375 0.3779166666666667 0.030208333333333334 0.06916666666666667
73 0.35052083333333334 0.34041666666666665 0.026041666666666668 0.05416666666666667
72 0.4309895833333333 0.3279166666666667 0.021354166666666667 0.0525
71 0.5354166666666667 0.3204166666666667 0.022916666666666665 0.04583333333333333
70 0.65703125 0.32458333333333333 0.0203125 0.04083333333333333
69 0.7817708333333333 0.33875 0.017708333333333333 0.0425
68 0.9122395833333333 0.35833333333333334 0.019270833333333334 0.045
31 0.4484375 0.2970833333333333 0.013541666666666667 0.035833333333333335
32 0.2794270833333333 0.30291666666666667 0.015104166666666667 0.03916666666666667
33 0.13385416666666666 0.31958333333333333 0.017708333333333333 0.04583333333333333
30 0.6401041666666667 0.30916666666666665 0.014583333333333334 0.03166666666666667
28 0.9802083333333333 0.35583333333333333 0.014583333333333334 0.035
29 0.7885416666666667 0.32375 0.013541666666666667 0.030833333333333334
