42 0.890625 0.5904166666666667 0.06354166666666666 0.13583333333333333
43 0.51875 0.37666666666666665 0.03333333333333333 0.06833333333333333
58 0.5645833333333333 0.6366666666666667 0.07604166666666666 0.16833333333333333
44 0.40260416666666665 0.3175 0.020833333333333332 0.04666666666666667
57 0.32760416666666664 0.45708333333333334 0.05520833333333333 0.1075
45 0.3536458333333333 0.30041666666666667 0.020833333333333332 0.04416666666666667
46 0.27734375 0.28791666666666665 0.019270833333333334 0.0425
47 0.1859375 0.28458333333333335 0.01875 0.03916666666666667
56 0.12291666666666666 0.3954166666666667 0.03958333333333333 0.08583333333333333
5 0.76328125 0.39375 0.0234375 0.059166666666666666
6 0.6057291666666667 0.31708333333333333 0.013541666666666667 0.04416666666666667
7 0.5104166666666666 0.305 0.014583333333333334 0.03666666666666667
8 0.3846354166666667 0.2833333333333333 0.0140625 0.03333333333333333
9 0.24583333333333332 0.2704166666666667 0.010416666666666666 0.030833333333333334
10 0.09765625 0.27458333333333335 0.0109375 0.029166666666666667
48 0.08229166666666667 0.2866666666666667 0.016666666666666666 0.043333333333333335
