20 0.8174479166666667 0.4125 0.024479166666666666 0.06333333333333334
21 0.5947916666666667 0.34125 0.017708333333333333 0.04083333333333333
22 0.4703125 0.30833333333333335 0.013541666666666667 0.03166666666666667
39 0.21354166666666666 0.29541666666666666 0.015625 0.03916666666666667
29 0.10703125 0.25375 0.005729166666666666 0.0175
27 0.25364583333333335 0.25708333333333333 0.00625 0.019166666666666665
40 0.28541666666666665 0.3279166666666667 0.021875 0.05583333333333333
26 0.31015625 0.25875 0.0067708333333333336 0.025833333333333333
23 0.40859375 0.2875 0.011979166666666667 0.02666666666666667
25 0.32395833333333335 0.265 0.008333333333333333 0.025
24 0.3536458333333333 0.275 0.011458333333333333 0.023333333333333334
41 0.36223958333333334 0.39666666666666667 0.033854166666666664 0.08
68 0.14661458333333333 0.25625 0.009895833333333333 0.0275
69 0.09557291666666666 0.25458333333333333 0.008854166666666666 0.024166666666666666
78 0.09817708333333333 0.2833333333333333 0.0140625 0.03333333333333333
70 0.040625 0.25875 0.008333333333333333 0.0225
71 0.013020833333333334 0.2758333333333333 0.013541666666666667 0.03
77 0.05755208333333333 0.2791666666666667 0.0140625 0.03166666666666667
67 0.18984375 0.2579166666666667 0.008854166666666666 0.020833333333333332
66 0.22057291666666667 0.26125 0.008854166666666666 0.025833333333333333
65 0.22708333333333333 0.26208333333333333 0.008333333333333333 0.019166666666666665
64 0.2565104166666667 0.26958333333333334 0.0109375 0.025833333333333333
63 0.29348958333333336 0.28125 0.015104166666666667 0.0325
62 0.32708333333333334 0.2995833333333333 0.015625 0.035833333333333335
61 0.4046875 0.3308333333333333 0.020833333333333332 0.04666666666666667
60 0.5515625 0.3983333333333333 0.0375 0.075
42 0.75390625 0.7545833333333334 0.09635416666666667 0.21583333333333332
38 0.14661458333333333 0.2866666666666667 0.015104166666666667 0.03166666666666667
28 0.19296875 0.2525 0.0067708333333333336 0.02
30 0.036458333333333336 0.255 0.007291666666666667 0.015
1 0.054427083333333334 0.30666666666666664 0.015104166666666667 0.03166666666666667
2 0.06822916666666666 0.3308333333333333 0.020833333333333332 0.04666666666666667
