63 0.41328125 0.4266666666666667 0.03697916666666667 0.08666666666666667
62 0.34739583333333335 0.33791666666666664 0.022916666666666665 0.05583333333333333
38 0.7421875 0.41041666666666665 0.03229166666666667 0.07083333333333333
61 0.30833333333333335 0.29875 0.016666666666666666 0.0375
78 0.9697916666666667 0.4708333333333333 0.034375 0.07833333333333334
39 0.5388020833333333 0.3575 0.0265625 0.058333333333333334
40 0.4005208333333333 0.30333333333333334 0.016666666666666666 0.041666666666666664
60 0.29583333333333334 0.28 0.013541666666666667 0.03
41 0.3690104166666667 0.2816666666666667 0.0140625 0.03333333333333333
42 0.34713541666666664 0.26666666666666666 0.013020833333333334 0.03333333333333333
43 0.33619791666666665 0.26166666666666666 0.009895833333333333 0.02666666666666667
58 0.28854166666666664 0.26416666666666666 0.009375 0.028333333333333332
0 0.8536458333333333 0.40166666666666667 0.01875 0.04666666666666667
44 0.32447916666666665 0.2575 0.011458333333333333 0.02666666666666667
57 0.27057291666666666 0.26416666666666666 0.011979166666666667 0.023333333333333334
56 0.2296875 0.25875 0.010416666666666666 0.0275
20 0.17265625 0.27791666666666665 0.009895833333333333 0.029166666666666667
21 0.1453125 0.2966666666666667 0.013541666666666667 0.03666666666666667
22 0.1125 0.33458333333333334 0.020833333333333332 0.0525
1 0.69921875 0.3595833333333333 0.0203125 0.0425
2 0.5552083333333333 0.315 0.013541666666666667 0.03666666666666667
3 0.4869791666666667 0.2891666666666667 0.0125 0.03
4 0.44609375 0.27458333333333335 0.008854166666666666 0.024166666666666666
5 0.4171875 0.2654166666666667 0.009375 0.024166666666666666
6 0.40859375 0.25625 0.0067708333333333336 0.020833333333333332
7 0.384375 0.25625 0.007291666666666667 0.020833333333333332
47 0.24296875 0.24791666666666667 0.009895833333333333 0.0225
45 0.3125 0.2504166666666667 0.010416666666666666 0.025833333333333333
19 0.18098958333333334 0.26458333333333334 0.009895833333333333 0.030833333333333334
