4 0.015104166666666667 0.425 0.028125 0.08833333333333333
19 0.9005208333333333 0.4266666666666667 0.026041666666666668 0.058333333333333334
21 0.5302083333333333 0.3070833333333333 0.0125 0.034166666666666665
20 0.6515625 0.3425 0.01875 0.04666666666666667
22 0.45078125 0.2866666666666667 0.0109375 0.028333333333333332
39 0.24270833333333333 0.2758333333333333 0.014583333333333334 0.03666666666666667
40 0.29453125 0.295 0.0171875 0.041666666666666664
26 0.33125 0.2529166666666667 0.008333333333333333 0.0225
23 0.409375 0.27625 0.009375 0.019166666666666665
25 0.34348958333333335 0.25625 0.0078125 0.0275
24 0.365625 0.2633333333333333 0.007291666666666667 0.023333333333333334
3 0.09791666666666667 0.3279166666666667 0.022916666666666665 0.0525
41 0.3296875 0.3258333333333333 0.023958333333333335 0.055
69 0.14036458333333332 0.24708333333333332 0.0109375 0.025833333333333333
78 0.14791666666666667 0.26916666666666667 0.011458333333333333 0.02666666666666667
70 0.09244791666666667 0.24833333333333332 0.0078125 0.023333333333333334
67 0.22395833333333334 0.24875 0.008333333333333333 0.0225
66 0.2518229166666667 0.2520833333333333 0.0067708333333333336 0.020833333333333332
65 0.25703125 0.2529166666666667 0.0078125 0.020833333333333332
68 0.18619791666666666 0.2475 0.0078125 0.018333333333333333
29 0.15052083333333333 0.24291666666666667 0.008333333333333333 0.020833333333333332
64 0.28229166666666666 0.25583333333333336 0.009375 0.023333333333333334
63 0.3104166666666667 0.2675 0.011458333333333333 0.028333333333333332
62 0.3338541666666667 0.2775 0.013541666666666667 0.04
61 0.38359375 0.29791666666666666 0.018229166666666668 0.03916666666666667
60 0.4557291666666667 0.33 0.025 0.04833333333333333
58 0.6231770833333333 0.40625 0.0359375 0.08083333333333333
42 0.42916666666666664 0.40875 0.040625 0.08916666666666667
38 0.18958333333333333 0.2708333333333333 0.010416666666666666 0.028333333333333332
30 0.08723958333333333 0.24875 0.005729166666666666 0.015833333333333335
57 0.8736979166666666 0.49833333333333335 0.049479166666666664 0.105
77 0.11354166666666667 0.2654166666666667 0.011458333333333333 0.0275
1 0.11614583333333334 0.2825 0.008333333333333333 0.023333333333333334
2 0.13567708333333334 0.29583333333333334 0.016145833333333335 0.04
