21 0.8328125 0.42333333333333334 0.029166666666666667 0.065
22 0.5786458333333333 0.3441666666666667 0.019791666666666666 0.043333333333333335
39 0.21197916666666666 0.32458333333333333 0.022916666666666665 0.0475
29 0.08463541666666667 0.2525 0.0078125 0.02
27 0.2557291666666667 0.25625 0.008333333333333333 0.0225
40 0.3502604166666667 0.40958333333333335 0.03802083333333333 0.0875
38 0.11979166666666667 0.30791666666666667 0.016666666666666666 0.04416666666666667
26 0.32317708333333334 0.26416666666666666 0.009895833333333333 0.021666666666666667
25 0.3421875 0.2704166666666667 0.011458333333333333 0.025833333333333333
24 0.38515625 0.28208333333333335 0.011979166666666667 0.029166666666666667
23 0.4674479166666667 0.30625 0.015104166666666667 0.034166666666666665
41 0.8013020833333333 0.8758333333333334 0.11822916666666666 0.24166666666666667
68 0.1296875 0.25666666666666665 0.011458333333333333 0.028333333333333332
69 0.06875 0.25875 0.011458333333333333 0.025833333333333333
78 0.05677083333333333 0.30041666666666667 0.015625 0.04416666666666667
77 0.009635416666666667 0.2941666666666667 0.0171875 0.03833333333333333
70 0.00625 0.26125 0.009375 0.0225
67 0.1796875 0.26 0.010416666666666666 0.025
66 0.21666666666666667 0.2633333333333333 0.009375 0.028333333333333332
65 0.225 0.2654166666666667 0.009375 0.0275
64 0.2638020833333333 0.2758333333333333 0.0140625 0.03333333333333333
63 0.3171875 0.2995833333333333 0.016666666666666666 0.035833333333333335
62 0.378125 0.33208333333333334 0.020833333333333332 0.0475
61 0.5536458333333333 0.41 0.0375 0.075
28 0.18463541666666666 0.25416666666666665 0.0078125 0.02
