43 0.7208333333333333 0.42583333333333334 0.04375 0.08
44 0.5513020833333333 0.33458333333333334 0.027604166666666666 0.0525
57 0.5346354166666667 0.5729166666666666 0.06822916666666666 0.1525
45 0.48984375 0.3125 0.022395833333333334 0.045
46 0.4044270833333333 0.2975 0.021354166666666667 0.04666666666666667
47 0.30052083333333335 0.28791666666666665 0.01875 0.0425
56 0.23489583333333333 0.44916666666666666 0.04895833333333333 0.10166666666666667
6 0.7765625 0.3408333333333333 0.017708333333333333 0.04666666666666667
7 0.6598958333333333 0.32166666666666666 0.016666666666666666 0.03833333333333333
8 0.51796875 0.2925 0.015104166666666667 0.035
9 0.36666666666666664 0.27416666666666667 0.0125 0.03333333333333333
10 0.20651041666666667 0.2733333333333333 0.013020833333333334 0.035
11 0.049479166666666664 0.27625 0.009375 0.034166666666666665
48 0.19114583333333332 0.28625 0.013541666666666667 0.035833333333333335
49 0.07630208333333334 0.2891666666666667 0.009895833333333333 0.03333333333333333
