62 0.8080729166666667 0.7733333333333333 0.09322916666666667 0.22333333333333333
40 0.5744791666666667 0.39416666666666667 0.0375 0.07666666666666666
61 0.37838541666666664 0.38708333333333333 0.034895833333333334 0.0825
60 0.30911458333333336 0.31125 0.0234375 0.05583333333333333
41 0.43125 0.31625 0.025 0.0525
42 0.36640625 0.2833333333333333 0.018229166666666668 0.041666666666666664
43 0.33359375 0.2658333333333333 0.0140625 0.03333333333333333
58 0.27890625 0.28125 0.016145833333333335 0.04083333333333333
44 0.30963541666666666 0.25666666666666665 0.011979166666666667 0.03
57 0.24661458333333333 0.27458333333333335 0.015104166666666667 0.0375
45 0.290625 0.25166666666666665 0.014583333333333334 0.02666666666666667
46 0.2520833333333333 0.24875 0.0125 0.029166666666666667
56 0.18567708333333333 0.2675 0.0140625 0.03166666666666667
20 0.09114583333333333 0.315 0.016666666666666666 0.04833333333333333
2 0.8502604166666666 0.41375 0.025520833333333333 0.060833333333333336
3 0.61953125 0.3254166666666667 0.0171875 0.0425
4 0.5104166666666666 0.2941666666666667 0.013541666666666667 0.03166666666666667
5 0.4440104166666667 0.27416666666666667 0.0109375 0.03
6 0.41901041666666666 0.2554166666666667 0.0078125 0.030833333333333334
8 0.3177083333333333 0.24541666666666667 0.008333333333333333 0.0225
9 0.23619791666666667 0.24 0.0078125 0.02666666666666667
7 0.38255208333333335 0.25458333333333333 0.008854166666666666 0.024166666666666666
10 0.14661458333333333 0.24375 0.0078125 0.0225
47 0.20026041666666666 0.24375 0.011979166666666667 0.0275
19 0.11015625 0.28583333333333333 0.013020833333333334 0.03833333333333333
18 0.07552083333333333 0.285 0.010416666666666666 0.03
11 0.05651041666666667 0.24708333333333332 0.0067708333333333336 0.020833333333333332
48 0.14166666666666666 0.24875 0.008333333333333333 0.0225
55 0.062239583333333334 0.2679166666666667 0.008854166666666666 0.024166666666666666
