39 0.8859375 0.725 0.08020833333333334 0.19833333333333333
38 0.42421875 0.46708333333333335 0.043229166666666666 0.1125
78 0.2526041666666667 0.39 0.03854166666666667 0.08166666666666667
77 0.16536458333333334 0.34375 0.033854166666666664 0.06916666666666667
76 0.08776041666666666 0.3104166666666667 0.025520833333333333 0.05583333333333333
75 0.017447916666666667 0.29875 0.024479166666666666 0.0475
72 0.05 0.26458333333333334 0.015625 0.034166666666666665
71 0.12578125 0.255 0.016145833333333335 0.035
70 0.2140625 0.2529166666666667 0.0125 0.029166666666666667
69 0.3028645833333333 0.255 0.011979166666666667 0.03333333333333333
68 0.3893229166666667 0.26 0.0140625 0.035
67 0.4635416666666667 0.27208333333333334 0.014583333333333334 0.030833333333333334
66 0.5223958333333333 0.2816666666666667 0.016666666666666666 0.03666666666666667
65 0.5427083333333333 0.29041666666666666 0.016666666666666666 0.03916666666666667
64 0.6515625 0.3283333333333333 0.025 0.056666666666666664
63 0.8747395833333333 0.44083333333333335 0.0421875 0.085
31 0.0703125 0.24625 0.010416666666666666 0.0275
29 0.32578125 0.2475 0.009895833333333333 0.02666666666666667
28 0.4609375 0.2554166666666667 0.010416666666666666 0.025833333333333333
27 0.5669270833333333 0.275 0.011979166666666667 0.028333333333333332
26 0.6770833333333334 0.29791666666666666 0.014583333333333334 0.030833333333333334
25 0.7278645833333334 0.3125 0.018229166666666668 0.03833333333333333
24 0.8544270833333333 0.36041666666666666 0.019270833333333334 0.04583333333333333
