62 0.6541666666666667 0.6175 0.06666666666666667 0.16333333333333333
40 0.5458333333333333 0.3754166666666667 0.034375 0.07416666666666667
61 0.3697916666666667 0.37 0.030208333333333334 0.07666666666666666
60 0.31354166666666666 0.31 0.021875 0.05
41 0.4265625 0.31083333333333335 0.021875 0.04833333333333333
42 0.37109375 0.285 0.0171875 0.04
43 0.3424479166666667 0.27 0.0140625 0.035
58 0.28854166666666664 0.2841666666666667 0.016666666666666666 0.041666666666666664
44 0.32005208333333335 0.2604166666666667 0.011979166666666667 0.029166666666666667
57 0.25729166666666664 0.27541666666666664 0.016666666666666666 0.0375
45 0.30104166666666665 0.25708333333333333 0.011458333333333333 0.029166666666666667
46 0.2640625 0.25458333333333333 0.013541666666666667 0.025833333333333333
56 0.20052083333333334 0.27208333333333334 0.013541666666666667 0.030833333333333334
20 0.11223958333333334 0.315 0.016145833333333335 0.045
21 0.04401041666666667 0.37916666666666665 0.0265625 0.06833333333333333
2 0.8028645833333333 0.3925 0.024479166666666666 0.056666666666666664
3 0.60546875 0.32083333333333336 0.0171875 0.04
4 0.5091145833333334 0.2941666666666667 0.013020833333333334 0.03166666666666667
5 0.44921875 0.27625 0.0109375 0.0275
6 0.42552083333333335 0.26 0.009375 0.023333333333333334
8 0.328125 0.24958333333333332 0.008333333333333333 0.025833333333333333
9 0.24921875 0.24875 0.0078125 0.0225
7 0.39088541666666665 0.26 0.0078125 0.025
10 0.16197916666666667 0.25083333333333335 0.007291666666666667 0.018333333333333333
47 0.21484375 0.24875 0.011979166666666667 0.030833333333333334
19 0.1296875 0.28833333333333333 0.013541666666666667 0.035
18 0.09583333333333334 0.2891666666666667 0.011458333333333333 0.03
11 0.07526041666666666 0.2525 0.0078125 0.021666666666666667
48 0.15755208333333334 0.25625 0.008854166666666666 0.0275
55 0.08151041666666667 0.275 0.008854166666666666 0.025
