38 0.48072916666666665 0.49833333333333335 0.046875 0.12333333333333334
78 0.28541666666666665 0.4025 0.04479166666666667 0.09166666666666666
77 0.19010416666666666 0.3475 0.035416666666666666 0.07166666666666667
76 0.10859375 0.3104166666666667 0.025520833333333333 0.0575
75 0.036458333333333336 0.2966666666666667 0.023958333333333335 0.04833333333333333
73 0.01484375 0.26708333333333334 0.015104166666666667 0.035833333333333335
72 0.07213541666666666 0.25958333333333333 0.0171875 0.035833333333333335
71 0.14947916666666666 0.25166666666666665 0.017708333333333333 0.03333333333333333
70 0.23958333333333334 0.24958333333333332 0.013541666666666667 0.029166666666666667
69 0.33098958333333334 0.2525 0.011979166666666667 0.03166666666666667
68 0.41875 0.25875 0.015625 0.0325
67 0.49557291666666664 0.2708333333333333 0.015104166666666667 0.03166666666666667
66 0.55703125 0.28291666666666665 0.019270833333333334 0.0375
65 0.5799479166666667 0.29083333333333333 0.0171875 0.03833333333333333
64 0.6981770833333333 0.33666666666666667 0.028645833333333332 0.058333333333333334
63 0.9549479166666667 0.46416666666666667 0.0453125 0.09166666666666666
31 0.09296875 0.24333333333333335 0.0109375 0.028333333333333332
29 0.3533854166666667 0.24333333333333335 0.009895833333333333 0.025
28 0.49114583333333334 0.2579166666666667 0.011458333333333333 0.025833333333333333
27 0.6002604166666666 0.27458333333333335 0.0109375 0.030833333333333334
26 0.715625 0.30041666666666667 0.014583333333333334 0.034166666666666665
25 0.7700520833333333 0.32 0.016145833333333335 0.03833333333333333
24 0.9075520833333334 0.37166666666666665 0.021354166666666667 0.04666666666666667
