64 0.5721354166666667 0.40541666666666665 0.033854166666666664 0.0825
63 0.5075520833333333 0.3408333333333333 0.0203125 0.05
62 0.5026041666666666 0.30791666666666667 0.013541666666666667 0.0375
38 0.73359375 0.34958333333333336 0.021354166666666667 0.0425
61 0.4901041666666667 0.29125 0.011458333333333333 0.0325
78 0.8541666666666666 0.3775 0.022916666666666665 0.05
39 0.62421875 0.3225 0.0203125 0.045
40 0.559375 0.29625 0.015625 0.034166666666666665
41 0.5484375 0.28291666666666665 0.0125 0.029166666666666667
56 0.44427083333333334 0.2654166666666667 0.011458333333333333 0.025833333333333333
57 0.47630208333333335 0.26916666666666667 0.011979166666666667 0.02666666666666667
20 0.3963541666666667 0.27625 0.008333333333333333 0.0275
24 0.20598958333333334 0.40625 0.033854166666666664 0.07416666666666667
23 0.2890625 0.3329166666666667 0.020833333333333332 0.0475
21 0.37473958333333335 0.28208333333333335 0.011979166666666667 0.03916666666666667
22 0.35078125 0.3045833333333333 0.0140625 0.035833333333333335
0 0.8526041666666667 0.3541666666666667 0.015625 0.041666666666666664
1 0.75859375 0.3308333333333333 0.011979166666666667 0.03666666666666667
2 0.6770833333333334 0.3070833333333333 0.011458333333333333 0.0275
3 0.6434895833333333 0.29041666666666666 0.013020833333333334 0.024166666666666666
4 0.6200520833333333 0.28208333333333335 0.009895833333333333 0.0225
5 0.603125 0.27416666666666667 0.010416666666666666 0.023333333333333334
42 0.5403645833333334 0.27708333333333335 0.008854166666666666 0.0275
