20 0.8895833333333333 0.43916666666666665 0.03229166666666667 0.06666666666666667
21 0.6276041666666666 0.35 0.019791666666666666 0.04666666666666667
22 0.48984375 0.3120833333333333 0.013020833333333334 0.035833333333333335
39 0.21640625 0.2970833333333333 0.0171875 0.03916666666666667
29 0.10807291666666667 0.25125 0.0078125 0.019166666666666665
27 0.25807291666666665 0.25583333333333336 0.0067708333333333336 0.016666666666666666
40 0.2955729166666667 0.3358333333333333 0.024479166666666666 0.055
26 0.3151041666666667 0.2629166666666667 0.007291666666666667 0.019166666666666665
25 0.33046875 0.265 0.009895833333333333 0.02666666666666667
24 0.36223958333333334 0.2733333333333333 0.009895833333333333 0.028333333333333332
23 0.42083333333333334 0.29 0.010416666666666666 0.025
41 0.38958333333333334 0.4245833333333333 0.040625 0.08916666666666667
68 0.14713541666666666 0.25458333333333333 0.009895833333333333 0.024166666666666666
69 0.09427083333333333 0.25625 0.009375 0.024166666666666666
78 0.09609375 0.285 0.015104166666666667 0.035
70 0.0390625 0.2579166666666667 0.008333333333333333 0.024166666666666666
71 0.008333333333333333 0.27541666666666664 0.0125 0.030833333333333334
77 0.05416666666666667 0.2808333333333333 0.014583333333333334 0.03166666666666667
67 0.19140625 0.2579166666666667 0.009895833333333333 0.024166666666666666
66 0.22265625 0.2579166666666667 0.008854166666666666 0.020833333333333332
65 0.2296875 0.2604166666666667 0.008333333333333333 0.0225
64 0.26119791666666664 0.2704166666666667 0.011979166666666667 0.025833333333333333
63 0.29973958333333334 0.28458333333333335 0.015104166666666667 0.034166666666666665
62 0.33645833333333336 0.30333333333333334 0.015625 0.04
61 0.42604166666666665 0.34041666666666665 0.023958333333333335 0.050833333333333335
60 0.60390625 0.4245833333333333 0.0390625 0.0825
38 0.14661458333333333 0.28708333333333336 0.013020833333333334 0.034166666666666665
28 0.19505208333333332 0.2525 0.0078125 0.015
30 0.03463541666666667 0.25458333333333333 0.0067708333333333336 0.020833333333333332
1 0.0453125 0.3104166666666667 0.015625 0.034166666666666665
2 0.059375 0.34041666666666665 0.021875 0.05416666666666667
