20 0.7817708333333333 0.4 0.023958333333333335 0.055
21 0.5776041666666667 0.33458333333333334 0.016666666666666666 0.03916666666666667
22 0.46145833333333336 0.30333333333333334 0.0125 0.03333333333333333
39 0.21041666666666667 0.29333333333333333 0.017708333333333333 0.03833333333333333
29 0.10807291666666667 0.25166666666666665 0.0078125 0.023333333333333334
27 0.2515625 0.25625 0.008333333333333333 0.020833333333333332
40 0.2791666666666667 0.3204166666666667 0.021875 0.050833333333333335
26 0.30546875 0.2608333333333333 0.008854166666666666 0.023333333333333334
23 0.40234375 0.2866666666666667 0.0109375 0.028333333333333332
25 0.31979166666666664 0.2608333333333333 0.009375 0.03
24 0.3489583333333333 0.27166666666666667 0.009375 0.028333333333333332
41 0.34609375 0.3829166666666667 0.03177083333333333 0.07583333333333334
68 0.14609375 0.2554166666666667 0.009895833333333333 0.0225
69 0.09427083333333333 0.25458333333333333 0.009375 0.024166666666666666
78 0.09765625 0.28125 0.013020833333333334 0.034166666666666665
70 0.04192708333333333 0.25708333333333333 0.009895833333333333 0.0225
71 0.01328125 0.2758333333333333 0.009895833333333333 0.03
77 0.059895833333333336 0.27875 0.013541666666666667 0.029166666666666667
67 0.18697916666666667 0.2575 0.007291666666666667 0.02
66 0.21848958333333332 0.25958333333333333 0.0078125 0.0225
65 0.22421875 0.26 0.008854166666666666 0.023333333333333334
64 0.25416666666666665 0.26625 0.011458333333333333 0.025833333333333333
63 0.28828125 0.2808333333333333 0.011979166666666667 0.03166666666666667
62 0.32005208333333335 0.2966666666666667 0.0140625 0.03666666666666667
61 0.39401041666666664 0.32708333333333334 0.0203125 0.04416666666666667
60 0.5255208333333333 0.3825 0.034375 0.07166666666666667
58 0.9575520833333333 0.5983333333333334 0.0640625 0.13666666666666666
42 0.65703125 0.6629166666666667 0.08177083333333333 0.1825
38 0.146875 0.2841666666666667 0.013541666666666667 0.035
28 0.19088541666666667 0.25125 0.0078125 0.0175
30 0.036458333333333336 0.25375 0.007291666666666667 0.019166666666666665
1 0.055989583333333336 0.30291666666666667 0.011979166666666667 0.0325
2 0.07083333333333333 0.3275 0.01875 0.043333333333333335
