75 0.703125 0.61 0.06770833333333333 0.16333333333333333
74 0.47994791666666664 0.45416666666666666 0.0484375 0.10666666666666667
73 0.5026041666666666 0.3725 0.03333333333333333 0.07333333333333333
72 0.5919270833333333 0.35083333333333333 0.0265625 0.06
71 0.7111979166666667 0.3458333333333333 0.0265625 0.05333333333333334
70 0.8526041666666667 0.35625 0.021875 0.049166666666666664
31 0.5838541666666667 0.30375 0.015625 0.04083333333333333
32 0.3848958333333333 0.3020833333333333 0.017708333333333333 0.04583333333333333
33 0.20208333333333334 0.32125 0.022916666666666665 0.0575
30 0.80703125 0.32875 0.015104166666666667 0.04083333333333333
29 0.9791666666666666 0.35791666666666666 0.015625 0.0375
