75 0.9109375 0.7925 0.09375 0.22166666666666668
74 0.5567708333333333 0.5283333333333333 0.05416666666666667 0.12333333333333334
73 0.55390625 0.4075 0.0390625 0.085
72 0.6424479166666667 0.3804166666666667 0.028645833333333332 0.06416666666666666
71 0.7658854166666667 0.37375 0.0296875 0.05583333333333333
70 0.9140625 0.38416666666666666 0.025 0.056666666666666664
31 0.6182291666666667 0.3254166666666667 0.017708333333333333 0.0425
32 0.4075520833333333 0.32166666666666666 0.0203125 0.04833333333333333
33 0.20807291666666666 0.345 0.0265625 0.06333333333333334
30 0.8528645833333334 0.35041666666666665 0.016145833333333335 0.04083333333333333
