39 0.8921875 0.7808333333333334 0.09583333333333334 0.21666666666666667
31 0.08932291666666667 0.24791666666666667 0.0109375 0.029166666666666667
30 0.23671875 0.24916666666666668 0.009895833333333333 0.028333333333333332
28 0.48098958333333336 0.26 0.0109375 0.025
29 0.3463541666666667 0.24708333333333332 0.010416666666666666 0.0275
27 0.58828125 0.27541666666666664 0.013020833333333334 0.035833333333333335
38 0.40989583333333335 0.48041666666666666 0.04895833333333333 0.12083333333333333
26 0.70078125 0.30125 0.016145833333333335 0.035833333333333335
25 0.7502604166666667 0.31833333333333336 0.0171875 0.041666666666666664
24 0.8760416666666667 0.37125 0.023958333333333335 0.049166666666666664
68 0.4078125 0.26166666666666666 0.016666666666666666 0.035
69 0.32109375 0.2554166666666667 0.016145833333333335 0.034166666666666665
70 0.23229166666666667 0.2525 0.015625 0.035
71 0.14348958333333334 0.25666666666666665 0.0171875 0.03166666666666667
72 0.06822916666666666 0.26375 0.017708333333333333 0.035833333333333335
73 0.010677083333333334 0.2725 0.018229166666666668 0.04
75 0.027083333333333334 0.3 0.025 0.04833333333333333
76 0.09427083333333333 0.3125 0.028125 0.058333333333333334
77 0.16666666666666666 0.3475 0.034375 0.07
78 0.24713541666666666 0.39666666666666667 0.04114583333333333 0.08666666666666667
67 0.4828125 0.275 0.014583333333333334 0.03166666666666667
66 0.5427083333333333 0.28375 0.019791666666666666 0.04083333333333333
65 0.56171875 0.29333333333333333 0.022395833333333334 0.03833333333333333
64 0.6690104166666667 0.33458333333333334 0.028645833333333332 0.0525
63 0.8958333333333334 0.4533333333333333 0.041666666666666664 0.085
