61 0.746875 0.8495833333333334 0.10208333333333333 0.25083333333333335
60 0.3489583333333333 0.4025 0.03958333333333333 0.08833333333333333
41 0.5518229166666667 0.40208333333333335 0.04010416666666667 0.0825
42 0.4005208333333333 0.3254166666666667 0.022916666666666665 0.05416666666666667
43 0.33932291666666664 0.29375 0.018229166666666668 0.03916666666666667
58 0.27708333333333335 0.32375 0.023958333333333335 0.0575
44 0.30182291666666666 0.2783333333333333 0.0140625 0.03166666666666667
57 0.22838541666666667 0.3070833333333333 0.022395833333333334 0.049166666666666664
45 0.2760416666666667 0.26958333333333334 0.015625 0.0325
46 0.23020833333333332 0.26625 0.014583333333333334 0.0325
47 0.16588541666666667 0.2629166666666667 0.013020833333333334 0.029166666666666667
56 0.14479166666666668 0.2966666666666667 0.017708333333333333 0.041666666666666664
19 0.029947916666666668 0.3333333333333333 0.021354166666666667 0.05
3 0.8231770833333333 0.41375 0.025520833333333333 0.06583333333333333
4 0.5955729166666667 0.3383333333333333 0.0171875 0.043333333333333335
5 0.4817708333333333 0.30375 0.0125 0.034166666666666665
6 0.43411458333333336 0.2758333333333333 0.008854166666666666 0.03
7 0.38619791666666664 0.27416666666666667 0.009895833333333333 0.02666666666666667
8 0.30572916666666666 0.26208333333333333 0.009375 0.0275
9 0.20911458333333333 0.25416666666666665 0.008854166666666666 0.028333333333333332
10 0.103125 0.2579166666666667 0.009375 0.025833333333333333
49 0.024479166666666666 0.26666666666666666 0.010416666666666666 0.03
48 0.09609375 0.26416666666666666 0.0109375 0.028333333333333332
