66 0.796875 0.6070833333333333 0.06770833333333333 0.15416666666666667
65 0.8783854166666667 0.47583333333333333 0.0421875 0.10166666666666667
64 0.90703125 0.365 0.024479166666666666 0.058333333333333334
63 0.9247395833333333 0.33541666666666664 0.018229166666666668 0.04416666666666667
62 0.9549479166666667 0.3229166666666667 0.0171875 0.035833333333333335
24 0.671875 0.33958333333333335 0.020833333333333332 0.0475
26 0.16119791666666666 0.455 0.0453125 0.09833333333333333
25 0.45208333333333334 0.38458333333333333 0.035416666666666666 0.07083333333333333
23 0.7578125 0.31375 0.017708333333333333 0.04083333333333333
22 0.8283854166666667 0.3045833333333333 0.013020833333333334 0.030833333333333334
58 0.9890625 0.29833333333333334 0.0125 0.023333333333333334
60 0.9786458333333333 0.3016666666666667 0.0125 0.028333333333333332
61 0.9661458333333334 0.3095833333333333 0.013541666666666667 0.034166666666666665
21 0.8614583333333333 0.2975 0.009375 0.025
