65 0.89609375 0.71875 0.07864583333333333 0.19583333333333333
64 0.6239583333333333 0.39708333333333334 0.03333333333333333 0.0725
63 0.57734375 0.3408333333333333 0.022395833333333334 0.04833333333333333
62 0.5791666666666667 0.31375 0.017708333333333333 0.03916666666666667
38 0.7953125 0.35208333333333336 0.016666666666666666 0.04083333333333333
61 0.5690104166666666 0.295 0.0140625 0.03333333333333333
78 0.9080729166666667 0.37958333333333333 0.0234375 0.0475
39 0.6942708333333333 0.32916666666666666 0.019791666666666666 0.04
40 0.6346354166666667 0.30041666666666667 0.016145833333333335 0.034166666666666665
41 0.6268229166666667 0.28791666666666665 0.011979166666666667 0.0275
56 0.5278645833333333 0.27291666666666664 0.011979166666666667 0.0275
57 0.5591145833333333 0.27708333333333335 0.009895833333333333 0.025833333333333333
24 0.29401041666666666 0.38875 0.028645833333333332 0.06583333333333333
23 0.37161458333333336 0.33166666666666667 0.022395833333333334 0.04833333333333333
21 0.45755208333333336 0.28541666666666665 0.013020833333333334 0.04083333333333333
22 0.43333333333333335 0.30541666666666667 0.015625 0.035833333333333335
20 0.4791666666666667 0.28125 0.010416666666666666 0.025833333333333333
0 0.9192708333333334 0.36041666666666666 0.0125 0.035833333333333335
1 0.8252604166666667 0.33625 0.013020833333333334 0.034166666666666665
2 0.75 0.31166666666666665 0.011458333333333333 0.03
3 0.7203125 0.2966666666666667 0.011458333333333333 0.023333333333333334
4 0.6994791666666667 0.28791666666666665 0.011458333333333333 0.025833333333333333
5 0.6833333333333333 0.28041666666666665 0.010416666666666666 0.019166666666666665
