41 0.6356770833333333 0.44375 0.049479166666666664 0.09916666666666667
42 0.4317708333333333 0.3383333333333333 0.026041666666666668 0.058333333333333334
43 0.35625 0.29875 0.01875 0.0425
60 0.39401041666666664 0.4504166666666667 0.050520833333333334 0.10416666666666667
58 0.29322916666666665 0.33708333333333335 0.026041666666666668 0.06416666666666666
44 0.31328125 0.28 0.013020833333333334 0.03333333333333333
57 0.2359375 0.3145833333333333 0.026041666666666668 0.05416666666666667
45 0.28619791666666666 0.27291666666666664 0.0140625 0.034166666666666665
46 0.23567708333333334 0.2654166666666667 0.015104166666666667 0.034166666666666665
47 0.17005208333333333 0.2633333333333333 0.0140625 0.03
56 0.14505208333333333 0.3016666666666667 0.021354166666666667 0.045
19 0.013020833333333334 0.3475 0.022916666666666665 0.055
3 0.9309895833333334 0.45375 0.030729166666666665 0.07083333333333333
4 0.6458333333333334 0.3541666666666667 0.019791666666666666 0.04833333333333333
5 0.51015625 0.31083333333333335 0.0140625 0.035
6 0.45364583333333336 0.28041666666666665 0.009375 0.0325
7 0.4015625 0.27708333333333335 0.010416666666666666 0.0275
8 0.31614583333333335 0.2629166666666667 0.010416666666666666 0.029166666666666667
9 0.21484375 0.25708333333333333 0.008854166666666666 0.025833333333333333
10 0.10390625 0.25916666666666666 0.008854166666666666 0.023333333333333334
49 0.02109375 0.2654166666666667 0.008854166666666666 0.025833333333333333
48 0.09635416666666667 0.265 0.011458333333333333 0.03
