20 0.7276041666666667 0.37875 0.022916666666666665 0.05583333333333333
21 0.5513020833333333 0.325 0.015104166666666667 0.04
22 0.4466145833333333 0.29541666666666666 0.011979166666666667 0.0325
39 0.20963541666666666 0.28458333333333335 0.015104166666666667 0.03916666666666667
29 0.10885416666666667 0.24708333333333332 0.007291666666666667 0.020833333333333332
40 0.27291666666666664 0.3104166666666667 0.020833333333333332 0.04583333333333333
26 0.3026041666666667 0.25458333333333333 0.008333333333333333 0.020833333333333332
23 0.39348958333333334 0.2791666666666667 0.009895833333333333 0.023333333333333334
25 0.31692708333333336 0.26 0.0067708333333333336 0.021666666666666667
24 0.34348958333333335 0.2675 0.009895833333333333 0.023333333333333334
3 0.01953125 0.37083333333333335 0.028645833333333332 0.06333333333333334
41 0.32838541666666665 0.36 0.0296875 0.07166666666666667
68 0.14661458333333333 0.25083333333333335 0.0078125 0.025
69 0.09635416666666667 0.2504166666666667 0.009375 0.020833333333333332
78 0.103125 0.275 0.014583333333333334 0.03166666666666667
70 0.04505208333333333 0.2520833333333333 0.0078125 0.0225
71 0.019791666666666666 0.27208333333333334 0.0125 0.034166666666666665
77 0.06458333333333334 0.27125 0.013541666666666667 0.030833333333333334
67 0.18828125 0.2520833333333333 0.008854166666666666 0.0225
66 0.21666666666666667 0.2525 0.008333333333333333 0.023333333333333334
65 0.22265625 0.25333333333333335 0.008854166666666666 0.021666666666666667
64 0.25026041666666665 0.26208333333333333 0.0109375 0.025833333333333333
63 0.28463541666666664 0.275 0.0140625 0.03
62 0.31354166666666666 0.2891666666666667 0.014583333333333334 0.03666666666666667
61 0.37890625 0.31583333333333335 0.019270833333333334 0.045
60 0.4908854166666667 0.36333333333333334 0.0296875 0.06333333333333334
58 0.8153645833333333 0.5179166666666667 0.049479166666666664 0.11083333333333334
42 0.54140625 0.5495833333333333 0.0609375 0.13916666666666666
38 0.14765625 0.27666666666666667 0.0109375 0.03166666666666667
30 0.040364583333333336 0.25166666666666665 0.0067708333333333336 0.015
1 0.06276041666666667 0.29583333333333334 0.0140625 0.03333333333333333
2 0.07942708333333333 0.3145833333333333 0.0171875 0.04083333333333333
