4 0.04192708333333333 0.40166666666666667 0.034895833333333334 0.08166666666666667
19 0.86953125 0.41291666666666665 0.0234375 0.059166666666666666
21 0.5309895833333333 0.30375 0.011979166666666667 0.034166666666666665
20 0.6440104166666667 0.33791666666666664 0.0171875 0.04416666666666667
22 0.45651041666666664 0.2825 0.009895833333333333 0.028333333333333332
39 0.25442708333333336 0.2733333333333333 0.0140625 0.035
40 0.30234375 0.29083333333333333 0.0140625 0.03833333333333333
26 0.3416666666666667 0.2520833333333333 0.00625 0.020833333333333332
23 0.4161458333333333 0.2708333333333333 0.011458333333333333 0.021666666666666667
25 0.353125 0.25458333333333333 0.008333333333333333 0.024166666666666666
24 0.37552083333333336 0.26208333333333333 0.010416666666666666 0.024166666666666666
3 0.11614583333333334 0.32083333333333336 0.019791666666666666 0.045
41 0.33567708333333335 0.32 0.0234375 0.05333333333333334
69 0.1546875 0.24541666666666667 0.009375 0.020833333333333332
70 0.10885416666666667 0.24666666666666667 0.008333333333333333 0.02
67 0.23723958333333334 0.24875 0.0078125 0.020833333333333332
66 0.2638020833333333 0.24958333333333332 0.0067708333333333336 0.019166666666666665
65 0.26848958333333334 0.25166666666666665 0.0067708333333333336 0.021666666666666667
68 0.2 0.24666666666666667 0.008333333333333333 0.018333333333333333
29 0.16484375 0.2425 0.0067708333333333336 0.018333333333333333
64 0.29296875 0.25583333333333336 0.0109375 0.023333333333333334
63 0.32083333333333336 0.2654166666666667 0.0125 0.0275
62 0.3421875 0.27541666666666664 0.013541666666666667 0.029166666666666667
61 0.38958333333333334 0.2966666666666667 0.01875 0.03833333333333333
60 0.45416666666666666 0.32375 0.022916666666666665 0.04416666666666667
58 0.6013020833333333 0.39 0.0296875 0.075
42 0.4200520833333333 0.3925 0.03697916666666667 0.07666666666666666
38 0.20364583333333333 0.2675 0.011458333333333333 0.028333333333333332
30 0.103125 0.24583333333333332 0.00625 0.018333333333333333
57 0.8203125 0.46958333333333335 0.04583333333333333 0.08916666666666667
43 0.8328125 0.8070833333333334 0.10520833333333333 0.23083333333333333
78 0.16276041666666666 0.26416666666666666 0.011979166666666667 0.03
77 0.12838541666666667 0.2629166666666667 0.0109375 0.025833333333333333
1 0.13072916666666667 0.27875 0.009375 0.0225
2 0.15 0.2916666666666667 0.014583333333333334 0.035
