20 0.91328125 0.44666666666666666 0.03177083333333333 0.07333333333333333
21 0.63671875 0.3541666666666667 0.022395833333333334 0.04833333333333333
22 0.4942708333333333 0.31416666666666665 0.013541666666666667 0.03833333333333333
39 0.21640625 0.3 0.018229166666666668 0.041666666666666664
29 0.10651041666666666 0.2525 0.0067708333333333336 0.02
27 0.25859375 0.25708333333333333 0.0078125 0.0225
40 0.29791666666666666 0.34 0.023958333333333335 0.056666666666666664
26 0.315625 0.2625 0.008333333333333333 0.018333333333333333
25 0.33098958333333334 0.26625 0.008854166666666666 0.0275
24 0.36354166666666665 0.27625 0.010416666666666666 0.025833333333333333
23 0.4236979166666667 0.29 0.011979166666666667 0.028333333333333332
41 0.4002604166666667 0.435 0.03802083333333333 0.09666666666666666
68 0.14635416666666667 0.25583333333333336 0.010416666666666666 0.021666666666666667
69 0.09322916666666667 0.25583333333333336 0.009375 0.023333333333333334
78 0.09401041666666667 0.2875 0.016145833333333335 0.035
70 0.03697916666666667 0.25833333333333336 0.009375 0.025
71 0.006510416666666667 0.27708333333333335 0.0109375 0.0275
77 0.052083333333333336 0.2825 0.014583333333333334 0.03166666666666667
67 0.19088541666666667 0.25875 0.0109375 0.0225
66 0.22317708333333333 0.26125 0.009895833333333333 0.025833333333333333
65 0.23020833333333332 0.26208333333333333 0.008333333333333333 0.024166666666666666
64 0.26145833333333335 0.27166666666666667 0.0125 0.028333333333333332
63 0.3020833333333333 0.2875 0.014583333333333334 0.03
62 0.33958333333333335 0.30583333333333335 0.015625 0.03666666666666667
61 0.4315104166666667 0.34541666666666665 0.0234375 0.0525
60 0.62109375 0.43583333333333335 0.0390625 0.08333333333333333
38 0.14609375 0.29083333333333333 0.013020833333333334 0.03666666666666667
28 0.19401041666666666 0.2525 0.0078125 0.02
30 0.032552083333333336 0.255 0.005729166666666666 0.018333333333333333
1 0.04375 0.31375 0.015625 0.034166666666666665
2 0.054947916666666666 0.345 0.022395833333333334 0.055
