21 0.88515625 0.43666666666666665 0.0328125 0.075
22 0.6013020833333333 0.3458333333333333 0.019270833333333334 0.045
39 0.215625 0.3254166666666667 0.023958333333333335 0.05416666666666667
29 0.084375 0.24916666666666668 0.008333333333333333 0.021666666666666667
27 0.2591145833333333 0.25125 0.008854166666666666 0.025833333333333333
40 0.37135416666666665 0.42791666666666667 0.041666666666666664 0.0975
38 0.11796875 0.30541666666666667 0.018229166666666668 0.04583333333333333
26 0.32760416666666664 0.2604166666666667 0.008333333333333333 0.024166666666666666
25 0.34817708333333336 0.26708333333333334 0.0109375 0.029166666666666667
24 0.39166666666666666 0.28125 0.0125 0.0325
23 0.48020833333333335 0.30416666666666664 0.015625 0.03833333333333333
68 0.12994791666666666 0.25166666666666665 0.0109375 0.02666666666666667
69 0.06770833333333333 0.25166666666666665 0.011458333333333333 0.02666666666666667
78 0.053385416666666664 0.2991666666666667 0.019270833333333334 0.041666666666666664
77 0.0067708333333333336 0.2920833333333333 0.0125 0.04083333333333333
67 0.18125 0.25625 0.010416666666666666 0.0275
66 0.21927083333333333 0.2579166666666667 0.010416666666666666 0.0275
65 0.22708333333333333 0.26166666666666666 0.010416666666666666 0.02666666666666667
64 0.2674479166666667 0.27208333333333334 0.015104166666666667 0.030833333333333334
63 0.32447916666666665 0.29875 0.01875 0.04083333333333333
62 0.39114583333333336 0.33458333333333334 0.022916666666666665 0.04583333333333333
61 0.5916666666666667 0.425 0.041666666666666664 0.08166666666666667
28 0.18515625 0.24958333333333332 0.0078125 0.019166666666666665
