61 0.40546875 0.4633333333333333 0.049479166666666664 0.11
60 0.2950520833333333 0.34375 0.0265625 0.0625
40 0.65390625 0.46416666666666667 0.05260416666666667 0.10166666666666667
41 0.43671875 0.3441666666666667 0.028645833333333332 0.06166666666666667
42 0.35208333333333336 0.30625 0.01875 0.0475
43 0.31276041666666665 0.28458333333333335 0.016145833333333335 0.035833333333333335
58 0.2557291666666667 0.3025 0.01875 0.045
44 0.28567708333333336 0.27208333333333334 0.0140625 0.030833333333333334
57 0.21848958333333332 0.29125 0.018229166666666668 0.0425
45 0.2638020833333333 0.2658333333333333 0.013020833333333334 0.03166666666666667
46 0.22239583333333332 0.2608333333333333 0.011458333333333333 0.03
56 0.14921875 0.2841666666666667 0.016145833333333335 0.035
20 0.03515625 0.34791666666666665 0.021354166666666667 0.0575
2 0.9677083333333333 0.47541666666666665 0.03229166666666667 0.0725
3 0.6497395833333334 0.35583333333333333 0.019270833333333334 0.05
4 0.5119791666666667 0.31416666666666665 0.013541666666666667 0.035
5 0.43333333333333335 0.2925 0.011458333333333333 0.03333333333333333
6 0.4005208333333333 0.27166666666666667 0.008333333333333333 0.028333333333333332
7 0.3611979166666667 0.26916666666666667 0.008854166666666666 0.025
8 0.29192708333333334 0.25958333333333333 0.008854166666666666 0.024166666666666666
9 0.20494791666666667 0.25375 0.008854166666666666 0.0225
47 0.1671875 0.26166666666666666 0.0125 0.028333333333333332
10 0.10963541666666667 0.25708333333333333 0.0078125 0.0225
19 0.06458333333333334 0.30916666666666665 0.015625 0.03666666666666667
18 0.026041666666666668 0.30541666666666667 0.013541666666666667 0.0375
49 0.041666666666666664 0.26208333333333333 0.009375 0.0275
11 0.014322916666666666 0.2604166666666667 0.0067708333333333336 0.024166666666666666
48 0.1046875 0.26166666666666666 0.009375 0.025
55 0.0140625 0.2875 0.007291666666666667 0.02666666666666667
