41 0.7145833333333333 0.4891666666666667 0.057291666666666664 0.11166666666666666
42 0.4578125 0.35333333333333333 0.027083333333333334 0.06166666666666667
43 0.3703125 0.3075 0.01875 0.045
60 0.4393229166666667 0.4995833333333333 0.058854166666666666 0.12916666666666668
58 0.3065104166666667 0.35125 0.028645833333333332 0.06916666666666667
44 0.32369791666666664 0.28583333333333333 0.015104166666666667 0.03666666666666667
57 0.24375 0.32416666666666666 0.026041666666666668 0.058333333333333334
45 0.2942708333333333 0.27791666666666665 0.014583333333333334 0.034166666666666665
46 0.24114583333333334 0.27166666666666667 0.017708333333333333 0.03666666666666667
47 0.17317708333333334 0.26708333333333334 0.0140625 0.030833333333333334
56 0.14427083333333332 0.31083333333333335 0.019791666666666666 0.04666666666666667
4 0.6869791666666667 0.37083333333333335 0.020833333333333332 0.05
5 0.5322916666666667 0.32 0.014583333333333334 0.03666666666666667
6 0.46953125 0.2866666666666667 0.008854166666666666 0.03166666666666667
7 0.41328125 0.2833333333333333 0.008854166666666666 0.02666666666666667
8 0.32447916666666665 0.26958333333333334 0.010416666666666666 0.025833333333333333
9 0.21953125 0.25916666666666666 0.008854166666666666 0.02666666666666667
10 0.10494791666666667 0.2625 0.009895833333333333 0.02666666666666667
48 0.09635416666666667 0.26875 0.0125 0.0275
49 0.01796875 0.26875 0.0078125 0.0225
