39 0.8705729166666667 0.7158333333333333 0.0796875 0.19833333333333333
38 0.41640625 0.4658333333333333 0.04010416666666667 0.11166666666666666
78 0.25 0.38875 0.03854166666666667 0.08416666666666667
77 0.16197916666666667 0.3433333333333333 0.03333333333333333 0.06666666666666667
76 0.084375 0.31125 0.026041666666666668 0.05583333333333333
75 0.01484375 0.2991666666666667 0.0234375 0.05
72 0.04739583333333333 0.26208333333333333 0.016666666666666666 0.034166666666666665
71 0.1234375 0.25666666666666665 0.015625 0.03166666666666667
70 0.21119791666666668 0.25125 0.011979166666666667 0.0275
69 0.2994791666666667 0.25458333333333333 0.013541666666666667 0.0325
68 0.3854166666666667 0.26 0.0125 0.03166666666666667
67 0.4596354166666667 0.27125 0.015104166666666667 0.029166666666666667
66 0.5184895833333333 0.28 0.015104166666666667 0.035
65 0.5388020833333333 0.2891666666666667 0.0171875 0.03833333333333333
64 0.6471354166666666 0.3283333333333333 0.025520833333333333 0.056666666666666664
63 0.8682291666666667 0.4395833333333333 0.03958333333333333 0.0825
31 0.06796875 0.24666666666666667 0.009895833333333333 0.028333333333333332
29 0.3221354166666667 0.24666666666666667 0.0109375 0.028333333333333332
28 0.45729166666666665 0.25625 0.011458333333333333 0.0275
27 0.5627604166666667 0.2733333333333333 0.011979166666666667 0.028333333333333332
26 0.6729166666666667 0.29583333333333334 0.014583333333333334 0.03166666666666667
25 0.7231770833333333 0.3129166666666667 0.016145833333333335 0.0375
24 0.8489583333333334 0.35791666666666666 0.01875 0.04583333333333333
