43 0.8080729166666667 0.45208333333333334 0.0484375 0.0875
44 0.6143229166666667 0.34625 0.027604166666666666 0.05416666666666667
57 0.6401041666666667 0.6354166666666666 0.078125 0.1725
45 0.5484375 0.32125 0.022916666666666665 0.049166666666666664
46 0.459375 0.30333333333333334 0.020833333333333332 0.04666666666666667
47 0.353125 0.2916666666666667 0.020833333333333332 0.043333333333333335
56 0.29270833333333335 0.47333333333333333 0.053125 0.11166666666666666
6 0.84765625 0.35625 0.019270833333333334 0.04583333333333333
7 0.7221354166666667 0.3329166666666667 0.016145833333333335 0.03916666666666667
8 0.57421875 0.30041666666666667 0.016145833333333335 0.0375
9 0.41901041666666666 0.27958333333333335 0.015104166666666667 0.034166666666666665
10 0.2557291666666667 0.2775 0.013541666666666667 0.03333333333333333
11 0.09583333333333334 0.2775 0.010416666666666666 0.035
49 0.12265625 0.2920833333333333 0.011979166666666667 0.0325
48 0.24088541666666666 0.29041666666666666 0.015104166666666667 0.0375
