39 0.2875 0.37916666666666665 0.035416666666666666 0.07666666666666666
29 0.11536458333333334 0.24208333333333334 0.008854166666666666 0.0225
27 0.31614583333333335 0.25 0.011458333333333333 0.02666666666666667
38 0.13776041666666666 0.3383333333333333 0.025520833333333333 0.06166666666666667
26 0.39947916666666666 0.2604166666666667 0.010416666666666666 0.029166666666666667
25 0.428125 0.2675 0.014583333333333334 0.035
24 0.49453125 0.28958333333333336 0.0140625 0.035833333333333335
23 0.6330729166666667 0.3329166666666667 0.022395833333333334 0.04583333333333333
22 0.8802083333333334 0.42291666666666666 0.03229166666666667 0.06416666666666666
68 0.16666666666666666 0.24583333333333332 0.0125 0.03333333333333333
69 0.09427083333333333 0.2475 0.013541666666666667 0.03
70 0.018229166666666668 0.25125 0.011458333333333333 0.025833333333333333
78 0.05078125 0.32083333333333336 0.024479166666666666 0.056666666666666664
67 0.22604166666666667 0.25083333333333335 0.0125 0.028333333333333332
66 0.27005208333333336 0.255 0.011979166666666667 0.03
65 0.28098958333333335 0.25958333333333333 0.013020833333333334 0.035833333333333335
64 0.33828125 0.27875 0.0171875 0.0375
63 0.428125 0.32083333333333336 0.023958333333333335 0.056666666666666664
62 0.58046875 0.40291666666666665 0.04010416666666667 0.07583333333333334
28 0.2296875 0.24208333333333334 0.009375 0.0225
