32 0.1984375 0.27458333333333335 0.013541666666666667 0.035833333333333335
33 0.07473958333333333 0.285 0.016145833333333335 0.04
31 0.3453125 0.26916666666666667 0.013541666666666667 0.035
29 0.6466145833333333 0.29291666666666666 0.011979166666666667 0.030833333333333334
30 0.5161458333333333 0.2783333333333333 0.010416666666666666 0.028333333333333332
28 0.81171875 0.3175 0.0109375 0.03166666666666667
27 0.9513020833333333 0.35 0.0140625 0.03833333333333333
78 0.8520833333333333 0.7633333333333333 0.09479166666666666 0.21333333333333335
68 0.7372395833333333 0.3179166666666667 0.018229166666666668 0.04083333333333333
69 0.6278645833333333 0.30125 0.015104166666666667 0.0375
70 0.5200520833333333 0.2920833333333333 0.018229166666666668 0.034166666666666665
71 0.4140625 0.28791666666666665 0.019791666666666666 0.04083333333333333
72 0.32317708333333334 0.2916666666666667 0.019270833333333334 0.041666666666666664
73 0.25390625 0.29833333333333334 0.0234375 0.045
74 0.2171875 0.32375 0.023958333333333335 0.0575
75 0.27630208333333334 0.34958333333333336 0.033854166666666664 0.0675
76 0.3807291666666667 0.38916666666666666 0.03854166666666667 0.085
77 0.5393229166666667 0.5004166666666666 0.05572916666666667 0.1275
67 0.8364583333333333 0.34041666666666665 0.019791666666666666 0.0425
66 0.9252604166666667 0.36291666666666667 0.0234375 0.0475
65 0.97578125 0.38416666666666666 0.022395833333333334 0.051666666666666666
