38 0.59921875 0.58125 0.0578125 0.15083333333333335
78 0.3419270833333333 0.44125 0.05260416666666667 0.1075
77 0.23151041666666666 0.3675 0.0390625 0.07833333333333334
76 0.14192708333333334 0.32375 0.028645833333333332 0.060833333333333336
75 0.065625 0.30541666666666667 0.026041666666666668 0.050833333333333335
74 0.015885416666666666 0.29041666666666666 0.021354166666666667 0.04583333333333333
73 0.04505208333333333 0.27291666666666664 0.019270833333333334 0.03916666666666667
72 0.10729166666666666 0.2633333333333333 0.016666666666666666 0.03833333333333333
71 0.18697916666666667 0.2575 0.017708333333333333 0.03333333333333333
70 0.2799479166666667 0.25708333333333333 0.013020833333333334 0.029166666666666667
69 0.37395833333333334 0.25875 0.013541666666666667 0.034166666666666665
68 0.4666666666666667 0.2679166666666667 0.015625 0.035833333333333335
67 0.546875 0.2808333333333333 0.016666666666666666 0.035
66 0.6122395833333333 0.29333333333333333 0.018229166666666668 0.03833333333333333
65 0.6403645833333333 0.30333333333333334 0.019270833333333334 0.041666666666666664
64 0.7809895833333333 0.35625 0.028645833333333332 0.0625
31 0.12734375 0.24708333333333332 0.009895833333333333 0.0275
29 0.3966145833333333 0.25083333333333335 0.009895833333333333 0.028333333333333332
28 0.53984375 0.26416666666666666 0.0109375 0.028333333333333332
27 0.6546875 0.285 0.010416666666666666 0.03
26 0.778125 0.31416666666666665 0.015625 0.035
25 0.8395833333333333 0.3375 0.016666666666666666 0.03666666666666667
