43 0.66796875 0.4125 0.04114583333333333 0.08166666666666667
44 0.5138020833333333 0.33 0.024479166666666666 0.051666666666666666
57 0.47682291666666665 0.53875 0.0640625 0.13916666666666666
45 0.4552083333333333 0.30875 0.022916666666666665 0.04583333333333333
46 0.37083333333333335 0.29375 0.021875 0.04583333333333333
47 0.27109375 0.2875 0.0203125 0.041666666666666664
56 0.20416666666666666 0.43416666666666665 0.04583333333333333 0.1
5 0.940625 0.43583333333333335 0.028125 0.065
6 0.73515625 0.33416666666666667 0.015104166666666667 0.045
7 0.6229166666666667 0.31625 0.016666666666666666 0.03916666666666667
8 0.48463541666666665 0.28875 0.016145833333333335 0.0375
9 0.3359375 0.27125 0.011458333333333333 0.0325
10 0.17942708333333332 0.27166666666666667 0.013020833333333334 0.03166666666666667
11 0.023958333333333335 0.2775 0.011458333333333333 0.03333333333333333
48 0.16380208333333332 0.28625 0.0171875 0.0375
49 0.049479166666666664 0.28833333333333333 0.011458333333333333 0.035
