39 0.29973958333333334 0.3925 0.03697916666666667 0.07833333333333334
30 0.023177083333333334 0.245 0.0078125 0.028333333333333332
29 0.11953125 0.23916666666666667 0.009895833333333333 0.02666666666666667
27 0.3234375 0.24916666666666668 0.009375 0.028333333333333332
38 0.14088541666666668 0.3425 0.0265625 0.065
26 0.4088541666666667 0.26208333333333333 0.011458333333333333 0.0275
25 0.43854166666666666 0.26916666666666667 0.013541666666666667 0.03333333333333333
24 0.5083333333333333 0.2945833333333333 0.014583333333333334 0.0375
23 0.65390625 0.33958333333333335 0.022395833333333334 0.049166666666666664
22 0.92265625 0.4375 0.033854166666666664 0.07333333333333333
68 0.17161458333333332 0.2475 0.0140625 0.03333333333333333
69 0.09791666666666667 0.24708333333333332 0.0125 0.025833333333333333
70 0.0203125 0.25083333333333335 0.0125 0.028333333333333332
78 0.05130208333333333 0.32458333333333333 0.0265625 0.05583333333333333
67 0.23125 0.25083333333333335 0.013541666666666667 0.028333333333333332
66 0.278125 0.2554166666666667 0.0125 0.030833333333333334
65 0.2890625 0.26166666666666666 0.0125 0.03333333333333333
64 0.34791666666666665 0.2808333333333333 0.016666666666666666 0.04
63 0.44427083333333334 0.32708333333333334 0.025 0.0575
62 0.6130208333333333 0.41875 0.03854166666666667 0.08083333333333333
28 0.23619791666666667 0.24291666666666667 0.008854166666666666 0.024166666666666666
