43 0.73515625 0.43041666666666667 0.0453125 0.08416666666666667
44 0.5606770833333333 0.3383333333333333 0.0265625 0.051666666666666666
57 0.5502604166666667 0.5854166666666667 0.0703125 0.15583333333333332
45 0.49921875 0.31416666666666665 0.0234375 0.04833333333333333
46 0.4127604166666667 0.2970833333333333 0.021354166666666667 0.04583333333333333
47 0.30911458333333336 0.28625 0.019270833333333334 0.04416666666666667
56 0.24505208333333334 0.4533333333333333 0.04739583333333333 0.105
6 0.7888020833333333 0.3441666666666667 0.018229166666666668 0.04666666666666667
7 0.6703125 0.325 0.017708333333333333 0.04
8 0.5263020833333333 0.2945833333333333 0.013020833333333334 0.030833333333333334
9 0.375 0.275 0.013541666666666667 0.035
10 0.2140625 0.27416666666666667 0.0125 0.03333333333333333
11 0.05755208333333333 0.27708333333333335 0.0109375 0.034166666666666665
49 0.084375 0.28958333333333336 0.011458333333333333 0.035833333333333335
48 0.20026041666666666 0.2891666666666667 0.0171875 0.03666666666666667
