41 0.628125 0.43916666666666665 0.05 0.09833333333333333
42 0.4278645833333333 0.33666666666666667 0.0265625 0.058333333333333334
43 0.35598958333333336 0.29875 0.018229166666666668 0.04083333333333333
60 0.3890625 0.44458333333333333 0.05 0.1075
58 0.2916666666666667 0.33375 0.026041666666666668 0.0625
44 0.31276041666666665 0.2791666666666667 0.0140625 0.03166666666666667
57 0.234375 0.3129166666666667 0.026041666666666668 0.050833333333333335
45 0.28541666666666665 0.27166666666666667 0.014583333333333334 0.03166666666666667
46 0.23463541666666668 0.265 0.0140625 0.03333333333333333
47 0.16927083333333334 0.2633333333333333 0.015625 0.03
56 0.14322916666666666 0.30083333333333334 0.020833333333333332 0.043333333333333335
19 0.013541666666666667 0.345 0.022916666666666665 0.055
3 0.92265625 0.44958333333333333 0.0296875 0.07083333333333333
4 0.64140625 0.35208333333333336 0.019270833333333334 0.0475
5 0.50703125 0.3104166666666667 0.013020833333333334 0.034166666666666665
6 0.45208333333333334 0.2791666666666667 0.010416666666666666 0.03166666666666667
7 0.4 0.27625 0.010416666666666666 0.0275
8 0.315625 0.2629166666666667 0.010416666666666666 0.029166666666666667
9 0.21458333333333332 0.2554166666666667 0.008333333333333333 0.025833333333333333
10 0.10390625 0.2575 0.009895833333333333 0.025
49 0.02109375 0.26666666666666666 0.008854166666666666 0.02666666666666667
48 0.09635416666666667 0.26416666666666666 0.010416666666666666 0.03
