42 0.5809895833333333 0.4225 0.043229166666666666 0.085
43 0.41901041666666666 0.33541666666666664 0.0234375 0.05583333333333333
58 0.36822916666666666 0.4266666666666667 0.041666666666666664 0.09333333333333334
44 0.3484375 0.30041666666666667 0.016666666666666666 0.04083333333333333
57 0.26510416666666664 0.36916666666666664 0.035416666666666666 0.07166666666666667
45 0.3109375 0.28958333333333336 0.016666666666666666 0.0375
46 0.24947916666666667 0.28041666666666665 0.017708333333333333 0.03916666666666667
47 0.17135416666666667 0.2775 0.014583333333333334 0.035
56 0.13151041666666666 0.34208333333333335 0.027604166666666666 0.059166666666666666
4 0.86953125 0.44083333333333335 0.028645833333333332 0.065
5 0.6158854166666666 0.35083333333333333 0.0171875 0.045
6 0.51953125 0.3025 0.0109375 0.035
7 0.44765625 0.2941666666666667 0.0109375 0.03
8 0.34296875 0.27666666666666667 0.0109375 0.028333333333333332
9 0.2234375 0.2675 0.009375 0.028333333333333332
10 0.09401041666666667 0.27 0.009895833333333333 0.02666666666666667
48 0.08359375 0.27958333333333335 0.0140625 0.034166666666666665
