76 0.8872395833333333 0.7175 0.08489583333333334 0.20333333333333334
75 0.53125 0.49083333333333334 0.051041666666666666 0.115
74 0.39401041666666664 0.40458333333333335 0.03802083333333333 0.0875
73 0.42916666666666664 0.3466666666666667 0.029166666666666667 0.06333333333333334
72 0.5166666666666667 0.33375 0.026041666666666668 0.05583333333333333
71 0.6296875 0.32916666666666666 0.025 0.04833333333333333
70 0.7625 0.33875 0.021875 0.0425
69 0.90078125 0.36083333333333334 0.019270833333333334 0.045
31 0.5255208333333333 0.2970833333333333 0.014583333333333334 0.035833333333333335
32 0.3390625 0.2945833333333333 0.016666666666666666 0.04416666666666667
33 0.17526041666666667 0.3095833333333333 0.022395833333333334 0.049166666666666664
30 0.7322916666666667 0.31583333333333335 0.014583333333333334 0.03666666666666667
29 0.8942708333333333 0.34041666666666665 0.013541666666666667 0.034166666666666665
