64 0.5390625 0.45375 0.040625 0.10416666666666667
63 0.41510416666666666 0.3466666666666667 0.023958333333333335 0.06
62 0.39739583333333334 0.30625 0.017708333333333333 0.0375
38 0.6661458333333333 0.34958333333333336 0.022916666666666665 0.0525
61 0.37734375 0.2833333333333333 0.013020833333333334 0.03333333333333333
78 0.8119791666666667 0.3854166666666667 0.027083333333333334 0.0625
39 0.53515625 0.32083333333333336 0.019270833333333334 0.04833333333333333
40 0.4510416666666667 0.2875 0.014583333333333334 0.035
41 0.434375 0.2704166666666667 0.0125 0.030833333333333334
42 0.42109375 0.26208333333333333 0.0109375 0.025833333333333333
0 0.7854166666666667 0.35541666666666666 0.016666666666666666 0.03916666666666667
56 0.3203125 0.25166666666666665 0.010416666666666666 0.02666666666666667
57 0.35625 0.25708333333333333 0.011458333333333333 0.025833333333333333
20 0.27005208333333336 0.26625 0.008854166666666666 0.0275
24 0.03723958333333333 0.46166666666666667 0.0421875 0.09666666666666666
23 0.15338541666666666 0.3425 0.025520833333333333 0.051666666666666666
21 0.24739583333333334 0.27708333333333335 0.010416666666666666 0.034166666666666665
22 0.22395833333333334 0.30083333333333334 0.016666666666666666 0.03833333333333333
1 0.6763020833333333 0.32416666666666666 0.0140625 0.03833333333333333
2 0.5791666666666667 0.2966666666666667 0.011458333333333333 0.03333333333333333
3 0.5364583333333334 0.2775 0.011458333333333333 0.02666666666666667
4 0.5080729166666667 0.2683333333333333 0.008854166666666666 0.021666666666666667
5 0.4869791666666667 0.25958333333333333 0.008333333333333333 0.0225
43 0.4140625 0.255 0.008333333333333333 0.025
44 0.40729166666666666 0.25125 0.010416666666666666 0.025833333333333333
