20 0.76328125 0.39375 0.025520833333333333 0.059166666666666666
21 0.5682291666666667 0.3325 0.015625 0.04
22 0.45677083333333335 0.30125 0.011458333333333333 0.0325
39 0.20963541666666666 0.29041666666666666 0.016145833333333335 0.03916666666666667
29 0.10677083333333333 0.24833333333333332 0.00625 0.021666666666666667
27 0.25078125 0.2525 0.0067708333333333336 0.021666666666666667
40 0.27708333333333335 0.3179166666666667 0.020833333333333332 0.050833333333333335
26 0.3046875 0.25916666666666666 0.008333333333333333 0.023333333333333334
23 0.3984375 0.28375 0.013541666666666667 0.0275
25 0.3177083333333333 0.26208333333333333 0.011458333333333333 0.025833333333333333
24 0.346875 0.2704166666666667 0.009375 0.025833333333333333
41 0.3411458333333333 0.37583333333333335 0.034375 0.075
68 0.14479166666666668 0.25333333333333335 0.011458333333333333 0.02666666666666667
69 0.09427083333333333 0.25333333333333335 0.009375 0.023333333333333334
78 0.09869791666666666 0.2783333333333333 0.013020833333333334 0.03166666666666667
70 0.042708333333333334 0.25583333333333336 0.009375 0.021666666666666667
71 0.015364583333333333 0.275 0.011979166666666667 0.035
77 0.059895833333333336 0.27625 0.014583333333333334 0.034166666666666665
67 0.18671875 0.255 0.0078125 0.02
66 0.21744791666666666 0.25583333333333336 0.0067708333333333336 0.023333333333333334
65 0.2234375 0.25708333333333333 0.009375 0.0225
64 0.2520833333333333 0.26625 0.010416666666666666 0.025833333333333333
63 0.2864583333333333 0.2791666666666667 0.013541666666666667 0.03
62 0.31744791666666666 0.2925 0.0171875 0.04
61 0.3890625 0.32458333333333333 0.021875 0.04416666666666667
60 0.5140625 0.38 0.034375 0.06833333333333333
58 0.9075520833333334 0.5716666666666667 0.0609375 0.12666666666666668
42 0.6158854166666666 0.62375 0.0703125 0.16083333333333333
38 0.14635416666666667 0.28291666666666665 0.010416666666666666 0.030833333333333334
28 0.19114583333333332 0.24916666666666668 0.00625 0.016666666666666666
30 0.0375 0.2525 0.00625 0.016666666666666666
2 0.0734375 0.32083333333333336 0.019791666666666666 0.04833333333333333
1 0.0578125 0.30083333333333334 0.0125 0.03166666666666667
