5 0.09375 0.42791666666666667 0.040625 0.09083333333333334
4 0.21692708333333333 0.32083333333333336 0.021354166666666667 0.051666666666666666
19 0.8028645833333333 0.3566666666666667 0.0171875 0.04666666666666667
18 0.9244791666666666 0.39458333333333334 0.017708333333333333 0.050833333333333335
21 0.59765625 0.28541666666666665 0.0109375 0.030833333333333334
20 0.6684895833333333 0.30791666666666667 0.0140625 0.0375
22 0.54609375 0.27 0.009895833333333333 0.025
39 0.3734375 0.25625 0.013541666666666667 0.029166666666666667
40 0.409375 0.2704166666666667 0.015625 0.034166666666666665
26 0.45807291666666666 0.2425 0.0067708333333333336 0.02
23 0.5171875 0.25875 0.009375 0.0225
25 0.4674479166666667 0.24583333333333332 0.0067708333333333336 0.018333333333333333
24 0.484375 0.25 0.008333333333333333 0.018333333333333333
67 0.36380208333333336 0.23625 0.008854166666666666 0.0225
69 0.28958333333333336 0.23125 0.009375 0.0225
29 0.2994791666666667 0.23166666666666666 0.008333333333333333 0.016666666666666666
64 0.4114583333333333 0.24458333333333335 0.010416666666666666 0.0225
63 0.43307291666666664 0.25333333333333335 0.0109375 0.023333333333333334
62 0.446875 0.2604166666666667 0.0125 0.029166666666666667
61 0.4791666666666667 0.27625 0.013541666666666667 0.0325
60 0.5169270833333334 0.29375 0.019270833333333334 0.0425
58 0.58828125 0.32958333333333334 0.0265625 0.0575
41 0.4244791666666667 0.28708333333333336 0.01875 0.04416666666666667
42 0.4588541666666667 0.32416666666666666 0.025 0.058333333333333334
68 0.33098958333333334 0.23541666666666666 0.008854166666666666 0.019166666666666665
38 0.33046875 0.2520833333333333 0.008854166666666666 0.024166666666666666
57 0.6950520833333333 0.37125 0.03177083333333333 0.0675
43 0.5380208333333333 0.43291666666666667 0.046875 0.0975
56 0.9088541666666666 0.43083333333333335 0.03125 0.065
78 0.29635416666666664 0.24958333333333332 0.011458333333333333 0.029166666666666667
77 0.2677083333333333 0.24708333333333332 0.010416666666666666 0.024166666666666666
2 0.28567708333333336 0.26625 0.013020833333333334 0.0325
3 0.26067708333333334 0.28208333333333335 0.0140625 0.03916666666666667
