11 0.89609375 0.35625 0.011979166666666667 0.04083333333333333
12 0.7065104166666667 0.32958333333333334 0.0109375 0.0425
13 0.4875 0.32458333333333333 0.013541666666666667 0.0475
14 0.2838541666666667 0.3358333333333333 0.017708333333333333 0.055
15 0.031510416666666666 0.38 0.028645833333333332 0.07666666666666666
49 0.9611979166666667 0.3875 0.016145833333333335 0.045
50 0.8088541666666667 0.37416666666666665 0.015625 0.04666666666666667
51 0.6713541666666667 0.37583333333333335 0.014583333333333334 0.045
52 0.5494791666666666 0.3954166666666667 0.020833333333333332 0.060833333333333336
55 0.8666666666666667 0.8045833333333333 0.09791666666666667 0.2225
53 0.46536458333333336 0.43375 0.0234375 0.0775
54 0.47734375 0.53125 0.03697916666666667 0.1175
