41 0.5736979166666667 0.41541666666666666 0.044270833333333336 0.08583333333333333
42 0.40963541666666664 0.3329166666666667 0.022395833333333334 0.05416666666666667
43 0.34401041666666665 0.3 0.0171875 0.04
60 0.3606770833333333 0.4175 0.043229166666666666 0.09166666666666666
58 0.28072916666666664 0.3304166666666667 0.023958333333333335 0.05583333333333333
44 0.30572916666666666 0.28208333333333335 0.013541666666666667 0.030833333333333334
57 0.23125 0.3120833333333333 0.023958333333333335 0.050833333333333335
45 0.2791666666666667 0.27458333333333335 0.013541666666666667 0.030833333333333334
46 0.23125 0.26916666666666667 0.0125 0.03333333333333333
47 0.16744791666666667 0.26708333333333334 0.0140625 0.029166666666666667
56 0.14505208333333333 0.30083333333333334 0.021354166666666667 0.043333333333333335
19 0.02578125 0.34125 0.022395833333333334 0.0525
3 0.8526041666666667 0.42625 0.027083333333333334 0.06583333333333333
4 0.6098958333333333 0.3475 0.019791666666666666 0.041666666666666664
5 0.4895833333333333 0.30791666666666667 0.0125 0.034166666666666665
6 0.44036458333333334 0.27875 0.011979166666666667 0.0325
7 0.39036458333333335 0.27875 0.009895833333333333 0.024166666666666666
8 0.309375 0.2658333333333333 0.008333333333333333 0.02666666666666667
9 0.21145833333333333 0.25875 0.009375 0.025833333333333333
10 0.10416666666666667 0.26125 0.009375 0.0225
49 0.023958333333333335 0.26916666666666667 0.009375 0.02666666666666667
48 0.09739583333333333 0.27 0.010416666666666666 0.03
