64 0.5536458333333333 0.41333333333333333 0.035416666666666666 0.08166666666666667
63 0.48020833333333335 0.34041666666666665 0.020833333333333332 0.05416666666666667
62 0.47317708333333336 0.3070833333333333 0.0171875 0.03916666666666667
38 0.70859375 0.34791666666666665 0.021354166666666667 0.04583333333333333
61 0.45989583333333334 0.2891666666666667 0.0125 0.03333333333333333
78 0.8341145833333333 0.37916666666666665 0.024479166666666666 0.051666666666666666
39 0.5966145833333333 0.3229166666666667 0.0203125 0.04583333333333333
40 0.52890625 0.2945833333333333 0.016145833333333335 0.030833333333333334
41 0.5177083333333333 0.28041666666666665 0.013541666666666667 0.0325
0 0.8291666666666667 0.3545833333333333 0.0125 0.04083333333333333
56 0.41067708333333336 0.2625 0.0109375 0.025
57 0.44375 0.265 0.009375 0.025
20 0.36328125 0.27291666666666664 0.008854166666666666 0.0275
24 0.16744791666666667 0.41125 0.0359375 0.0775
23 0.25442708333333336 0.33416666666666667 0.0234375 0.04833333333333333
21 0.34010416666666665 0.2816666666666667 0.011458333333333333 0.03666666666666667
22 0.31666666666666665 0.3016666666666667 0.013541666666666667 0.03666666666666667
1 0.7325520833333333 0.3304166666666667 0.011979166666666667 0.035833333333333335
2 0.6481770833333333 0.305 0.011979166666666667 0.03
3 0.6125 0.28791666666666665 0.011458333333333333 0.025833333333333333
4 0.5888020833333333 0.27791666666666665 0.008854166666666666 0.0225
77 0.9903645833333333 0.41583333333333333 0.016145833333333335 0.056666666666666664
5 0.5713541666666667 0.2708333333333333 0.009375 0.021666666666666667
42 0.5067708333333333 0.2725 0.010416666666666666 0.02666666666666667
