66 0.7963541666666667 0.5995833333333334 0.06458333333333334 0.15416666666666667
65 0.8799479166666667 0.47458333333333336 0.0421875 0.10083333333333333
64 0.9143229166666667 0.36666666666666664 0.0234375 0.056666666666666664
63 0.93515625 0.33791666666666664 0.0171875 0.04083333333333333
62 0.9651041666666667 0.32416666666666666 0.016666666666666666 0.03333333333333333
24 0.68046875 0.3383333333333333 0.019270833333333334 0.04666666666666667
26 0.17552083333333332 0.45125 0.04375 0.0975
25 0.46197916666666666 0.3829166666666667 0.034375 0.06916666666666667
23 0.7666666666666667 0.31375 0.017708333333333333 0.04083333333333333
22 0.8380208333333333 0.30666666666666664 0.0125 0.03166666666666667
60 0.9890625 0.3045833333333333 0.0125 0.029166666666666667
61 0.9765625 0.31083333333333335 0.013541666666666667 0.03333333333333333
21 0.871875 0.2975 0.010416666666666666 0.028333333333333332
