75 0.7380208333333333 0.6475 0.07604166666666666 0.16833333333333333
74 0.4908854166666667 0.47333333333333333 0.0515625 0.11166666666666666
73 0.5091145833333334 0.38333333333333336 0.034895833333333334 0.08
72 0.5989583333333334 0.3625 0.027083333333333334 0.06166666666666667
71 0.7208333333333333 0.35791666666666666 0.026041666666666668 0.05583333333333333
70 0.8630208333333333 0.36666666666666664 0.023958333333333335 0.05
31 0.5885416666666666 0.31416666666666665 0.014583333333333334 0.04
32 0.38619791666666664 0.31125 0.019270833333333334 0.0475
33 0.19947916666666668 0.33125 0.025 0.060833333333333336
30 0.8127604166666667 0.33875 0.015104166666666667 0.03916666666666667
29 0.9877604166666667 0.3675 0.0140625 0.03666666666666667
