65 0.82734375 0.5766666666666667 0.0578125 0.13833333333333334
64 0.7234375 0.37375 0.028125 0.0625
63 0.7041666666666667 0.33416666666666667 0.017708333333333333 0.043333333333333335
62 0.7158854166666667 0.3120833333333333 0.015104166666666667 0.0375
38 0.9135416666666667 0.35083333333333333 0.019791666666666666 0.041666666666666664
39 0.8236979166666667 0.3279166666666667 0.018229166666666668 0.04416666666666667
40 0.7778645833333333 0.30041666666666667 0.015104166666666667 0.034166666666666665
56 0.6830729166666667 0.27291666666666664 0.013020833333333334 0.025833333333333333
24 0.44114583333333335 0.3591666666666667 0.025 0.056666666666666664
25 0.18567708333333333 0.46625 0.044270833333333336 0.0975
23 0.51796875 0.31625 0.0203125 0.04416666666666667
22 0.5809895833333333 0.2995833333333333 0.013020833333333334 0.0325
1 0.9552083333333333 0.3425 0.014583333333333334 0.03166666666666667
2 0.8888020833333333 0.3179166666666667 0.0109375 0.0275
3 0.865625 0.30125 0.010416666666666666 0.0275
4 0.84921875 0.2925 0.009895833333333333 0.02666666666666667
5 0.8361979166666667 0.28958333333333336 0.0109375 0.0225
21 0.60625 0.2866666666666667 0.010416666666666666 0.03166666666666667
