61 0.4947916666666667 0.5625 0.06354166666666666 0.14666666666666667
60 0.3106770833333333 0.3616666666666667 0.027604166666666666 0.06833333333333333
40 0.8127604166666667 0.545 0.0578125 0.12833333333333333
41 0.4796875 0.3616666666666667 0.030208333333333334 0.06666666666666667
42 0.3697916666666667 0.31 0.019791666666666666 0.04833333333333333
43 0.32083333333333336 0.28375 0.013541666666666667 0.0375
58 0.26145833333333335 0.30875 0.019791666666666666 0.04583333333333333
44 0.28932291666666665 0.2708333333333333 0.0140625 0.03166666666666667
57 0.21927083333333333 0.2941666666666667 0.019791666666666666 0.045
45 0.2674479166666667 0.2658333333333333 0.015104166666666667 0.03166666666666667
46 0.221875 0.26 0.0125 0.03
56 0.14479166666666668 0.28625 0.016666666666666666 0.0375
19 0.04791666666666667 0.31708333333333333 0.01875 0.04083333333333333
3 0.7174479166666666 0.375 0.022395833333333334 0.05333333333333334
4 0.5450520833333333 0.32083333333333336 0.015104166666666667 0.04
5 0.4518229166666667 0.29125 0.011979166666666667 0.0325
6 0.41380208333333335 0.27 0.009895833333333333 0.03
7 0.37005208333333334 0.2675 0.009895833333333333 0.025
8 0.29583333333333334 0.25666666666666665 0.009375 0.023333333333333334
9 0.20494791666666667 0.2520833333333333 0.008854166666666666 0.024166666666666666
47 0.16432291666666668 0.2579166666666667 0.013020833333333334 0.0325
10 0.10494791666666667 0.25583333333333336 0.0078125 0.021666666666666667
49 0.031510416666666666 0.26375 0.008854166666666666 0.024166666666666666
11 0.0049479166666666664 0.25833333333333336 0.008854166666666666 0.02666666666666667
48 0.09869791666666666 0.25875 0.008854166666666666 0.025833333333333333
