4 0.052083333333333336 0.3929166666666667 0.034375 0.07916666666666666
19 0.8596354166666667 0.4058333333333333 0.022395833333333334 0.06
21 0.5309895833333333 0.2995833333333333 0.013020833333333334 0.034166666666666665
20 0.6403645833333333 0.33416666666666667 0.018229166666666668 0.043333333333333335
22 0.4578125 0.28125 0.009375 0.025833333333333333
39 0.25807291666666665 0.26958333333333334 0.013020833333333334 0.0325
40 0.30703125 0.28708333333333336 0.016145833333333335 0.04083333333333333
26 0.3453125 0.24708333333333332 0.007291666666666667 0.019166666666666665
23 0.41901041666666666 0.26875 0.009895833333333333 0.0225
25 0.3567708333333333 0.2525 0.009375 0.02
24 0.37838541666666664 0.25958333333333333 0.0078125 0.0225
41 0.33671875 0.3120833333333333 0.0203125 0.0525
69 0.15885416666666666 0.2425 0.008333333333333333 0.02
70 0.11380208333333333 0.24458333333333335 0.0078125 0.0225
67 0.24140625 0.245 0.008854166666666666 0.021666666666666667
66 0.26796875 0.24833333333333332 0.0078125 0.021666666666666667
68 0.20520833333333333 0.24291666666666667 0.007291666666666667 0.019166666666666665
29 0.16953125 0.23958333333333334 0.0067708333333333336 0.019166666666666665
64 0.29739583333333336 0.2520833333333333 0.010416666666666666 0.024166666666666666
63 0.32395833333333335 0.26458333333333334 0.0125 0.025833333333333333
62 0.3455729166666667 0.27166666666666667 0.011979166666666667 0.03166666666666667
61 0.39140625 0.29041666666666666 0.016145833333333335 0.0375
60 0.4549479166666667 0.3179166666666667 0.021354166666666667 0.049166666666666664
58 0.59609375 0.38333333333333336 0.03177083333333333 0.07
42 0.41901041666666666 0.38416666666666666 0.0328125 0.07833333333333334
38 0.20729166666666668 0.26416666666666666 0.009375 0.028333333333333332
30 0.1078125 0.2425 0.005208333333333333 0.015
57 0.8046875 0.45958333333333334 0.041666666666666664 0.0925
43 0.78359375 0.7558333333333334 0.0984375 0.21166666666666667
78 0.16796875 0.2625 0.013020833333333334 0.02666666666666667
77 0.13411458333333334 0.25916666666666666 0.0109375 0.02666666666666667
2 0.15677083333333333 0.2875 0.0125 0.035
3 0.12317708333333334 0.31666666666666665 0.019270833333333334 0.043333333333333335
