78 0.5674479166666667 0.5883333333333334 0.08489583333333334 0.165
77 0.37942708333333336 0.4379166666666667 0.050520833333333334 0.1025
76 0.25885416666666666 0.36333333333333334 0.035416666666666666 0.07166666666666667
75 0.16848958333333333 0.3333333333333333 0.03177083333333333 0.06166666666666667
74 0.115625 0.31375 0.022916666666666665 0.05583333333333333
73 0.15026041666666667 0.2920833333333333 0.019270833333333334 0.0425
72 0.21666666666666667 0.28458333333333335 0.01875 0.03916666666666667
71 0.30364583333333334 0.27791666666666665 0.016666666666666666 0.0375
70 0.4049479166666667 0.2808333333333333 0.0140625 0.028333333333333332
69 0.5075520833333333 0.28708333333333336 0.015104166666666667 0.034166666666666665
68 0.6083333333333333 0.29875 0.016666666666666666 0.0375
67 0.7 0.31666666666666665 0.016666666666666666 0.03833333333333333
66 0.7778645833333333 0.33541666666666664 0.021354166666666667 0.04083333333333333
65 0.8169270833333333 0.35 0.0203125 0.04666666666666667
31 0.24036458333333333 0.26458333333333334 0.011979166666666667 0.029166666666666667
32 0.09765625 0.27166666666666667 0.011979166666666667 0.03166666666666667
29 0.5278645833333333 0.27666666666666667 0.0109375 0.03333333333333333
28 0.68359375 0.29833333333333334 0.0140625 0.03
27 0.8114583333333333 0.32458333333333333 0.013541666666666667 0.0325
26 0.9578125 0.3645833333333333 0.017708333333333333 0.03916666666666667
