5 0.4239583333333333 0.36083333333333334 0.026041666666666668 0.06666666666666667
4 0.5208333333333334 0.30916666666666665 0.019791666666666666 0.043333333333333335
21 0.87578125 0.3045833333333333 0.013020833333333334 0.029166666666666667
20 0.92578125 0.3283333333333333 0.011979166666666667 0.03333333333333333
22 0.8359375 0.28875 0.009375 0.025833333333333333
44 0.7958333333333333 0.6491666666666667 0.071875 0.165
39 0.6770833333333334 0.26958333333333334 0.014583333333333334 0.025833333333333333
40 0.7033854166666667 0.2816666666666667 0.016145833333333335 0.03
23 0.8143229166666667 0.27875 0.009895833333333333 0.024166666666666666
64 0.7192708333333333 0.2604166666666667 0.0125 0.024166666666666666
63 0.7354166666666667 0.26916666666666667 0.014583333333333334 0.025
62 0.7442708333333333 0.27708333333333335 0.0125 0.0275
24 0.7885416666666667 0.27208333333333334 0.009375 0.025833333333333333
61 0.76484375 0.28875 0.0171875 0.034166666666666665
60 0.7877604166666666 0.30625 0.0203125 0.0375
58 0.8270833333333333 0.33375 0.025 0.0475
41 0.7059895833333333 0.29791666666666666 0.018229166666666668 0.0375
42 0.7158854166666667 0.3233333333333333 0.024479166666666666 0.04666666666666667
57 0.8966145833333333 0.3670833333333333 0.027604166666666666 0.05583333333333333
43 0.7263020833333333 0.38708333333333333 0.0328125 0.07583333333333334
78 0.6096354166666667 0.26125 0.011979166666666667 0.0275
77 0.5854166666666667 0.2579166666666667 0.0125 0.024166666666666666
2 0.5940104166666667 0.27375 0.0140625 0.0325
3 0.56640625 0.2841666666666667 0.011979166666666667 0.03333333333333333
