43 0.8442708333333333 0.4608333333333333 0.051041666666666666 0.09
44 0.640625 0.34958333333333336 0.029166666666666667 0.05416666666666667
57 0.68671875 0.6591666666666667 0.08489583333333334 0.18166666666666667
45 0.5744791666666667 0.3225 0.025 0.04833333333333333
46 0.4828125 0.30416666666666664 0.022916666666666665 0.04833333333333333
47 0.375 0.2925 0.021875 0.045
56 0.3203125 0.48083333333333333 0.05520833333333333 0.11166666666666666
6 0.8776041666666666 0.36041666666666666 0.019791666666666666 0.04583333333333333
7 0.7486979166666666 0.33625 0.0171875 0.04083333333333333
8 0.5984375 0.3016666666666667 0.015625 0.03666666666666667
9 0.440625 0.2808333333333333 0.013541666666666667 0.035
10 0.27708333333333335 0.2775 0.0125 0.03333333333333333
11 0.11640625 0.27791666666666665 0.0109375 0.034166666666666665
49 0.14348958333333334 0.29041666666666666 0.0109375 0.035833333333333335
48 0.2625 0.29041666666666666 0.016666666666666666 0.03916666666666667
50 0.0234375 0.30541666666666667 0.014583333333333334 0.035833333333333335
