32 0.11328125 0.25708333333333333 0.011979166666666667 0.030833333333333334
33 0.00546875 0.2679166666666667 0.009895833333333333 0.03916666666666667
31 0.24817708333333333 0.2504166666666667 0.011979166666666667 0.0325
30 0.40546875 0.25875 0.0109375 0.0275
29 0.5234375 0.2625 0.011458333333333333 0.03
28 0.6716145833333333 0.2816666666666667 0.011979166666666667 0.03
27 0.7919270833333333 0.3070833333333333 0.0140625 0.034166666666666665
38 0.8020833333333334 0.71125 0.08645833333333333 0.2075
78 0.475 0.48833333333333334 0.06354166666666666 0.125
26 0.925 0.34291666666666665 0.015625 0.0375
68 0.5955729166666667 0.2841666666666667 0.0171875 0.035
69 0.50078125 0.27125 0.015104166666666667 0.0325
70 0.403125 0.2658333333333333 0.015625 0.028333333333333332
71 0.3072916666666667 0.2654166666666667 0.01875 0.0325
72 0.225 0.2683333333333333 0.017708333333333333 0.041666666666666664
73 0.1625 0.27708333333333335 0.017708333333333333 0.04083333333333333
74 0.12916666666666668 0.29375 0.020833333333333332 0.05416666666666667
75 0.17786458333333333 0.3120833333333333 0.028645833333333332 0.059166666666666666
77 0.34765625 0.3858333333333333 0.0390625 0.08666666666666667
76 0.25494791666666666 0.33416666666666667 0.03177083333333333 0.06333333333333334
67 0.6799479166666667 0.2991666666666667 0.0171875 0.04
66 0.7515625 0.31375 0.019791666666666666 0.0425
65 0.7809895833333333 0.3283333333333333 0.021354166666666667 0.045
64 0.94375 0.39666666666666667 0.03333333333333333 0.065
