65 0.9403645833333333 0.7804166666666666 0.0859375 0.2075
64 0.5981770833333333 0.4 0.033854166666666664 0.07666666666666666
63 0.5424479166666667 0.33916666666666667 0.0203125 0.04833333333333333
62 0.5395833333333333 0.31 0.015625 0.035
38 0.7630208333333334 0.3475 0.020833333333333332 0.04666666666666667
61 0.52890625 0.2920833333333333 0.015104166666666667 0.0325
78 0.88125 0.3770833333333333 0.023958333333333335 0.0525
39 0.6580729166666667 0.32416666666666666 0.019270833333333334 0.043333333333333335
40 0.5966145833333333 0.2970833333333333 0.015104166666666667 0.035833333333333335
41 0.5864583333333333 0.2825 0.011458333333333333 0.03166666666666667
56 0.48541666666666666 0.2658333333333333 0.011458333333333333 0.02666666666666667
57 0.5169270833333334 0.26916666666666667 0.0109375 0.02666666666666667
20 0.43697916666666664 0.27666666666666667 0.009375 0.028333333333333332
24 0.24947916666666667 0.39458333333333334 0.03333333333333333 0.06916666666666667
23 0.33046875 0.33166666666666667 0.021354166666666667 0.045
21 0.41432291666666665 0.285 0.013020833333333334 0.03333333333333333
22 0.39088541666666665 0.30416666666666664 0.0140625 0.03666666666666667
0 0.8856770833333333 0.35791666666666666 0.015104166666666667 0.04083333333333333
1 0.7911458333333333 0.3333333333333333 0.014583333333333334 0.035
2 0.7127604166666667 0.30666666666666664 0.011979166666666667 0.03333333333333333
3 0.6809895833333334 0.29125 0.0109375 0.0225
4 0.6578125 0.28583333333333333 0.008333333333333333 0.023333333333333334
5 0.6424479166666667 0.2783333333333333 0.009895833333333333 0.021666666666666667
