63 0.6127604166666667 0.615 0.0734375 0.15833333333333333
62 0.40182291666666664 0.3725 0.030729166666666665 0.07666666666666666
39 0.6697916666666667 0.41125 0.041666666666666664 0.07916666666666666
40 0.44296875 0.3120833333333333 0.021354166666666667 0.050833333333333335
61 0.328125 0.305 0.022916666666666665 0.051666666666666666
60 0.30703125 0.2783333333333333 0.0171875 0.03833333333333333
41 0.3927083333333333 0.28 0.017708333333333333 0.041666666666666664
42 0.3611979166666667 0.2633333333333333 0.011979166666666667 0.03666666666666667
43 0.34322916666666664 0.25416666666666665 0.011458333333333333 0.028333333333333332
58 0.2953125 0.2608333333333333 0.0125 0.03
44 0.3296875 0.24583333333333332 0.010416666666666666 0.023333333333333334
57 0.27317708333333335 0.25625 0.0109375 0.029166666666666667
56 0.22630208333333332 0.24958333333333332 0.013020833333333334 0.030833333333333334
20 0.16197916666666667 0.2758333333333333 0.011458333333333333 0.03333333333333333
21 0.12552083333333333 0.30333333333333334 0.017708333333333333 0.04666666666666667
22 0.07213541666666666 0.3675 0.0296875 0.06833333333333333
1 0.83828125 0.4 0.0265625 0.056666666666666664
2 0.628125 0.3308333333333333 0.016666666666666666 0.03833333333333333
3 0.52890625 0.29083333333333333 0.013020833333333334 0.03333333333333333
4 0.47265625 0.2725 0.0109375 0.03
5 0.43385416666666665 0.25833333333333336 0.010416666666666666 0.028333333333333332
6 0.4205729166666667 0.24708333333333332 0.0078125 0.024166666666666666
7 0.39348958333333334 0.24791666666666667 0.008854166666666666 0.019166666666666665
47 0.24010416666666667 0.23708333333333334 0.008333333333333333 0.0225
45 0.3143229166666667 0.24333333333333335 0.009895833333333333 0.025
46 0.28411458333333334 0.23791666666666667 0.0078125 0.024166666666666666
19 0.1703125 0.26166666666666666 0.010416666666666666 0.03166666666666667
17 0.05807291666666667 0.25583333333333336 0.0078125 0.028333333333333332
