21 0.69765625 0.37041666666666667 0.0234375 0.05416666666666667
22 0.521875 0.31958333333333333 0.017708333333333333 0.0375
39 0.21614583333333334 0.3020833333333333 0.020833333333333332 0.04416666666666667
29 0.09973958333333334 0.24375 0.0067708333333333336 0.019166666666666665
27 0.25755208333333335 0.25166666666666665 0.0078125 0.021666666666666667
40 0.31354166666666666 0.35583333333333333 0.030208333333333334 0.06333333333333334
38 0.13776041666666666 0.29083333333333333 0.015104166666666667 0.03833333333333333
26 0.31875 0.25875 0.007291666666666667 0.0225
25 0.33645833333333336 0.26416666666666666 0.010416666666666666 0.023333333333333334
24 0.37161458333333336 0.2725 0.0109375 0.02666666666666667
23 0.4390625 0.28958333333333336 0.013541666666666667 0.030833333333333334
41 0.47213541666666664 0.5091666666666667 0.05572916666666667 0.12333333333333334
68 0.14140625 0.25083333333333335 0.0109375 0.025
69 0.08515625 0.25166666666666665 0.009895833333333333 0.023333333333333334
78 0.0828125 0.28583333333333333 0.016666666666666666 0.03833333333333333
70 0.026822916666666665 0.2520833333333333 0.009895833333333333 0.024166666666666666
77 0.03828125 0.2791666666666667 0.015104166666666667 0.03666666666666667
67 0.18802083333333333 0.25375 0.010416666666666666 0.025833333333333333
66 0.22083333333333333 0.25458333333333333 0.010416666666666666 0.024166666666666666
65 0.22890625 0.2579166666666667 0.009895833333333333 0.024166666666666666
64 0.26276041666666666 0.26708333333333334 0.013020833333333334 0.029166666666666667
63 0.30703125 0.28541666666666665 0.013020833333333334 0.034166666666666665
62 0.3515625 0.30625 0.01875 0.0425
61 0.4669270833333333 0.35875 0.0265625 0.050833333333333335
60 0.7455729166666667 0.49541666666666667 0.04739583333333333 0.10416666666666667
28 0.19166666666666668 0.24541666666666667 0.008333333333333333 0.020833333333333332
30 0.0234375 0.2475 0.007291666666666667 0.02
1 0.022395833333333334 0.31708333333333333 0.016666666666666666 0.0375
2 0.028385416666666666 0.3620833333333333 0.025520833333333333 0.0625
