11 0.9416666666666667 0.3745833333333333 0.0125 0.04083333333333333
12 0.7473958333333334 0.3466666666666667 0.011458333333333333 0.043333333333333335
13 0.5247395833333334 0.3425 0.016145833333333335 0.045
14 0.31588541666666664 0.35125 0.0203125 0.05583333333333333
15 0.05078125 0.39625 0.030729166666666665 0.07916666666666666
50 0.8583333333333333 0.39458333333333334 0.016666666666666666 0.050833333333333335
51 0.7182291666666667 0.39375 0.016666666666666666 0.0525
52 0.5942708333333333 0.4116666666666667 0.025 0.07
53 0.5125 0.45916666666666667 0.023958333333333335 0.07833333333333334
54 0.5385416666666667 0.57375 0.04375 0.13416666666666666
