43 0.9473958333333333 0.49 0.052083333333333336 0.09333333333333334
44 0.715625 0.3625 0.03125 0.055
57 0.8247395833333333 0.7395833333333334 0.09739583333333333 0.20916666666666667
45 0.64296875 0.3329166666666667 0.027604166666666666 0.050833333333333335
46 0.5481770833333334 0.3125 0.0234375 0.04666666666666667
47 0.4359375 0.29833333333333334 0.025 0.045
56 0.39401041666666664 0.5104166666666666 0.0578125 0.1275
6 0.9583333333333334 0.37583333333333335 0.021875 0.05
7 0.821875 0.34791666666666665 0.016666666666666666 0.0425
8 0.66484375 0.30916666666666665 0.016145833333333335 0.03833333333333333
9 0.5036458333333333 0.28458333333333335 0.015625 0.035833333333333335
10 0.33567708333333335 0.27958333333333335 0.011979166666666667 0.034166666666666665
11 0.17213541666666668 0.2783333333333333 0.011979166666666667 0.03833333333333333
12 0.014322916666666666 0.2825 0.0109375 0.035
49 0.20026041666666666 0.29125 0.011979166666666667 0.0375
48 0.32109375 0.29291666666666666 0.013020833333333334 0.034166666666666665
50 0.07916666666666666 0.30291666666666667 0.013541666666666667 0.0425
