63 0.48984375 0.49041666666666667 0.049479166666666664 0.11416666666666667
62 0.3776041666666667 0.34833333333333333 0.027083333333333334 0.07
38 0.8567708333333334 0.4529166666666667 0.0375 0.0775
61 0.3234375 0.2995833333333333 0.017708333333333333 0.0425
39 0.5997395833333333 0.37916666666666665 0.03177083333333333 0.06833333333333333
40 0.42526041666666664 0.3045833333333333 0.018229166666666668 0.04416666666666667
60 0.30833333333333335 0.27541666666666664 0.014583333333333334 0.0375
41 0.3854166666666667 0.27958333333333335 0.015625 0.04083333333333333
42 0.3609375 0.265 0.011458333333333333 0.03333333333333333
43 0.3463541666666667 0.25666666666666665 0.011458333333333333 0.028333333333333332
58 0.2989583333333333 0.26125 0.009375 0.0275
0 0.9505208333333334 0.4320833333333333 0.019791666666666666 0.05416666666666667
44 0.3333333333333333 0.25 0.010416666666666666 0.02666666666666667
57 0.27890625 0.25583333333333336 0.013020833333333334 0.028333333333333332
56 0.23515625 0.2525 0.011979166666666667 0.028333333333333332
20 0.17473958333333334 0.27291666666666664 0.0109375 0.0325
21 0.14270833333333333 0.2966666666666667 0.014583333333333334 0.041666666666666664
22 0.103125 0.34541666666666665 0.021875 0.059166666666666666
1 0.76640625 0.3754166666666667 0.0234375 0.0525
2 0.59375 0.32125 0.016666666666666666 0.03916666666666667
3 0.5138020833333333 0.2891666666666667 0.013020833333333334 0.03
4 0.46458333333333335 0.27291666666666664 0.010416666666666666 0.025833333333333333
5 0.4322916666666667 0.25875 0.009375 0.0275
6 0.42161458333333335 0.25083333333333335 0.0078125 0.02
7 0.39505208333333336 0.2504166666666667 0.0078125 0.024166666666666666
47 0.24817708333333333 0.24083333333333334 0.008854166666666666 0.023333333333333334
45 0.32005208333333335 0.24375 0.009895833333333333 0.025833333333333333
46 0.29010416666666666 0.24458333333333335 0.008333333333333333 0.024166666666666666
19 0.18255208333333334 0.2604166666666667 0.009895833333333333 0.030833333333333334
17 0.0765625 0.25916666666666666 0.007291666666666667 0.021666666666666667
