42 0.8559895833333333 0.5729166666666666 0.06302083333333333 0.1375
43 0.5041666666666667 0.375 0.03125 0.06833333333333333
58 0.53671875 0.6154166666666666 0.0734375 0.16416666666666666
44 0.3924479166666667 0.31666666666666665 0.0203125 0.04833333333333333
57 0.31588541666666664 0.45 0.0546875 0.105
45 0.34427083333333336 0.30125 0.019791666666666666 0.04416666666666667
46 0.2703125 0.28875 0.019791666666666666 0.0425
47 0.17864583333333334 0.2866666666666667 0.01875 0.03833333333333333
56 0.11614583333333334 0.39458333333333334 0.03854166666666667 0.0825
5 0.7466145833333333 0.39166666666666666 0.0234375 0.056666666666666664
6 0.5942708333333333 0.3154166666666667 0.014583333333333334 0.04416666666666667
7 0.5005208333333333 0.30625 0.0125 0.034166666666666665
8 0.3763020833333333 0.2841666666666667 0.013020833333333334 0.03166666666666667
9 0.23828125 0.2725 0.013020833333333334 0.03333333333333333
10 0.09166666666666666 0.27541666666666664 0.010416666666666666 0.030833333333333334
48 0.07630208333333334 0.28875 0.0171875 0.0325
