66 0.84296875 0.7670833333333333 0.0890625 0.21416666666666667
65 0.8372395833333334 0.5220833333333333 0.050520833333333334 0.1175
64 0.7942708333333334 0.36541666666666667 0.027083333333333334 0.059166666666666666
63 0.7908854166666667 0.3275 0.019270833333333334 0.043333333333333335
62 0.8075520833333333 0.31083333333333335 0.016145833333333335 0.03333333333333333
39 0.9135416666666667 0.32875 0.01875 0.03916666666666667
40 0.8739583333333333 0.3025 0.014583333333333334 0.03333333333333333
56 0.7854166666666667 0.2733333333333333 0.0125 0.02666666666666667
24 0.5338541666666666 0.34375 0.025 0.05416666666666667
25 0.2984375 0.4191666666666667 0.03958333333333333 0.085
23 0.6125 0.30833333333333335 0.01875 0.045
22 0.6770833333333334 0.29583333333333334 0.013541666666666667 0.03166666666666667
2 0.98515625 0.32166666666666666 0.011979166666666667 0.03166666666666667
3 0.9651041666666667 0.30583333333333335 0.011458333333333333 0.02666666666666667
4 0.9515625 0.29791666666666666 0.011458333333333333 0.024166666666666666
5 0.9403645833333333 0.29125 0.009895833333333333 0.0225
58 0.8270833333333333 0.2816666666666667 0.009375 0.021666666666666667
60 0.8190104166666666 0.28541666666666665 0.011979166666666667 0.029166666666666667
21 0.7065104166666667 0.28291666666666665 0.011979166666666667 0.030833333333333334
