58 0.8424479166666666 0.8595833333333334 0.10364583333333334 0.24916666666666668
43 0.6348958333333333 0.40291666666666665 0.03958333333333333 0.07583333333333334
44 0.4890625 0.3254166666666667 0.023958333333333335 0.049166666666666664
57 0.43984375 0.5158333333333334 0.058854166666666666 0.13
45 0.4328125 0.305 0.021875 0.045
46 0.3515625 0.2925 0.022916666666666665 0.045
47 0.25234375 0.28458333333333335 0.019270833333333334 0.04083333333333333
56 0.18463541666666666 0.425 0.043229166666666666 0.09666666666666666
5 0.9015625 0.4266666666666667 0.027083333333333334 0.065
6 0.7067708333333333 0.33 0.015625 0.04
7 0.59921875 0.31416666666666665 0.015104166666666667 0.03833333333333333
8 0.46328125 0.2866666666666667 0.0140625 0.03666666666666667
9 0.31614583333333335 0.2704166666666667 0.0125 0.030833333333333334
10 0.16067708333333333 0.27208333333333334 0.011979166666666667 0.030833333333333334
11 0.007291666666666667 0.27666666666666667 0.011458333333333333 0.035
48 0.14713541666666666 0.27958333333333335 0.016145833333333335 0.0375
49 0.033854166666666664 0.28833333333333333 0.013541666666666667 0.04
