44 0.8236979166666667 0.37875 0.03177083333333333 0.060833333333333336
45 0.7440104166666667 0.34541666666666665 0.027604166666666666 0.0525
46 0.6427083333333333 0.32083333333333336 0.026041666666666668 0.04833333333333333
47 0.52578125 0.305 0.025520833333333333 0.04666666666666667
56 0.5114583333333333 0.5541666666666667 0.06666666666666667 0.14
7 0.9270833333333334 0.36375 0.017708333333333333 0.04416666666666667
8 0.7606770833333333 0.3204166666666667 0.016145833333333335 0.0375
9 0.5919270833333333 0.2925 0.016145833333333335 0.035
10 0.4205729166666667 0.2825 0.0140625 0.03666666666666667
11 0.25390625 0.2783333333333333 0.011979166666666667 0.03666666666666667
12 0.09375 0.2808333333333333 0.009375 0.03166666666666667
49 0.2830729166666667 0.29291666666666666 0.011979166666666667 0.034166666666666665
48 0.40651041666666665 0.2975 0.016145833333333335 0.05
50 0.15859375 0.30291666666666667 0.011979166666666667 0.03916666666666667
51 0.04244791666666667 0.31125 0.0171875 0.0475
55 0.020833333333333332 0.44416666666666665 0.03854166666666667 0.09
