44 0.86015625 0.3858333333333333 0.03177083333333333 0.056666666666666664
45 0.7783854166666667 0.34958333333333336 0.0265625 0.050833333333333335
46 0.6739583333333333 0.32416666666666666 0.025 0.04833333333333333
47 0.55625 0.3075 0.026041666666666668 0.04833333333333333
56 0.55234375 0.5708333333333333 0.06927083333333334 0.14833333333333334
7 0.9614583333333333 0.3720833333333333 0.01875 0.04416666666666667
8 0.7921875 0.32375 0.017708333333333333 0.03916666666666667
9 0.6221354166666667 0.2920833333333333 0.016145833333333335 0.03916666666666667
10 0.44817708333333334 0.28458333333333335 0.015104166666666667 0.035833333333333335
11 0.28125 0.27791666666666665 0.010416666666666666 0.034166666666666665
12 0.12057291666666667 0.2783333333333333 0.0109375 0.03666666666666667
49 0.3098958333333333 0.2920833333333333 0.0125 0.0325
48 0.4348958333333333 0.29875 0.013541666666666667 0.04083333333333333
50 0.18723958333333332 0.3016666666666667 0.011979166666666667 0.03833333333333333
51 0.06848958333333334 0.3125 0.015104166666666667 0.045
55 0.04375 0.44708333333333333 0.042708333333333334 0.09083333333333334
