42 0.6911458333333333 0.4875 0.05520833333333333 0.10833333333333334
43 0.446875 0.3570833333333333 0.028125 0.060833333333333336
58 0.425 0.50375 0.052083333333333336 0.12083333333333333
44 0.3572916666666667 0.31125 0.01875 0.04416666666666667
57 0.27421875 0.4075 0.0453125 0.08666666666666667
45 0.3151041666666667 0.2966666666666667 0.019791666666666666 0.041666666666666664
46 0.24557291666666667 0.28541666666666665 0.019270833333333334 0.04083333333333333
47 0.15963541666666667 0.28291666666666665 0.0171875 0.0375
56 0.10859375 0.36875 0.033854166666666664 0.06916666666666667
5 0.6684895833333333 0.37041666666666667 0.021354166666666667 0.050833333333333335
6 0.5453125 0.31125 0.0125 0.0375
7 0.46119791666666665 0.30041666666666667 0.013020833333333334 0.034166666666666665
8 0.346875 0.28208333333333335 0.0125 0.030833333333333334
9 0.21692708333333333 0.2708333333333333 0.009895833333333333 0.03
10 0.07708333333333334 0.27541666666666664 0.011458333333333333 0.030833333333333334
48 0.0640625 0.28833333333333333 0.014583333333333334 0.03166666666666667
