39 0.5802083333333333 0.5870833333333333 0.075 0.1475
30 0.13645833333333332 0.24875 0.009375 0.0275
29 0.24348958333333334 0.2504166666666667 0.008854166666666666 0.024166666666666666
27 0.47291666666666665 0.26625 0.013541666666666667 0.0325
38 0.27109375 0.4266666666666667 0.03802083333333333 0.095
26 0.5768229166666666 0.2875 0.011979166666666667 0.035
25 0.61875 0.29833333333333334 0.016666666666666666 0.041666666666666664
24 0.72421875 0.33916666666666667 0.019270833333333334 0.045
23 0.9635416666666666 0.42125 0.029166666666666667 0.06583333333333333
68 0.30052083333333335 0.26 0.017708333333333333 0.035
69 0.21822916666666667 0.25666666666666665 0.014583333333333334 0.03166666666666667
70 0.13203125 0.25666666666666665 0.0140625 0.03
71 0.04583333333333333 0.26 0.016666666666666666 0.035
76 0.008333333333333333 0.3104166666666667 0.016666666666666666 0.05583333333333333
77 0.07083333333333333 0.34 0.03125 0.06333333333333334
78 0.14114583333333333 0.37416666666666665 0.03958333333333333 0.07833333333333334
67 0.37057291666666664 0.2675 0.015104166666666667 0.03
66 0.42552083333333335 0.2758333333333333 0.016666666666666666 0.03666666666666667
65 0.44140625 0.28208333333333335 0.0171875 0.0375
64 0.5283854166666667 0.31666666666666665 0.025520833333333333 0.04833333333333333
63 0.6997395833333333 0.4 0.034895833333333334 0.07666666666666666
