19 0.971875 0.46208333333333335 0.026041666666666668 0.06583333333333333
21 0.53046875 0.31416666666666665 0.0140625 0.03833333333333333
20 0.671875 0.35791666666666666 0.01875 0.049166666666666664
22 0.44088541666666664 0.29041666666666666 0.0109375 0.030833333333333334
39 0.22083333333333333 0.28041666666666665 0.016666666666666666 0.034166666666666665
40 0.2760416666666667 0.30041666666666667 0.019791666666666666 0.04583333333333333
26 0.3104166666666667 0.25583333333333336 0.007291666666666667 0.023333333333333334
23 0.39375 0.275 0.011458333333333333 0.028333333333333332
25 0.3234375 0.2604166666666667 0.008333333333333333 0.020833333333333332
24 0.34869791666666666 0.2658333333333333 0.009895833333333333 0.02666666666666667
3 0.06015625 0.345 0.024479166666666666 0.056666666666666664
41 0.31953125 0.33916666666666667 0.024479166666666666 0.06
68 0.16171875 0.24875 0.008854166666666666 0.024166666666666666
69 0.11302083333333333 0.24875 0.009375 0.0225
78 0.12083333333333333 0.2704166666666667 0.013541666666666667 0.034166666666666665
70 0.06458333333333334 0.25125 0.009375 0.0225
77 0.08541666666666667 0.26916666666666667 0.0125 0.025
67 0.20078125 0.25125 0.008854166666666666 0.0225
66 0.22916666666666666 0.25333333333333335 0.00625 0.021666666666666667
65 0.23567708333333334 0.255 0.0067708333333333336 0.02
29 0.12473958333333333 0.24541666666666667 0.0078125 0.020833333333333332
64 0.26119791666666664 0.26125 0.009895833333333333 0.0225
63 0.29140625 0.2725 0.013020833333333334 0.03
62 0.31640625 0.2833333333333333 0.0140625 0.03333333333333333
61 0.3723958333333333 0.30541666666666667 0.015625 0.0375
60 0.4591145833333333 0.3433333333333333 0.025520833333333333 0.055
58 0.6794270833333333 0.44208333333333333 0.04010416666666667 0.0925
42 0.4518229166666667 0.4529166666666667 0.04739583333333333 0.1025
38 0.16458333333333333 0.27541666666666664 0.010416666666666666 0.029166666666666667
30 0.05963541666666667 0.24833333333333332 0.005729166666666666 0.016666666666666666
1 0.08515625 0.28833333333333333 0.009895833333333333 0.025
2 0.10416666666666667 0.3045833333333333 0.016666666666666666 0.0375
