39 0.87734375 0.7195833333333334 0.07864583333333333 0.19416666666666665
38 0.4200520833333333 0.46458333333333335 0.043229166666666666 0.10916666666666666
78 0.25104166666666666 0.3875 0.040625 0.08333333333333333
77 0.1640625 0.3441666666666667 0.034375 0.07166666666666667
76 0.0859375 0.31083333333333335 0.026041666666666668 0.055
75 0.015885416666666666 0.2991666666666667 0.022395833333333334 0.04666666666666667
72 0.04921875 0.26375 0.0140625 0.0325
71 0.12526041666666668 0.25708333333333333 0.016145833333333335 0.034166666666666665
70 0.2125 0.2529166666666667 0.0125 0.029166666666666667
69 0.30052083333333335 0.25458333333333333 0.0125 0.0325
68 0.3875 0.26125 0.013541666666666667 0.0325
67 0.46041666666666664 0.2704166666666667 0.013541666666666667 0.030833333333333334
66 0.52109375 0.28208333333333335 0.015104166666666667 0.035833333333333335
65 0.5401041666666667 0.2891666666666667 0.017708333333333333 0.041666666666666664
64 0.64921875 0.3304166666666667 0.024479166666666666 0.0525
63 0.8705729166666667 0.43916666666666665 0.0390625 0.08333333333333333
31 0.06822916666666666 0.2475 0.010416666666666666 0.02666666666666667
29 0.3234375 0.24666666666666667 0.009375 0.02666666666666667
28 0.4591145833333333 0.2579166666666667 0.009895833333333333 0.025833333333333333
27 0.5638020833333334 0.2733333333333333 0.011979166666666667 0.028333333333333332
26 0.675 0.2966666666666667 0.013541666666666667 0.03
25 0.7244791666666667 0.3125 0.015625 0.03833333333333333
24 0.8505208333333333 0.3616666666666667 0.020833333333333332 0.045
