39 0.378125 0.46041666666666664 0.046875 0.10083333333333333
30 0.04973958333333333 0.25333333333333335 0.008854166666666666 0.023333333333333334
29 0.1515625 0.25083333333333335 0.009375 0.02666666666666667
27 0.36822916666666666 0.2608333333333333 0.011458333333333333 0.03
38 0.16927083333333334 0.38125 0.028125 0.0775
26 0.46015625 0.27625 0.013020833333333334 0.0325
25 0.49557291666666664 0.28583333333333333 0.015104166666666667 0.03666666666666667
24 0.58046875 0.31666666666666665 0.019270833333333334 0.043333333333333335
23 0.76484375 0.37583333333333335 0.025520833333333333 0.05333333333333334
68 0.20598958333333334 0.2575 0.015104166666666667 0.03
69 0.12838541666666667 0.25708333333333333 0.013020833333333334 0.030833333333333334
70 0.04635416666666667 0.25875 0.0125 0.0275
77 0.0078125 0.3254166666666667 0.014583333333333334 0.0575
78 0.06510416666666667 0.3516666666666667 0.03229166666666667 0.065
67 0.2708333333333333 0.26375 0.013541666666666667 0.030833333333333334
66 0.32109375 0.26958333333333334 0.0140625 0.035833333333333335
65 0.3341145833333333 0.275 0.015104166666666667 0.035
64 0.4041666666666667 0.2995833333333333 0.020833333333333332 0.0425
63 0.5278645833333333 0.35833333333333334 0.028645833333333332 0.06
62 0.7908854166666667 0.50625 0.05260416666666667 0.10916666666666666
28 0.2747395833333333 0.25375 0.008854166666666666 0.0225
