38 0.7330729166666666 0.6716666666666666 0.0765625 0.18833333333333332
78 0.40546875 0.48 0.06302083333333333 0.12333333333333334
77 0.27447916666666666 0.3883333333333333 0.04375 0.08666666666666667
76 0.17838541666666666 0.33458333333333334 0.03177083333333333 0.06583333333333333
75 0.09869791666666666 0.31416666666666665 0.0265625 0.05333333333333334
74 0.04895833333333333 0.2995833333333333 0.020833333333333332 0.049166666666666664
73 0.08072916666666667 0.28 0.017708333333333333 0.041666666666666664
72 0.1421875 0.27125 0.01875 0.03916666666666667
71 0.22604166666666667 0.265 0.016666666666666666 0.035
70 0.32109375 0.2633333333333333 0.015104166666666667 0.03166666666666667
69 0.41692708333333334 0.27 0.016145833333333335 0.035
68 0.5140625 0.2775 0.016666666666666666 0.035
67 0.59609375 0.2916666666666667 0.016145833333333335 0.04
66 0.6677083333333333 0.3075 0.017708333333333333 0.041666666666666664
65 0.6984375 0.31916666666666665 0.019791666666666666 0.045
64 0.85703125 0.37833333333333335 0.033854166666666664 0.065
31 0.16484375 0.2525 0.0109375 0.03
32 0.028125 0.26 0.0125 0.03
29 0.43984375 0.2604166666666667 0.009895833333333333 0.029166666666666667
28 0.58828125 0.2758333333333333 0.011979166666666667 0.03
27 0.7065104166666667 0.2991666666666667 0.011979166666666667 0.03166666666666667
26 0.8372395833333334 0.32916666666666666 0.016145833333333335 0.03833333333333333
25 0.9041666666666667 0.3545833333333333 0.017708333333333333 0.04083333333333333
