47 0.9734375 0.38375 0.023958333333333335 0.059166666666666666
10 0.8338541666666667 0.33875 0.016666666666666666 0.04416666666666667
11 0.6518229166666667 0.30375 0.0109375 0.0425
12 0.4791666666666667 0.29291666666666666 0.008333333333333333 0.029166666666666667
13 0.2794270833333333 0.27875 0.011979166666666667 0.0475
14 0.09765625 0.29 0.0140625 0.04666666666666667
49 0.6924479166666667 0.33 0.009895833333333333 0.03333333333333333
48 0.8325520833333333 0.35875 0.021354166666666667 0.050833333333333335
50 0.55546875 0.3204166666666667 0.013020833333333334 0.030833333333333334
51 0.42942708333333335 0.315 0.0171875 0.056666666666666664
52 0.31640625 0.3329166666666667 0.0203125 0.05583333333333333
55 0.4322916666666667 0.5320833333333334 0.057291666666666664 0.1275
53 0.2390625 0.35625 0.019791666666666666 0.0625
54 0.22994791666666667 0.4125 0.025520833333333333 0.075
