6 0.34401041666666665 0.3858333333333333 0.0296875 0.08
5 0.6799479166666667 0.34625 0.021354166666666667 0.05416666666666667
4 0.7875 0.31625 0.014583333333333334 0.0375
45 0.8114583333333333 0.69625 0.078125 0.18583333333333332
44 0.82734375 0.4975 0.04739583333333333 0.11
43 0.9231770833333334 0.3754166666666667 0.027604166666666666 0.060833333333333336
42 0.96171875 0.33458333333333334 0.021354166666666667 0.04416666666666667
40 0.98671875 0.305 0.0140625 0.03
41 0.9760416666666667 0.31666666666666665 0.013541666666666667 0.03333333333333333
39 0.9708333333333333 0.29541666666666666 0.0125 0.025833333333333333
38 0.9361979166666666 0.28791666666666665 0.009895833333333333 0.0275
78 0.90859375 0.2816666666666667 0.0109375 0.021666666666666667
77 0.8861979166666667 0.2783333333333333 0.009895833333333333 0.023333333333333334
2 0.8817708333333333 0.29375 0.010416666666666666 0.0275
3 0.84453125 0.2995833333333333 0.011979166666666667 0.034166666666666665
