38 0.46588541666666666 0.49 0.044270833333333336 0.12166666666666667
78 0.27734375 0.40125 0.044270833333333336 0.09083333333333334
77 0.18333333333333332 0.34833333333333333 0.035416666666666666 0.07166666666666667
76 0.10364583333333334 0.3104166666666667 0.028125 0.0575
75 0.03177083333333333 0.2975 0.025 0.05
73 0.01171875 0.26875 0.016145833333333335 0.0375
72 0.06822916666666666 0.2608333333333333 0.014583333333333334 0.03333333333333333
71 0.1453125 0.25416666666666665 0.016666666666666666 0.035
70 0.234375 0.25 0.013541666666666667 0.03
69 0.32421875 0.25375 0.0140625 0.0325
68 0.41328125 0.2604166666666667 0.015104166666666667 0.030833333333333334
67 0.48854166666666665 0.27125 0.013541666666666667 0.030833333333333334
66 0.55 0.2816666666666667 0.017708333333333333 0.03666666666666667
65 0.5716145833333334 0.2920833333333333 0.015104166666666667 0.03916666666666667
64 0.6885416666666667 0.3358333333333333 0.026041666666666668 0.055
63 0.9361979166666666 0.4583333333333333 0.0453125 0.09
31 0.08776041666666666 0.24416666666666667 0.009895833333333333 0.03
29 0.34739583333333335 0.24666666666666667 0.010416666666666666 0.02666666666666667
28 0.484375 0.25708333333333333 0.010416666666666666 0.025833333333333333
27 0.59296875 0.27458333333333335 0.011979166666666667 0.030833333333333334
26 0.7080729166666667 0.2995833333333333 0.015104166666666667 0.034166666666666665
25 0.7596354166666667 0.3154166666666667 0.0171875 0.04083333333333333
24 0.8958333333333334 0.3695833333333333 0.019791666666666666 0.049166666666666664
