5 0.3372395833333333 0.37166666666666665 0.028645833333333332 0.07333333333333333
4 0.43645833333333334 0.3095833333333333 0.01875 0.04083333333333333
19 0.9505208333333334 0.3625 0.015625 0.043333333333333335
21 0.7924479166666667 0.2970833333333333 0.0109375 0.029166666666666667
20 0.8455729166666667 0.31958333333333333 0.013020833333333334 0.0375
22 0.74921875 0.28125 0.0109375 0.025833333333333333
44 0.815625 0.7370833333333333 0.08541666666666667 0.20416666666666666
39 0.5888020833333333 0.26458333333333334 0.015104166666666667 0.025833333333333333
40 0.61875 0.27458333333333335 0.01875 0.029166666666666667
26 0.6760416666666667 0.25625 0.009375 0.015833333333333335
23 0.725 0.27208333333333334 0.011458333333333333 0.025833333333333333
25 0.68203125 0.26125 0.0078125 0.0175
69 0.5161458333333333 0.24083333333333334 0.010416666666666666 0.021666666666666667
29 0.5252604166666667 0.23833333333333334 0.008854166666666666 0.023333333333333334
64 0.6286458333333333 0.25625 0.0125 0.0225
63 0.6450520833333333 0.26375 0.013020833333333334 0.024166666666666666
62 0.6572916666666667 0.2725 0.015625 0.02666666666666667
24 0.6979166666666666 0.26625 0.009375 0.0225
61 0.6809895833333334 0.28375 0.016145833333333335 0.034166666666666665
60 0.7075520833333333 0.30083333333333334 0.019270833333333334 0.03666666666666667
58 0.7528645833333333 0.33 0.0234375 0.055
41 0.6231770833333333 0.28958333333333336 0.019270833333333334 0.0375
42 0.6388020833333333 0.32 0.024479166666666666 0.05
57 0.8294270833333334 0.3625 0.028645833333333332 0.058333333333333334
43 0.665625 0.3925 0.036458333333333336 0.07666666666666666
78 0.51875 0.25625 0.0125 0.0275
77 0.49166666666666664 0.2525 0.011458333333333333 0.025
2 0.50546875 0.26916666666666667 0.0140625 0.03166666666666667
3 0.47890625 0.28375 0.015104166666666667 0.034166666666666665
