43 0.56015625 0.3858333333333333 0.0328125 0.07166666666666667
58 0.6520833333333333 0.70625 0.0875 0.20583333333333334
44 0.43255208333333334 0.31958333333333333 0.022395833333333334 0.04416666666666667
57 0.3645833333333333 0.4766666666666667 0.052083333333333336 0.11333333333333333
45 0.3809895833333333 0.30125 0.021354166666666667 0.04583333333333333
46 0.30390625 0.28833333333333333 0.021354166666666667 0.043333333333333335
47 0.20833333333333334 0.2833333333333333 0.01875 0.041666666666666664
56 0.14453125 0.40791666666666665 0.04010416666666667 0.08583333333333333
5 0.8138020833333334 0.4058333333333333 0.025520833333333333 0.06
6 0.6416666666666667 0.32208333333333333 0.013541666666666667 0.0425
7 0.54296875 0.30875 0.015104166666666667 0.0325
8 0.4127604166666667 0.285 0.0140625 0.03333333333333333
9 0.27109375 0.27125 0.011979166666666667 0.0325
10 0.12005208333333334 0.27291666666666664 0.011979166666666667 0.0325
48 0.1046875 0.28625 0.017708333333333333 0.03916666666666667
