42 0.6059895833333333 0.43833333333333335 0.04010416666666667 0.09
43 0.42578125 0.34125 0.024479166666666666 0.05583333333333333
58 0.3809895833333333 0.4425 0.0453125 0.10166666666666667
44 0.3489583333333333 0.30333333333333334 0.019791666666666666 0.041666666666666664
57 0.2677083333333333 0.37666666666666665 0.0375 0.075
45 0.31145833333333334 0.29 0.017708333333333333 0.03833333333333333
46 0.24895833333333334 0.2825 0.016666666666666666 0.03833333333333333
47 0.16796875 0.27875 0.0171875 0.0375
56 0.12552083333333333 0.3491666666666667 0.03125 0.06333333333333334
4 0.903125 0.4529166666666667 0.029166666666666667 0.06916666666666667
5 0.628125 0.35583333333333333 0.01875 0.045
6 0.5252604166666667 0.30541666666666667 0.011979166666666667 0.0375
7 0.45026041666666666 0.29625 0.011979166666666667 0.0325
8 0.34348958333333335 0.2783333333333333 0.011979166666666667 0.028333333333333332
9 0.22057291666666667 0.26916666666666667 0.009895833333333333 0.028333333333333332
10 0.0890625 0.27166666666666667 0.011458333333333333 0.028333333333333332
48 0.078125 0.2825 0.0125 0.03166666666666667
