61 0.3958333333333333 0.44458333333333333 0.04479166666666667 0.10083333333333333
60 0.2955729166666667 0.33666666666666667 0.024479166666666666 0.06166666666666667
40 0.6333333333333333 0.44416666666666665 0.04791666666666667 0.09666666666666666
41 0.43463541666666666 0.3375 0.0265625 0.055
42 0.3536458333333333 0.2991666666666667 0.01875 0.041666666666666664
43 0.3145833333333333 0.27958333333333335 0.014583333333333334 0.034166666666666665
58 0.25885416666666666 0.2970833333333333 0.01875 0.04416666666666667
44 0.28828125 0.26875 0.013020833333333334 0.034166666666666665
57 0.22369791666666666 0.285 0.018229166666666668 0.04
45 0.26666666666666666 0.2625 0.011458333333333333 0.03333333333333333
46 0.22708333333333333 0.25833333333333336 0.013541666666666667 0.03166666666666667
56 0.15520833333333334 0.2808333333333333 0.014583333333333334 0.03333333333333333
20 0.045572916666666664 0.3425 0.019270833333333334 0.051666666666666666
2 0.9393229166666667 0.46041666666666664 0.030729166666666665 0.07083333333333333
3 0.6411458333333333 0.34833333333333333 0.019791666666666666 0.04833333333333333
4 0.509375 0.30916666666666665 0.014583333333333334 0.03666666666666667
5 0.43359375 0.2875 0.011979166666666667 0.03
6 0.403125 0.2679166666666667 0.009375 0.029166666666666667
7 0.36380208333333336 0.26708333333333334 0.008854166666666666 0.024166666666666666
8 0.2950520833333333 0.25708333333333333 0.008854166666666666 0.025833333333333333
9 0.21015625 0.25125 0.008854166666666666 0.0225
47 0.17265625 0.25583333333333336 0.015104166666666667 0.03166666666666667
10 0.115625 0.25458333333333333 0.007291666666666667 0.020833333333333332
19 0.071875 0.3045833333333333 0.013541666666666667 0.0375
18 0.034375 0.30291666666666667 0.014583333333333334 0.0325
11 0.021614583333333333 0.2575 0.0078125 0.025
48 0.11015625 0.2575 0.0109375 0.02666666666666667
55 0.021354166666666667 0.28583333333333333 0.009375 0.028333333333333332
