61 0.41432291666666665 0.4766666666666667 0.05364583333333333 0.11333333333333333
60 0.2950520833333333 0.3458333333333333 0.027604166666666666 0.06166666666666667
40 0.6755208333333333 0.4741666666666667 0.046875 0.105
41 0.44296875 0.34958333333333336 0.0265625 0.059166666666666666
42 0.35494791666666664 0.30833333333333335 0.018229166666666668 0.045
43 0.3125 0.28583333333333333 0.015625 0.03666666666666667
58 0.25494791666666666 0.3045833333333333 0.0171875 0.04416666666666667
44 0.28515625 0.27291666666666664 0.013020833333333334 0.0325
57 0.21848958333333332 0.2945833333333333 0.0171875 0.04083333333333333
45 0.26328125 0.2679166666666667 0.0140625 0.030833333333333334
46 0.22213541666666667 0.2629166666666667 0.0140625 0.029166666666666667
56 0.14791666666666667 0.28625 0.016666666666666666 0.035833333333333335
20 0.030729166666666665 0.35375 0.022916666666666665 0.0575
3 0.659375 0.3616666666666667 0.019791666666666666 0.04833333333333333
4 0.5169270833333334 0.31708333333333333 0.0140625 0.0375
5 0.4359375 0.29291666666666666 0.0125 0.030833333333333334
6 0.40234375 0.2725 0.009895833333333333 0.02666666666666667
7 0.3619791666666667 0.27208333333333334 0.010416666666666666 0.025833333333333333
8 0.29140625 0.26166666666666666 0.008854166666666666 0.025
9 0.20416666666666666 0.25625 0.008333333333333333 0.024166666666666666
47 0.16536458333333334 0.2625 0.011979166666666667 0.03
10 0.10807291666666667 0.25875 0.0078125 0.0225
19 0.061197916666666664 0.3120833333333333 0.016145833333333335 0.03916666666666667
18 0.022916666666666665 0.30833333333333335 0.013541666666666667 0.03833333333333333
49 0.038802083333333334 0.2658333333333333 0.0078125 0.02666666666666667
11 0.011979166666666667 0.26208333333333333 0.008333333333333333 0.024166666666666666
48 0.10338541666666666 0.2629166666666667 0.008854166666666666 0.029166666666666667
55 0.011197916666666667 0.28833333333333333 0.009895833333333333 0.028333333333333332
