11 0.97578125 0.3904166666666667 0.013020833333333334 0.04416666666666667
12 0.7760416666666666 0.36375 0.011458333333333333 0.04083333333333333
13 0.55 0.3595833333333333 0.016666666666666666 0.0475
14 0.3359375 0.3695833333333333 0.020833333333333332 0.05583333333333333
15 0.059895833333333336 0.42083333333333334 0.03333333333333333 0.08166666666666667
50 0.8958333333333334 0.41541666666666666 0.015625 0.050833333333333335
51 0.753125 0.4125 0.019791666666666666 0.06
52 0.6291666666666667 0.43333333333333335 0.025 0.07
53 0.54921875 0.48333333333333334 0.0265625 0.085
54 0.59140625 0.62375 0.05260416666666667 0.14916666666666667
