39 0.26015625 0.35541666666666666 0.028645833333333332 0.06416666666666666
29 0.10833333333333334 0.245 0.007291666666666667 0.021666666666666667
27 0.2989583333333333 0.25083333333333335 0.010416666666666666 0.028333333333333332
40 0.5815104166666667 0.62125 0.08697916666666666 0.17083333333333334
38 0.13697916666666668 0.325 0.01875 0.05
26 0.37604166666666666 0.26 0.011458333333333333 0.03
25 0.40182291666666664 0.2654166666666667 0.0109375 0.035833333333333335
24 0.4588541666666667 0.28458333333333335 0.014583333333333334 0.034166666666666665
23 0.5763020833333333 0.3204166666666667 0.018229166666666668 0.04083333333333333
22 0.7627604166666667 0.38333333333333336 0.0265625 0.06166666666666667
68 0.1578125 0.2504166666666667 0.011458333333333333 0.0325
69 0.08932291666666667 0.25166666666666665 0.011979166666666667 0.02666666666666667
70 0.01796875 0.25708333333333333 0.009895833333333333 0.0225
78 0.0578125 0.31333333333333335 0.023958333333333335 0.051666666666666666
67 0.21354166666666666 0.255 0.0125 0.03
66 0.25546875 0.25916666666666666 0.013020833333333334 0.03
65 0.26458333333333334 0.26166666666666666 0.0125 0.03166666666666667
64 0.315625 0.27625 0.015625 0.0375
63 0.39010416666666664 0.31083333333333335 0.022916666666666665 0.04833333333333333
62 0.49895833333333334 0.37083333333333335 0.029166666666666667 0.06
61 0.9234375 0.5866666666666667 0.06666666666666667 0.13166666666666665
28 0.21796875 0.24583333333333332 0.008854166666666666 0.023333333333333334
