64 0.5927083333333333 0.52375 0.053125 0.13083333333333333
63 0.40625 0.3641666666666667 0.027083333333333334 0.06833333333333333
62 0.3768229166666667 0.3120833333333333 0.018229166666666668 0.04416666666666667
38 0.678125 0.3645833333333333 0.027083333333333334 0.05416666666666667
61 0.35182291666666665 0.28708333333333336 0.015104166666666667 0.034166666666666665
78 0.8421875 0.40458333333333335 0.029166666666666667 0.0625
39 0.52890625 0.32916666666666666 0.022395833333333334 0.05
60 0.3463541666666667 0.2733333333333333 0.010416666666666666 0.028333333333333332
40 0.43125 0.29041666666666666 0.014583333333333334 0.03916666666666667
41 0.409375 0.27375 0.013541666666666667 0.034166666666666665
42 0.39348958333333334 0.2633333333333333 0.0109375 0.03
0 0.7966145833333333 0.3670833333333333 0.015104166666666667 0.04083333333333333
43 0.3854166666666667 0.25708333333333333 0.009375 0.025833333333333333
56 0.28828125 0.25375 0.0109375 0.025833333333333333
57 0.3260416666666667 0.2575 0.011458333333333333 0.025
20 0.23671875 0.26875 0.008854166666666666 0.0275
23 0.10651041666666666 0.3620833333333333 0.028645833333333332 0.0625
21 0.21354166666666666 0.2833333333333333 0.010416666666666666 0.03666666666666667
22 0.18828125 0.30791666666666667 0.016145833333333335 0.04416666666666667
1 0.6747395833333333 0.33375 0.015104166666666667 0.04083333333333333
2 0.56640625 0.3016666666666667 0.013020833333333334 0.03166666666666667
3 0.5166666666666667 0.28125 0.011458333333333333 0.0275
4 0.48385416666666664 0.2679166666666667 0.009375 0.024166666666666666
5 0.46041666666666664 0.2604166666666667 0.008333333333333333 0.0225
44 0.3768229166666667 0.25083333333333335 0.009895833333333333 0.025
47 0.30130208333333336 0.245 0.009895833333333333 0.021666666666666667
19 0.24375 0.25958333333333333 0.008333333333333333 0.029166666666666667
7 0.43333333333333335 0.25666666666666665 0.008333333333333333 0.021666666666666667
