62 0.5747395833333333 0.535 0.0546875 0.13166666666666665
40 0.52109375 0.3570833333333333 0.0328125 0.0675
61 0.35989583333333336 0.3541666666666667 0.028125 0.06666666666666667
60 0.31328125 0.3025 0.021354166666666667 0.05
41 0.42083333333333334 0.30375 0.020833333333333332 0.049166666666666664
42 0.37005208333333334 0.27875 0.016145833333333335 0.03916666666666667
43 0.34348958333333335 0.26625 0.011979166666666667 0.0325
58 0.290625 0.2783333333333333 0.015625 0.043333333333333335
44 0.3223958333333333 0.25625 0.010416666666666666 0.029166666666666667
57 0.26197916666666665 0.27375 0.015625 0.0325
45 0.30494791666666665 0.2525 0.011979166666666667 0.028333333333333332
56 0.20598958333333334 0.2675 0.015104166666666667 0.03166666666666667
20 0.12447916666666667 0.30833333333333335 0.014583333333333334 0.045
21 0.06458333333333334 0.3620833333333333 0.023958333333333335 0.06416666666666666
2 0.7651041666666667 0.3729166666666667 0.022916666666666665 0.0525
3 0.5908854166666667 0.3120833333333333 0.0171875 0.035833333333333335
4 0.5020833333333333 0.28583333333333333 0.011458333333333333 0.03
5 0.44765625 0.27 0.009895833333333333 0.02666666666666667
6 0.42526041666666664 0.25458333333333333 0.0078125 0.024166666666666666
8 0.33125 0.24666666666666667 0.008333333333333333 0.025
9 0.25416666666666665 0.24458333333333335 0.008333333333333333 0.020833333333333332
7 0.3924479166666667 0.25458333333333333 0.008854166666666666 0.025833333333333333
10 0.16953125 0.24875 0.0078125 0.0275
47 0.2203125 0.25 0.010416666666666666 0.02666666666666667
46 0.26927083333333335 0.25 0.010416666666666666 0.02666666666666667
19 0.13880208333333333 0.28375 0.0140625 0.0375
18 0.10598958333333333 0.285 0.009895833333333333 0.03
17 0.005729166666666666 0.2833333333333333 0.009375 0.03
48 0.16458333333333333 0.25333333333333335 0.008333333333333333 0.023333333333333334
55 0.09244791666666667 0.27375 0.0067708333333333336 0.0225
