42 0.7541666666666667 0.5216666666666666 0.05416666666666667 0.11833333333333333
43 0.46796875 0.36291666666666667 0.028645833333333332 0.0625
58 0.4635416666666667 0.545 0.058333333333333334 0.13333333333333333
44 0.36770833333333336 0.3125 0.01875 0.045
57 0.2869791666666667 0.4245833333333333 0.04583333333333333 0.0925
45 0.32265625 0.29833333333333334 0.019270833333333334 0.041666666666666664
46 0.2515625 0.28708333333333336 0.017708333333333333 0.04083333333333333
47 0.16354166666666667 0.2833333333333333 0.016666666666666666 0.03833333333333333
56 0.10859375 0.3804166666666667 0.0359375 0.07416666666666667
5 0.69765625 0.37958333333333333 0.021354166666666667 0.050833333333333335
6 0.5619791666666667 0.31125 0.0125 0.04083333333333333
7 0.4739583333333333 0.3016666666666667 0.0125 0.03166666666666667
8 0.35494791666666664 0.28208333333333335 0.0109375 0.030833333333333334
9 0.221875 0.27166666666666667 0.010416666666666666 0.03166666666666667
10 0.07864583333333333 0.2758333333333333 0.011458333333333333 0.03
48 0.0640625 0.28708333333333336 0.015625 0.04083333333333333
