40 0.5994791666666667 0.4166666666666667 0.04375 0.08333333333333333
61 0.38567708333333334 0.40958333333333335 0.04010416666666667 0.08916666666666667
60 0.3028645833333333 0.32083333333333336 0.0234375 0.056666666666666664
41 0.43203125 0.32375 0.0234375 0.05416666666666667
42 0.3619791666666667 0.28791666666666665 0.017708333333333333 0.0425
43 0.3255208333333333 0.27166666666666667 0.014583333333333334 0.03166666666666667
58 0.2703125 0.28708333333333336 0.017708333333333333 0.04416666666666667
44 0.30052083333333335 0.26208333333333333 0.011458333333333333 0.0275
57 0.23723958333333334 0.27708333333333335 0.0171875 0.03916666666666667
45 0.28020833333333334 0.25416666666666665 0.013541666666666667 0.03166666666666667
46 0.24192708333333332 0.25 0.011979166666666667 0.03
56 0.17109375 0.27125 0.0140625 0.0325
20 0.07057291666666667 0.32375 0.019270833333333334 0.050833333333333335
2 0.8903645833333333 0.435 0.027604166666666666 0.06666666666666667
3 0.6302083333333334 0.3358333333333333 0.017708333333333333 0.04833333333333333
4 0.5104166666666666 0.30125 0.013541666666666667 0.0325
5 0.4395833333333333 0.2791666666666667 0.011458333333333333 0.03
6 0.41171875 0.2604166666666667 0.008854166666666666 0.029166666666666667
8 0.30807291666666664 0.24916666666666668 0.0078125 0.023333333333333334
9 0.22473958333333333 0.24416666666666667 0.0078125 0.023333333333333334
47 0.18828125 0.24666666666666667 0.0140625 0.035
7 0.37447916666666664 0.25833333333333336 0.009375 0.02666666666666667
10 0.13229166666666667 0.24541666666666667 0.009375 0.0225
19 0.09322916666666667 0.29083333333333333 0.013541666666666667 0.03833333333333333
18 0.05755208333333333 0.28833333333333333 0.011979166666666667 0.035
11 0.04088541666666667 0.24875 0.0078125 0.020833333333333332
48 0.12786458333333334 0.25 0.0078125 0.02666666666666667
55 0.04375 0.2725 0.008333333333333333 0.02666666666666667
