66 0.8229166666666666 0.7183333333333334 0.084375 0.2
65 0.8455729166666667 0.50875 0.04739583333333333 0.11416666666666667
64 0.8213541666666667 0.3641666666666667 0.026041666666666668 0.06166666666666667
63 0.8223958333333333 0.3275 0.020833333333333332 0.04666666666666667
62 0.8421875 0.3154166666666667 0.016666666666666666 0.035833333333333335
39 0.9447916666666667 0.32916666666666666 0.01875 0.041666666666666664
56 0.8234375 0.2758333333333333 0.011458333333333333 0.023333333333333334
24 0.56640625 0.3408333333333333 0.024479166666666666 0.055
25 0.33645833333333336 0.4083333333333333 0.0375 0.07833333333333334
23 0.64609375 0.30916666666666665 0.0171875 0.03833333333333333
22 0.7130208333333333 0.29583333333333334 0.013541666666666667 0.03333333333333333
40 0.90859375 0.30291666666666667 0.0140625 0.03916666666666667
4 0.9890625 0.3025 0.011458333333333333 0.025
5 0.9799479166666667 0.29375 0.0109375 0.024166666666666666
58 0.8640625 0.28583333333333333 0.011458333333333333 0.023333333333333334
60 0.85546875 0.28791666666666665 0.013020833333333334 0.034166666666666665
61 0.846875 0.29833333333333334 0.013541666666666667 0.03333333333333333
21 0.7416666666666667 0.2841666666666667 0.011458333333333333 0.03166666666666667
