47 0.8817708333333333 0.35 0.028125 0.051666666666666666
9 0.9434895833333333 0.34 0.0203125 0.041666666666666664
10 0.753125 0.3075 0.014583333333333334 0.04
11 0.5739583333333333 0.28625 0.011458333333333333 0.035833333333333335
12 0.40677083333333336 0.26958333333333334 0.009375 0.035833333333333335
13 0.21145833333333333 0.27 0.011458333333333333 0.035
14 0.03463541666666667 0.28125 0.0171875 0.0475
49 0.6122395833333333 0.30875 0.0109375 0.0325
48 0.74609375 0.32458333333333333 0.022395833333333334 0.049166666666666664
50 0.47994791666666664 0.3 0.013020833333333334 0.04
51 0.3575520833333333 0.2995833333333333 0.0171875 0.050833333333333335
52 0.24791666666666667 0.3154166666666667 0.016666666666666666 0.04583333333333333
55 0.34036458333333336 0.48125 0.05364583333333333 0.11083333333333334
53 0.16979166666666667 0.33958333333333335 0.022916666666666665 0.07083333333333333
54 0.16276041666666666 0.3825 0.028645833333333332 0.07833333333333334
