42 0.90859375 0.59875 0.0640625 0.1375
43 0.5260416666666666 0.37833333333333335 0.03333333333333333 0.07
58 0.5796875 0.6491666666666667 0.07916666666666666 0.17333333333333334
44 0.4078125 0.31833333333333336 0.020833333333333332 0.04666666666666667
57 0.3333333333333333 0.4608333333333333 0.05625 0.11
45 0.35859375 0.30083333333333334 0.0203125 0.04666666666666667
46 0.2825520833333333 0.28833333333333333 0.0203125 0.043333333333333335
47 0.18932291666666667 0.2825 0.019270833333333334 0.03833333333333333
56 0.12552083333333333 0.3983333333333333 0.040625 0.085
5 0.7723958333333333 0.3958333333333333 0.025 0.056666666666666664
6 0.6127604166666667 0.3179166666666667 0.016145833333333335 0.04083333333333333
7 0.5161458333333333 0.30541666666666667 0.014583333333333334 0.035833333333333335
8 0.38984375 0.2841666666666667 0.0140625 0.03166666666666667
9 0.25104166666666666 0.27125 0.0125 0.030833333333333334
10 0.1015625 0.2725 0.0125 0.03333333333333333
48 0.08645833333333333 0.28625 0.016666666666666666 0.04583333333333333
