62 0.8778645833333333 0.8454166666666667 0.1015625 0.24416666666666667
40 0.5846354166666666 0.40166666666666667 0.04010416666666667 0.08333333333333333
61 0.3828125 0.39625 0.0375 0.08416666666666667
60 0.3065104166666667 0.31375 0.0234375 0.05583333333333333
41 0.43203125 0.31666666666666665 0.0234375 0.051666666666666666
42 0.3651041666666667 0.28458333333333335 0.017708333333333333 0.04083333333333333
43 0.3307291666666667 0.26625 0.014583333333333334 0.034166666666666665
58 0.2755208333333333 0.28375 0.01875 0.04083333333333333
44 0.3065104166666667 0.25666666666666665 0.013020833333333334 0.03
57 0.24348958333333334 0.27375 0.0171875 0.0375
45 0.28619791666666666 0.25166666666666665 0.013020833333333334 0.03
46 0.24739583333333334 0.24875 0.0125 0.030833333333333334
56 0.18020833333333333 0.2675 0.016666666666666666 0.035
20 0.08359375 0.31666666666666665 0.019270833333333334 0.04833333333333333
2 0.8671875 0.4225 0.026041666666666668 0.06333333333333334
3 0.6236979166666666 0.32916666666666666 0.018229166666666668 0.041666666666666664
4 0.5109375 0.2945833333333333 0.013541666666666667 0.034166666666666665
5 0.44296875 0.27458333333333335 0.011979166666666667 0.029166666666666667
6 0.4158854166666667 0.25625 0.008854166666666666 0.0275
8 0.3138020833333333 0.24541666666666667 0.0078125 0.024166666666666666
9 0.23203125 0.24041666666666667 0.008854166666666666 0.025833333333333333
7 0.37942708333333336 0.2554166666666667 0.008854166666666666 0.025833333333333333
10 0.140625 0.24291666666666667 0.008333333333333333 0.024166666666666666
47 0.19505208333333332 0.24541666666666667 0.011979166666666667 0.029166666666666667
19 0.10338541666666666 0.28625 0.013020833333333334 0.0375
18 0.06796875 0.28458333333333335 0.009895833333333333 0.0325
11 0.05026041666666667 0.245 0.0067708333333333336 0.023333333333333334
48 0.1359375 0.24791666666666667 0.008333333333333333 0.025833333333333333
55 0.054947916666666666 0.26916666666666667 0.0078125 0.025
