78 0.9466145833333334 0.8708333333333333 0.1046875 0.24666666666666667
77 0.5578125 0.5379166666666667 0.07083333333333333 0.1425
76 0.37421875 0.4075 0.044270833333333336 0.08833333333333333
75 0.26119791666666664 0.36083333333333334 0.033854166666666664 0.06833333333333333
74 0.1984375 0.33375 0.026041666666666668 0.05583333333333333
73 0.23802083333333332 0.30833333333333335 0.01875 0.045
72 0.31015625 0.3 0.021354166666666667 0.041666666666666664
71 0.40390625 0.295 0.0203125 0.041666666666666664
70 0.5130208333333334 0.2975 0.015625 0.035
69 0.6239583333333333 0.30791666666666667 0.015625 0.0375
68 0.7346354166666667 0.325 0.019270833333333334 0.04
67 0.8390625 0.345 0.020833333333333332 0.041666666666666664
66 0.9309895833333334 0.36916666666666664 0.024479166666666666 0.04833333333333333
65 0.9859375 0.39125 0.020833333333333332 0.0525
31 0.33307291666666666 0.27791666666666665 0.013020833333333334 0.029166666666666667
32 0.18177083333333333 0.2825 0.0125 0.035
33 0.054427083333333334 0.29375 0.0171875 0.0425
30 0.5078125 0.28583333333333333 0.011458333333333333 0.028333333333333332
28 0.8091145833333333 0.3233333333333333 0.011979166666666667 0.03166666666666667
27 0.9520833333333333 0.35333333333333333 0.015625 0.03833333333333333
29 0.6408854166666667 0.2975 0.013020833333333334 0.03
