4 0.15625 0.33625 0.026041666666666668 0.05583333333333333
19 0.7963541666666667 0.36875 0.01875 0.04583333333333333
18 0.93203125 0.40958333333333335 0.021354166666666667 0.05416666666666667
21 0.5611979166666666 0.28875 0.009895833333333333 0.025833333333333333
20 0.6419270833333334 0.31333333333333335 0.015104166666666667 0.04
22 0.50390625 0.27125 0.009895833333333333 0.0275
39 0.3229166666666667 0.26 0.0125 0.03166666666666667
40 0.3625 0.2733333333333333 0.013541666666666667 0.03333333333333333
26 0.40859375 0.24291666666666667 0.0078125 0.020833333333333332
23 0.4708333333333333 0.2604166666666667 0.009375 0.024166666666666666
25 0.41848958333333336 0.24583333333333332 0.0078125 0.023333333333333334
24 0.43723958333333335 0.2520833333333333 0.0078125 0.020833333333333332
67 0.3111979166666667 0.23833333333333334 0.008854166666666666 0.021666666666666667
69 0.23489583333333333 0.235 0.008333333333333333 0.018333333333333333
29 0.24453125 0.23166666666666666 0.008854166666666666 0.02
64 0.36171875 0.24583333333333332 0.009895833333333333 0.021666666666666667
63 0.38515625 0.25416666666666665 0.0109375 0.028333333333333332
62 0.40130208333333334 0.26416666666666666 0.0109375 0.03
61 0.4375 0.27875 0.014583333333333334 0.030833333333333334
60 0.4817708333333333 0.2995833333333333 0.01875 0.04083333333333333
58 0.5700520833333333 0.3408333333333333 0.025520833333333333 0.06166666666666667
41 0.38229166666666664 0.2925 0.01875 0.045
42 0.4278645833333333 0.33708333333333335 0.027604166666666666 0.0625
68 0.27682291666666664 0.23625 0.0078125 0.019166666666666665
38 0.27786458333333336 0.25416666666666665 0.0067708333333333336 0.02
57 0.6979166666666666 0.3883333333333333 0.036458333333333336 0.07166666666666667
43 0.5513020833333333 0.48541666666666666 0.0546875 0.11583333333333333
56 0.9466145833333334 0.45375 0.0328125 0.07416666666666667
78 0.24270833333333333 0.25125 0.0125 0.025833333333333333
77 0.2125 0.24875 0.011458333333333333 0.0275
2 0.23307291666666666 0.27125 0.011979166666666667 0.030833333333333334
3 0.20572916666666666 0.29041666666666666 0.015625 0.04416666666666667
