39 0.24427083333333333 0.345 0.030208333333333334 0.06333333333333334
29 0.10078125 0.24541666666666667 0.008854166666666666 0.024166666666666666
27 0.28671875 0.2504166666666667 0.009895833333333333 0.025833333333333333
40 0.4947916666666667 0.5404166666666667 0.071875 0.14083333333333334
38 0.12916666666666668 0.3175 0.020833333333333332 0.05
26 0.3609375 0.26 0.011458333333333333 0.025
25 0.3846354166666667 0.265 0.011979166666666667 0.03333333333333333
24 0.43776041666666665 0.28458333333333335 0.013020833333333334 0.0325
23 0.54453125 0.31333333333333335 0.018229166666666668 0.03666666666666667
22 0.709375 0.37 0.027083333333333334 0.058333333333333334
68 0.14791666666666667 0.24958333333333332 0.011458333333333333 0.030833333333333334
69 0.08020833333333334 0.25083333333333335 0.0125 0.02666666666666667
70 0.01171875 0.255 0.011979166666666667 0.025
78 0.054947916666666666 0.30833333333333335 0.022395833333333334 0.051666666666666666
67 0.20234375 0.25375 0.011979166666666667 0.0275
66 0.24348958333333334 0.25625 0.011979166666666667 0.0275
65 0.2518229166666667 0.2604166666666667 0.011979166666666667 0.030833333333333334
64 0.2994791666666667 0.27375 0.016666666666666666 0.034166666666666665
63 0.3684895833333333 0.30583333333333335 0.0203125 0.04833333333333333
62 0.46197916666666666 0.3570833333333333 0.027083333333333334 0.059166666666666666
61 0.7984375 0.5225 0.05625 0.11333333333333333
28 0.20677083333333332 0.24625 0.008333333333333333 0.0225
