38 0.50703125 0.52375 0.0609375 0.1375
78 0.3145833333333333 0.4125 0.046875 0.09833333333333333
77 0.22369791666666666 0.35125 0.0359375 0.0725
76 0.14635416666666667 0.31125 0.028125 0.05583333333333333
75 0.07734375 0.29541666666666666 0.024479166666666666 0.0475
74 0.03203125 0.28208333333333335 0.019270833333333334 0.04416666666666667
73 0.0609375 0.26625 0.017708333333333333 0.0375
72 0.1203125 0.25875 0.016666666666666666 0.034166666666666665
71 0.19895833333333332 0.25166666666666665 0.017708333333333333 0.03333333333333333
70 0.28984375 0.25083333333333335 0.0140625 0.03166666666666667
69 0.3807291666666667 0.25375 0.015625 0.034166666666666665
68 0.4705729166666667 0.26208333333333333 0.016145833333333335 0.034166666666666665
67 0.5479166666666667 0.27708333333333335 0.016666666666666666 0.035833333333333335
66 0.6109375 0.28875 0.01875 0.0375
65 0.6333333333333333 0.29833333333333334 0.017708333333333333 0.041666666666666664
64 0.7541666666666667 0.3458333333333333 0.030208333333333334 0.058333333333333334
26 0.7739583333333333 0.31166666666666665 0.016666666666666666 0.03833333333333333
25 0.8283854166666667 0.3304166666666667 0.018229166666666668 0.04416666666666667
24 0.971875 0.38916666666666666 0.022916666666666665 0.05
27 0.65546875 0.2808333333333333 0.0140625 0.03333333333333333
28 0.5450520833333333 0.26166666666666666 0.011979166666666667 0.03166666666666667
29 0.40572916666666664 0.24708333333333332 0.011458333333333333 0.0275
30 0.29296875 0.24083333333333334 0.009895833333333333 0.03
31 0.14270833333333333 0.24166666666666667 0.011458333333333333 0.028333333333333332
32 0.014322916666666666 0.24916666666666668 0.011979166666666667 0.028333333333333332
