20 0.6869791666666667 0.36291666666666667 0.022916666666666665 0.05416666666666667
21 0.5356770833333333 0.31708333333333333 0.011979166666666667 0.0375
22 0.4401041666666667 0.29291666666666666 0.0125 0.030833333333333334
39 0.2140625 0.2825 0.015625 0.035
29 0.11692708333333333 0.24958333333333332 0.0067708333333333336 0.019166666666666665
40 0.27239583333333334 0.30666666666666664 0.016666666666666666 0.043333333333333335
26 0.30625 0.25375 0.008333333333333333 0.0225
23 0.3919270833333333 0.2775 0.0109375 0.025
25 0.3182291666666667 0.25916666666666666 0.009375 0.023333333333333334
24 0.34401041666666665 0.26708333333333334 0.0067708333333333336 0.024166666666666666
3 0.04453125 0.35375 0.027604166666666666 0.059166666666666666
41 0.32057291666666665 0.34625 0.0265625 0.060833333333333336
68 0.15364583333333334 0.24833333333333332 0.009375 0.021666666666666667
69 0.10546875 0.25166666666666665 0.008854166666666666 0.023333333333333334
78 0.11223958333333334 0.275 0.011979166666666667 0.028333333333333332
70 0.0546875 0.2529166666666667 0.007291666666666667 0.0225
77 0.07552083333333333 0.2708333333333333 0.0125 0.03
67 0.19322916666666667 0.25083333333333335 0.009375 0.025
66 0.22265625 0.25416666666666665 0.0078125 0.025
65 0.22838541666666667 0.25625 0.0078125 0.020833333333333332
64 0.25442708333333336 0.2608333333333333 0.009895833333333333 0.023333333333333334
63 0.2877604166666667 0.2733333333333333 0.013020833333333334 0.028333333333333332
62 0.31354166666666666 0.2841666666666667 0.014583333333333334 0.035
61 0.3731770833333333 0.31125 0.018229166666666668 0.04083333333333333
60 0.46640625 0.34791666666666665 0.0296875 0.060833333333333336
58 0.7171875 0.4666666666666667 0.04375 0.09833333333333333
42 0.47604166666666664 0.48291666666666666 0.052083333333333336 0.11583333333333333
38 0.15651041666666668 0.27541666666666664 0.011979166666666667 0.029166666666666667
30 0.050520833333333334 0.24916666666666668 0.00625 0.016666666666666666
1 0.0765625 0.2920833333333333 0.015625 0.034166666666666665
2 0.09322916666666667 0.3075 0.015625 0.04
