77 0.7763020833333333 0.6829166666666666 0.0828125 0.1925
76 0.48072916666666665 0.4608333333333333 0.05 0.11
75 0.3333333333333333 0.39458333333333334 0.03854166666666667 0.07583333333333334
74 0.25859375 0.35583333333333333 0.0265625 0.06333333333333334
73 0.30130208333333336 0.3258333333333333 0.024479166666666666 0.04833333333333333
72 0.3770833333333333 0.3154166666666667 0.020833333333333332 0.04583333333333333
71 0.4765625 0.31 0.019791666666666666 0.041666666666666664
70 0.59296875 0.31166666666666665 0.0171875 0.03833333333333333
69 0.7114583333333333 0.32166666666666666 0.017708333333333333 0.04
68 0.83203125 0.3408333333333333 0.019270833333333334 0.041666666666666664
67 0.9471354166666667 0.3645833333333333 0.021354166666666667 0.04583333333333333
31 0.39739583333333334 0.28791666666666665 0.013541666666666667 0.034166666666666665
32 0.23697916666666666 0.2941666666666667 0.013541666666666667 0.03666666666666667
33 0.09973958333333334 0.30833333333333335 0.0171875 0.043333333333333335
30 0.5817708333333333 0.2970833333333333 0.0125 0.035833333333333335
28 0.9046875 0.3383333333333333 0.013541666666666667 0.03666666666666667
29 0.7239583333333334 0.30875 0.0125 0.035833333333333335
