61 0.4479166666666667 0.51125 0.06354166666666666 0.1275
60 0.3026041666666667 0.3516666666666667 0.029166666666666667 0.06833333333333333
40 0.7354166666666667 0.50375 0.04895833333333333 0.1125
41 0.459375 0.3525 0.030208333333333334 0.06666666666666667
42 0.3619791666666667 0.3070833333333333 0.020833333333333332 0.0475
43 0.31692708333333336 0.28375 0.015104166666666667 0.0375
58 0.2578125 0.30625 0.020833333333333332 0.049166666666666664
44 0.2872395833333333 0.27125 0.0140625 0.030833333333333334
57 0.21875 0.2941666666666667 0.017708333333333333 0.045
45 0.265625 0.265 0.013541666666666667 0.03
46 0.22265625 0.2625 0.0140625 0.02666666666666667
56 0.14583333333333334 0.28791666666666665 0.015625 0.034166666666666665
20 0.016666666666666666 0.3616666666666667 0.026041666666666668 0.06
3 0.6875 0.3645833333333333 0.020833333333333332 0.0525
4 0.5307291666666667 0.31833333333333336 0.014583333333333334 0.035
5 0.44375 0.29041666666666666 0.011458333333333333 0.030833333333333334
6 0.4080729166666667 0.2708333333333333 0.009895833333333333 0.028333333333333332
7 0.3658854166666667 0.26875 0.009895833333333333 0.0225
8 0.29348958333333336 0.2604166666666667 0.0078125 0.024166666666666666
9 0.20442708333333334 0.25458333333333333 0.0078125 0.020833333333333332
47 0.1640625 0.25875 0.014583333333333334 0.034166666666666665
10 0.10651041666666666 0.25666666666666665 0.0078125 0.023333333333333334
19 0.05390625 0.31416666666666665 0.0171875 0.043333333333333335
18 0.014583333333333334 0.31166666666666665 0.014583333333333334 0.03833333333333333
49 0.03515625 0.26375 0.008854166666666666 0.0275
11 0.008072916666666667 0.26 0.0078125 0.025
48 0.10104166666666667 0.26208333333333333 0.009375 0.025833333333333333
