5 0.3223958333333333 0.3729166666666667 0.030208333333333334 0.07416666666666667
4 0.42135416666666664 0.30875 0.01875 0.04583333333333333
19 0.93984375 0.36291666666666667 0.016145833333333335 0.0425
21 0.7770833333333333 0.29583333333333334 0.010416666666666666 0.02666666666666667
20 0.8348958333333333 0.3175 0.011458333333333333 0.035
22 0.7354166666666667 0.28 0.010416666666666666 0.02666666666666667
44 0.82265625 0.7575 0.08802083333333334 0.21
39 0.57265625 0.26416666666666666 0.0140625 0.028333333333333332
40 0.6036458333333333 0.275 0.020833333333333332 0.03
26 0.6611979166666667 0.25458333333333333 0.009895833333333333 0.020833333333333332
23 0.7109375 0.2675 0.0125 0.03166666666666667
25 0.6666666666666666 0.25958333333333333 0.008333333333333333 0.020833333333333332
69 0.5002604166666667 0.23875 0.009895833333333333 0.019166666666666665
29 0.5091145833333334 0.23791666666666667 0.009895833333333333 0.020833333333333332
64 0.61328125 0.2554166666666667 0.013020833333333334 0.0225
63 0.6322916666666667 0.26458333333333334 0.014583333333333334 0.025833333333333333
62 0.6421875 0.27 0.014583333333333334 0.03
24 0.6841145833333333 0.265 0.009895833333333333 0.02
61 0.6674479166666667 0.28208333333333335 0.015104166666666667 0.035833333333333335
60 0.69296875 0.30083333333333334 0.0203125 0.03833333333333333
58 0.7416666666666667 0.33166666666666667 0.022916666666666665 0.04833333333333333
41 0.609375 0.29125 0.019791666666666666 0.0375
42 0.6255208333333333 0.31958333333333333 0.026041666666666668 0.050833333333333335
57 0.81796875 0.36291666666666667 0.027604166666666666 0.0575
43 0.6528645833333333 0.3925 0.03802083333333333 0.07666666666666666
56 0.9877604166666667 0.415 0.022395833333333334 0.06333333333333334
78 0.5036458333333333 0.25375 0.013541666666666667 0.025833333333333333
77 0.4765625 0.25416666666666665 0.011458333333333333 0.025
2 0.4903645833333333 0.2658333333333333 0.0140625 0.035
3 0.46380208333333334 0.2808333333333333 0.015104166666666667 0.03333333333333333
