21 0.8453125 0.4245833333333333 0.029166666666666667 0.0675
22 0.5841145833333333 0.3425 0.0203125 0.045
39 0.21380208333333334 0.32416666666666666 0.024479166666666666 0.05333333333333334
29 0.08567708333333333 0.2520833333333333 0.0078125 0.0225
27 0.2565104166666667 0.25625 0.0078125 0.020833333333333332
40 0.35520833333333335 0.41625 0.036458333333333336 0.08916666666666667
38 0.12005208333333334 0.305 0.018229166666666668 0.04
26 0.32421875 0.26375 0.008854166666666666 0.024166666666666666
25 0.34453125 0.26916666666666667 0.0109375 0.028333333333333332
24 0.38671875 0.2833333333333333 0.011979166666666667 0.03
23 0.46953125 0.305 0.015104166666666667 0.035
41 0.8427083333333333 0.8979166666666667 0.1 0.19916666666666666
68 0.13020833333333334 0.25625 0.010416666666666666 0.030833333333333334
69 0.06848958333333334 0.25666666666666665 0.011979166666666667 0.028333333333333332
78 0.055989583333333336 0.30041666666666667 0.0171875 0.04083333333333333
77 0.009114583333333334 0.29291666666666666 0.016145833333333335 0.04083333333333333
70 0.00703125 0.2604166666666667 0.008854166666666666 0.0225
67 0.18046875 0.25875 0.0109375 0.025833333333333333
66 0.21666666666666667 0.26125 0.011458333333333333 0.025833333333333333
65 0.225 0.2633333333333333 0.009375 0.028333333333333332
64 0.26510416666666664 0.275 0.013541666666666667 0.035
63 0.31953125 0.3 0.019270833333333334 0.041666666666666664
62 0.38125 0.33375 0.021875 0.0475
61 0.5627604166666667 0.41125 0.0390625 0.08083333333333333
28 0.18463541666666666 0.2525 0.0078125 0.023333333333333334
