46 0.88359375 0.36 0.028645833333333332 0.051666666666666666
47 0.75625 0.32958333333333334 0.029166666666666667 0.0475
56 0.8567708333333334 0.6958333333333333 0.08645833333333333 0.185
9 0.8190104166666666 0.31958333333333333 0.0171875 0.0425
10 0.6377604166666667 0.2970833333333333 0.015104166666666667 0.03916666666666667
11 0.4622395833333333 0.27708333333333335 0.011979166666666667 0.04083333333333333
12 0.29791666666666666 0.27125 0.010416666666666666 0.0325
13 0.10651041666666666 0.2775 0.0109375 0.035
49 0.49609375 0.29625 0.013020833333333334 0.04083333333333333
48 0.6263020833333334 0.31166666666666665 0.022395833333333334 0.051666666666666666
50 0.36822916666666666 0.2966666666666667 0.013541666666666667 0.03833333333333333
51 0.24765625 0.2975 0.016145833333333335 0.051666666666666666
52 0.13984375 0.3179166666666667 0.018229166666666668 0.050833333333333335
55 0.22213541666666667 0.46208333333333335 0.04114583333333333 0.1025
53 0.06458333333333334 0.3475 0.025 0.06333333333333334
54 0.05807291666666667 0.38875 0.027604166666666666 0.06583333333333333
