78 0.7231770833333333 0.7020833333333333 0.1078125 0.2075
77 0.4609375 0.47833333333333333 0.059375 0.12
76 0.31614583333333335 0.38166666666666665 0.0375 0.08
75 0.21848958333333332 0.345 0.0296875 0.06333333333333334
74 0.16067708333333333 0.32208333333333333 0.0234375 0.05583333333333333
73 0.196875 0.29833333333333334 0.022916666666666665 0.041666666666666664
72 0.265625 0.2916666666666667 0.019791666666666666 0.04
71 0.35703125 0.28625 0.0171875 0.03916666666666667
70 0.46145833333333336 0.28833333333333333 0.015625 0.035
69 0.5677083333333334 0.2970833333333333 0.015625 0.035833333333333335
68 0.6739583333333333 0.3125 0.01875 0.03666666666666667
67 0.7705729166666667 0.33125 0.019270833333333334 0.0425
66 0.8567708333333334 0.35291666666666666 0.021875 0.03916666666666667
65 0.9015625 0.3729166666666667 0.021875 0.049166666666666664
31 0.28958333333333336 0.2679166666666667 0.011458333333333333 0.029166666666666667
32 0.14296875 0.2733333333333333 0.011979166666666667 0.03333333333333333
33 0.021614583333333333 0.2866666666666667 0.015104166666666667 0.03833333333333333
29 0.5861979166666667 0.28833333333333333 0.011979166666666667 0.03166666666666667
28 0.7484375 0.31083333333333335 0.011458333333333333 0.03166666666666667
27 0.8838541666666667 0.3433333333333333 0.015625 0.03333333333333333
