32 0.051041666666666666 0.2520833333333333 0.0125 0.030833333333333334
31 0.18255208333333334 0.245 0.011979166666666667 0.028333333333333332
30 0.3346354166666667 0.2475 0.008854166666666666 0.03
29 0.44817708333333334 0.2525 0.0109375 0.03166666666666667
28 0.59140625 0.26708333333333334 0.009895833333333333 0.030833333333333334
27 0.7041666666666667 0.29 0.013541666666666667 0.03166666666666667
38 0.5950520833333334 0.57875 0.06302083333333333 0.15083333333333335
78 0.36614583333333334 0.43583333333333335 0.05416666666666667 0.105
64 0.81953125 0.36041666666666666 0.03177083333333333 0.059166666666666666
26 0.828125 0.31958333333333333 0.014583333333333334 0.035833333333333335
25 0.88671875 0.33791666666666664 0.018229166666666668 0.050833333333333335
68 0.5161458333333333 0.2704166666666667 0.019791666666666666 0.034166666666666665
69 0.4244791666666667 0.25916666666666666 0.014583333333333334 0.03666666666666667
70 0.3296875 0.255 0.015625 0.03333333333333333
71 0.23828125 0.25666666666666665 0.018229166666666668 0.03666666666666667
72 0.15963541666666667 0.26208333333333333 0.0171875 0.04083333333333333
73 0.0984375 0.2704166666666667 0.017708333333333333 0.04083333333333333
74 0.06875 0.28791666666666665 0.01875 0.049166666666666664
75 0.11432291666666666 0.30083333333333334 0.028645833333333332 0.05333333333333334
77 0.2669270833333333 0.36083333333333334 0.034895833333333334 0.07333333333333333
76 0.18541666666666667 0.31875 0.029166666666666667 0.059166666666666666
67 0.5958333333333333 0.28291666666666665 0.017708333333333333 0.0375
66 0.6606770833333333 0.2966666666666667 0.019270833333333334 0.041666666666666664
65 0.6854166666666667 0.30875 0.020833333333333332 0.0425
