63 0.5005208333333333 0.4995833333333333 0.052083333333333336 0.11416666666666667
62 0.37890625 0.35 0.027604166666666666 0.06666666666666667
38 0.87109375 0.4579166666666667 0.0359375 0.08083333333333333
61 0.32447916666666665 0.29583333333333334 0.017708333333333333 0.04833333333333333
39 0.6080729166666666 0.38125 0.033854166666666664 0.06916666666666667
40 0.4276041666666667 0.3020833333333333 0.020833333333333332 0.04416666666666667
60 0.30833333333333335 0.27458333333333335 0.015625 0.03916666666666667
41 0.38645833333333335 0.27791666666666665 0.016666666666666666 0.0375
42 0.3614583333333333 0.2633333333333333 0.013541666666666667 0.03166666666666667
43 0.346875 0.25416666666666665 0.011458333333333333 0.02666666666666667
58 0.29713541666666665 0.2579166666666667 0.011979166666666667 0.035833333333333335
0 0.9625 0.43583333333333335 0.021875 0.05333333333333334
44 0.3333333333333333 0.25083333333333335 0.011458333333333333 0.03166666666666667
57 0.278125 0.25375 0.013541666666666667 0.0325
56 0.23385416666666667 0.25083333333333335 0.013541666666666667 0.02666666666666667
20 0.17291666666666666 0.27125 0.011458333333333333 0.0325
21 0.14088541666666668 0.2941666666666667 0.015104166666666667 0.043333333333333335
22 0.09921875 0.34625 0.021354166666666667 0.059166666666666666
1 0.7744791666666667 0.3779166666666667 0.025 0.050833333333333335
2 0.5986979166666667 0.32 0.016145833333333335 0.03833333333333333
3 0.5151041666666667 0.28708333333333336 0.013541666666666667 0.030833333333333334
4 0.46536458333333336 0.2704166666666667 0.009895833333333333 0.025833333333333333
5 0.43125 0.25666666666666665 0.009375 0.028333333333333332
6 0.42083333333333334 0.25 0.008333333333333333 0.02
7 0.39479166666666665 0.24708333333333332 0.007291666666666667 0.024166666666666666
47 0.24791666666666667 0.23916666666666667 0.008333333333333333 0.025
45 0.3190104166666667 0.24375 0.009895833333333333 0.0275
46 0.2903645833333333 0.24 0.0078125 0.025
19 0.18203125 0.25916666666666666 0.008854166666666666 0.03
17 0.07395833333333333 0.25458333333333333 0.007291666666666667 0.025833333333333333
