39 0.40520833333333334 0.48041666666666666 0.05 0.11083333333333334
30 0.05963541666666667 0.25125 0.008854166666666666 0.025833333333333333
29 0.16354166666666667 0.24791666666666667 0.009375 0.025833333333333333
27 0.38307291666666665 0.26208333333333333 0.011979166666666667 0.0275
38 0.18177083333333333 0.39125 0.030208333333333334 0.08416666666666667
26 0.4778645833333333 0.2758333333333333 0.011979166666666667 0.03333333333333333
25 0.5135416666666667 0.28833333333333333 0.014583333333333334 0.03333333333333333
24 0.6010416666666667 0.3175 0.015625 0.041666666666666664
23 0.7942708333333334 0.38166666666666665 0.026041666666666668 0.058333333333333334
68 0.21822916666666667 0.25916666666666666 0.015625 0.03
69 0.14010416666666667 0.25583333333333336 0.013541666666666667 0.03166666666666667
70 0.05651041666666667 0.25708333333333333 0.0140625 0.030833333333333334
77 0.011458333333333333 0.32958333333333334 0.020833333333333332 0.05416666666666667
78 0.07317708333333334 0.35333333333333333 0.033854166666666664 0.06666666666666667
67 0.28463541666666664 0.2629166666666667 0.0140625 0.029166666666666667
66 0.33515625 0.26875 0.015104166666666667 0.034166666666666665
65 0.3484375 0.27416666666666667 0.015625 0.03666666666666667
64 0.421875 0.30041666666666667 0.020833333333333332 0.04416666666666667
63 0.553125 0.3641666666666667 0.03125 0.06666666666666667
62 0.846875 0.53 0.058333333333333334 0.11833333333333333
28 0.2877604166666667 0.2525 0.008854166666666666 0.023333333333333334
