39 0.8684895833333334 0.7120833333333333 0.07760416666666667 0.19083333333333333
38 0.41796875 0.46458333333333335 0.04635416666666667 0.1125
78 0.24869791666666666 0.3875 0.0390625 0.08333333333333333
77 0.16197916666666667 0.3425 0.03333333333333333 0.06666666666666667
76 0.084375 0.3095833333333333 0.025 0.05583333333333333
75 0.015364583333333333 0.29833333333333334 0.022395833333333334 0.04833333333333333
72 0.046875 0.26208333333333333 0.015625 0.034166666666666665
71 0.12291666666666666 0.25458333333333333 0.016666666666666666 0.034166666666666665
70 0.21067708333333332 0.2529166666666667 0.011979166666666667 0.024166666666666666
69 0.2986979166666667 0.25416666666666665 0.013020833333333334 0.03333333333333333
68 0.3848958333333333 0.25958333333333333 0.013541666666666667 0.030833333333333334
67 0.45807291666666666 0.2708333333333333 0.015104166666666667 0.03
66 0.51796875 0.2808333333333333 0.018229166666666668 0.035
65 0.5377604166666666 0.28791666666666665 0.016145833333333335 0.0425
64 0.6455729166666667 0.3283333333333333 0.024479166666666666 0.051666666666666666
63 0.86640625 0.4370833333333333 0.04114583333333333 0.0825
31 0.06692708333333333 0.24791666666666667 0.0109375 0.025833333333333333
29 0.32109375 0.24625 0.011979166666666667 0.0275
28 0.45729166666666665 0.2554166666666667 0.011458333333333333 0.029166666666666667
27 0.5619791666666667 0.27208333333333334 0.0125 0.029166666666666667
26 0.6723958333333333 0.29625 0.013541666666666667 0.0325
25 0.7216145833333333 0.3120833333333333 0.016145833333333335 0.0375
24 0.8471354166666667 0.3570833333333333 0.018229166666666668 0.04583333333333333
