75 0.8104166666666667 0.6979166666666666 0.08541666666666667 0.18583333333333332
74 0.5200520833333333 0.4845833333333333 0.049479166666666664 0.11916666666666667
73 0.528125 0.38333333333333336 0.036458333333333336 0.07666666666666666
72 0.6177083333333333 0.3595833333333333 0.028125 0.06416666666666666
71 0.740625 0.35541666666666666 0.026041666666666668 0.05416666666666667
70 0.8861979166666667 0.3675 0.022395833333333334 0.051666666666666666
31 0.6013020833333333 0.30791666666666667 0.016145833333333335 0.04083333333333333
32 0.39479166666666665 0.30375 0.017708333333333333 0.049166666666666664
33 0.20182291666666666 0.32083333333333336 0.025520833333333333 0.056666666666666664
30 0.8307291666666666 0.33625 0.016666666666666666 0.03916666666666667
