21 0.7338541666666667 0.38666666666666666 0.026041666666666668 0.058333333333333334
22 0.5377604166666666 0.32666666666666666 0.0171875 0.03666666666666667
39 0.21354166666666666 0.30833333333333335 0.022916666666666665 0.05
29 0.0953125 0.24916666666666668 0.008333333333333333 0.021666666666666667
27 0.25703125 0.25458333333333333 0.0078125 0.020833333333333332
40 0.32265625 0.37041666666666667 0.030729166666666665 0.07083333333333333
38 0.13359375 0.295 0.015104166666666667 0.04
26 0.32083333333333336 0.2608333333333333 0.010416666666666666 0.023333333333333334
25 0.33828125 0.2633333333333333 0.011979166666666667 0.03
24 0.37578125 0.2783333333333333 0.011979166666666667 0.028333333333333332
23 0.44817708333333334 0.29583333333333334 0.0140625 0.03333333333333333
41 0.53203125 0.5795833333333333 0.06614583333333333 0.1525
68 0.13776041666666666 0.25416666666666665 0.009895833333333333 0.025
69 0.08046875 0.25375 0.009895833333333333 0.025833333333333333
78 0.07447916666666667 0.29 0.016666666666666666 0.03833333333333333
70 0.02109375 0.25625 0.008854166666666666 0.024166666666666666
77 0.029947916666666668 0.2841666666666667 0.0171875 0.04
67 0.18489583333333334 0.25625 0.010416666666666666 0.0275
66 0.21927083333333333 0.25833333333333336 0.010416666666666666 0.02666666666666667
65 0.22682291666666668 0.26166666666666666 0.009895833333333333 0.02666666666666667
64 0.2635416666666667 0.2704166666666667 0.013541666666666667 0.030833333333333334
63 0.31015625 0.29 0.016145833333333335 0.03666666666666667
62 0.35885416666666664 0.31625 0.01875 0.04583333333333333
61 0.48932291666666666 0.37083333333333335 0.027604166666666666 0.06
60 0.8380208333333333 0.54625 0.057291666666666664 0.1175
28 0.18880208333333334 0.2504166666666667 0.0067708333333333336 0.0175
30 0.01640625 0.25125 0.005729166666666666 0.019166666666666665
1 0.009895833333333333 0.32625 0.016666666666666666 0.04416666666666667
2 0.012760416666666666 0.37875 0.024479166666666666 0.07083333333333333
