39 0.23958333333333334 0.34041666666666665 0.027083333333333334 0.060833333333333336
29 0.09661458333333334 0.24375 0.0067708333333333336 0.0225
27 0.28098958333333335 0.24958333333333332 0.009895833333333333 0.025833333333333333
40 0.47213541666666664 0.5166666666666667 0.0640625 0.13
38 0.12682291666666667 0.3129166666666667 0.0203125 0.04583333333333333
26 0.35520833333333335 0.2579166666666667 0.010416666666666666 0.0275
25 0.378125 0.26416666666666666 0.009375 0.028333333333333332
24 0.42942708333333335 0.28041666666666665 0.013020833333333334 0.034166666666666665
23 0.5333333333333333 0.31 0.015625 0.035
22 0.6911458333333333 0.365 0.026041666666666668 0.05333333333333334
68 0.14401041666666667 0.24916666666666668 0.013020833333333334 0.028333333333333332
69 0.07734375 0.24833333333333332 0.011979166666666667 0.028333333333333332
70 0.009635416666666667 0.25416666666666665 0.009895833333333333 0.025
78 0.05286458333333333 0.30333333333333334 0.0234375 0.04833333333333333
67 0.19817708333333334 0.25125 0.011979166666666667 0.0275
66 0.23854166666666668 0.255 0.011458333333333333 0.02666666666666667
65 0.24713541666666666 0.26 0.0109375 0.03
64 0.29401041666666666 0.2725 0.016145833333333335 0.03333333333333333
63 0.3614583333333333 0.3025 0.019791666666666666 0.04833333333333333
62 0.44921875 0.35125 0.025520833333333333 0.05583333333333333
61 0.7622395833333333 0.50375 0.0515625 0.11083333333333334
28 0.20208333333333334 0.24375 0.009375 0.0225
