46 0.9184895833333333 0.36583333333333334 0.028645833333333332 0.05
47 0.7893229166666667 0.3325 0.0296875 0.05
56 0.91484375 0.72375 0.0890625 0.19083333333333333
9 0.8518229166666667 0.325 0.019270833333333334 0.04
10 0.66875 0.2995833333333333 0.016666666666666666 0.03916666666666667
11 0.49244791666666665 0.28458333333333335 0.013020833333333334 0.0325
12 0.3263020833333333 0.26958333333333334 0.008854166666666666 0.035833333333333335
13 0.13489583333333333 0.27625 0.011458333333333333 0.034166666666666665
49 0.5260416666666666 0.2991666666666667 0.0125 0.041666666666666664
48 0.6572916666666667 0.31333333333333335 0.021875 0.055
50 0.39739583333333334 0.2966666666666667 0.0125 0.041666666666666664
51 0.2760416666666667 0.29833333333333334 0.015625 0.056666666666666664
52 0.16848958333333333 0.3179166666666667 0.018229166666666668 0.05416666666666667
55 0.25104166666666666 0.46625 0.041666666666666664 0.09916666666666667
53 0.09166666666666666 0.345 0.027083333333333334 0.06333333333333334
54 0.08411458333333334 0.3875 0.024479166666666666 0.07333333333333333
