42 0.5473958333333333 0.40375 0.0375 0.08083333333333333
43 0.4088541666666667 0.3304166666666667 0.022916666666666665 0.0525
60 0.721875 0.8233333333333334 0.09583333333333334 0.24166666666666667
58 0.3528645833333333 0.4058333333333333 0.03697916666666667 0.08333333333333333
44 0.34479166666666666 0.2995833333333333 0.016666666666666666 0.04083333333333333
57 0.26145833333333335 0.3566666666666667 0.03229166666666667 0.06833333333333333
45 0.30911458333333336 0.28791666666666665 0.015104166666666667 0.03916666666666667
46 0.24947916666666667 0.28 0.016666666666666666 0.035
47 0.17421875 0.2758333333333333 0.0171875 0.03666666666666667
56 0.13723958333333333 0.3358333333333333 0.027604166666666666 0.055
4 0.82109375 0.42083333333333334 0.025520833333333333 0.06166666666666667
5 0.5958333333333333 0.34291666666666665 0.016666666666666666 0.04416666666666667
6 0.5088541666666667 0.29833333333333334 0.011458333333333333 0.03833333333333333
7 0.44088541666666664 0.29333333333333333 0.011979166666666667 0.03166666666666667
8 0.34036458333333336 0.2775 0.0109375 0.025
9 0.22526041666666666 0.2675 0.009895833333333333 0.028333333333333332
10 0.09791666666666667 0.27 0.010416666666666666 0.02666666666666667
48 0.08932291666666667 0.2816666666666667 0.0109375 0.03
