39 0.29661458333333335 0.3904166666666667 0.033854166666666664 0.08416666666666667
30 0.022395833333333334 0.24625 0.009375 0.0275
29 0.11744791666666667 0.23958333333333334 0.009895833333333333 0.025833333333333333
27 0.32135416666666666 0.2504166666666667 0.009375 0.025833333333333333
38 0.13932291666666666 0.345 0.025520833333333333 0.07
26 0.40651041666666665 0.26166666666666666 0.013020833333333334 0.03166666666666667
25 0.4356770833333333 0.27 0.0140625 0.03333333333333333
24 0.5046875 0.29333333333333333 0.015625 0.03833333333333333
23 0.6489583333333333 0.3383333333333333 0.022916666666666665 0.043333333333333335
22 0.9114583333333334 0.43583333333333335 0.03333333333333333 0.07
68 0.16927083333333334 0.24791666666666667 0.013541666666666667 0.029166666666666667
69 0.09635416666666667 0.24666666666666667 0.013541666666666667 0.028333333333333332
70 0.020052083333333335 0.25083333333333335 0.0109375 0.02666666666666667
78 0.05 0.3229166666666667 0.026041666666666668 0.060833333333333336
67 0.23020833333333332 0.25166666666666665 0.011458333333333333 0.03
66 0.2755208333333333 0.25666666666666665 0.011458333333333333 0.03166666666666667
65 0.2859375 0.2608333333333333 0.0125 0.03333333333333333
64 0.34609375 0.2808333333333333 0.0171875 0.04
63 0.440625 0.32458333333333333 0.025 0.059166666666666666
62 0.6033854166666667 0.41541666666666666 0.0359375 0.0775
28 0.23489583333333333 0.24375 0.008333333333333333 0.0225
