78 0.5114583333333333 0.5491666666666667 0.07291666666666667 0.14666666666666667
77 0.34479166666666666 0.42125 0.04791666666666667 0.0975
76 0.23359375 0.355 0.033854166666666664 0.07166666666666667
75 0.14765625 0.3283333333333333 0.0296875 0.055
74 0.09348958333333333 0.30875 0.0234375 0.0525
73 0.12890625 0.29 0.019270833333333334 0.04
72 0.19375 0.2825 0.017708333333333333 0.03833333333333333
71 0.27838541666666666 0.27541666666666664 0.016145833333333335 0.0375
70 0.37916666666666665 0.27666666666666667 0.013541666666666667 0.028333333333333332
69 0.4796875 0.2816666666666667 0.014583333333333334 0.03666666666666667
68 0.5791666666666667 0.29333333333333333 0.016666666666666666 0.03666666666666667
67 0.6674479166666667 0.30875 0.018229166666666668 0.03916666666666667
66 0.7434895833333334 0.3254166666666667 0.019270833333333334 0.04083333333333333
65 0.7796875 0.3425 0.019791666666666666 0.045
64 0.96796875 0.415 0.0328125 0.065
31 0.21692708333333333 0.2629166666666667 0.011979166666666667 0.029166666666666667
32 0.07708333333333334 0.26875 0.0125 0.0325
29 0.5010416666666667 0.2733333333333333 0.011458333333333333 0.028333333333333332
28 0.6536458333333334 0.2916666666666667 0.0125 0.028333333333333332
27 0.7791666666666667 0.3145833333333333 0.014583333333333334 0.034166666666666665
26 0.9197916666666667 0.35375 0.016666666666666666 0.0375
