43 0.7065104166666667 0.4220833333333333 0.044270833333333336 0.07916666666666666
44 0.5408854166666667 0.33208333333333334 0.025520833333333333 0.0525
57 0.5200520833333333 0.5633333333333334 0.0671875 0.145
45 0.48098958333333336 0.31333333333333335 0.0234375 0.04833333333333333
46 0.3958333333333333 0.2970833333333333 0.020833333333333332 0.04416666666666667
47 0.29270833333333335 0.28833333333333333 0.020833333333333332 0.04
56 0.228125 0.44625 0.046875 0.10416666666666667
5 0.9828125 0.4475 0.028125 0.06833333333333333
6 0.765625 0.33958333333333335 0.01875 0.049166666666666664
7 0.6505208333333333 0.3229166666666667 0.016666666666666666 0.0375
8 0.5088541666666667 0.2925 0.015625 0.035
9 0.3580729166666667 0.2733333333333333 0.013020833333333334 0.035
10 0.19973958333333333 0.27291666666666664 0.011979166666666667 0.0325
11 0.042708333333333334 0.2758333333333333 0.010416666666666666 0.03666666666666667
48 0.184375 0.28541666666666665 0.013541666666666667 0.0375
49 0.06979166666666667 0.28958333333333336 0.011458333333333333 0.0375
