11 0.8338541666666667 0.34125 0.011458333333333333 0.04416666666666667
12 0.6486979166666667 0.3175 0.011979166666666667 0.041666666666666664
13 0.4354166666666667 0.30791666666666667 0.011458333333333333 0.04583333333333333
14 0.23776041666666667 0.31416666666666665 0.019270833333333334 0.05
49 0.8921875 0.37041666666666667 0.0125 0.034166666666666665
50 0.7427083333333333 0.3616666666666667 0.014583333333333334 0.041666666666666664
51 0.60859375 0.3541666666666667 0.018229166666666668 0.05333333333333334
52 0.48723958333333334 0.37041666666666667 0.022395833333333334 0.0625
55 0.7278645833333334 0.7020833333333333 0.09010416666666667 0.1875
53 0.4036458333333333 0.405 0.022916666666666665 0.07166666666666667
54 0.40598958333333335 0.48583333333333334 0.0359375 0.10833333333333334
