21 0.8950520833333333 0.44 0.034895833333333334 0.07333333333333333
22 0.6057291666666667 0.3458333333333333 0.020833333333333332 0.045
39 0.21588541666666666 0.32458333333333333 0.024479166666666666 0.0525
29 0.08411458333333334 0.24666666666666667 0.0067708333333333336 0.02666666666666667
27 0.2596354166666667 0.25125 0.009895833333333333 0.025833333333333333
40 0.3731770833333333 0.42916666666666664 0.0421875 0.09666666666666666
38 0.1171875 0.3075 0.015625 0.045
26 0.32864583333333336 0.25958333333333333 0.009375 0.024166666666666666
25 0.3489583333333333 0.26625 0.010416666666666666 0.0275
24 0.39401041666666664 0.2783333333333333 0.011979166666666667 0.03
23 0.4822916666666667 0.30375 0.014583333333333334 0.034166666666666665
68 0.13072916666666667 0.25166666666666665 0.010416666666666666 0.023333333333333334
69 0.06796875 0.2520833333333333 0.011979166666666667 0.024166666666666666
78 0.05182291666666667 0.29875 0.018229166666666668 0.0425
77 0.005989583333333334 0.29125 0.011979166666666667 0.04083333333333333
67 0.18125 0.25458333333333333 0.011458333333333333 0.025833333333333333
66 0.21953125 0.2579166666666667 0.0109375 0.0275
65 0.228125 0.26125 0.010416666666666666 0.0275
64 0.2682291666666667 0.27208333333333334 0.013541666666666667 0.030833333333333334
63 0.3268229166666667 0.2975 0.018229166666666668 0.043333333333333335
62 0.3932291666666667 0.3325 0.023958333333333335 0.04833333333333333
61 0.5994791666666667 0.42916666666666664 0.040625 0.08666666666666667
28 0.18567708333333333 0.24708333333333332 0.0067708333333333336 0.020833333333333332
