21 0.6783854166666666 0.365 0.022395833333333334 0.05333333333333334
22 0.5130208333333334 0.3175 0.015625 0.04
39 0.21640625 0.3025 0.0203125 0.045
29 0.10208333333333333 0.2504166666666667 0.007291666666666667 0.020833333333333332
27 0.25859375 0.25375 0.0067708333333333336 0.019166666666666665
40 0.30859375 0.34958333333333336 0.0234375 0.060833333333333336
38 0.14114583333333333 0.29333333333333333 0.013541666666666667 0.03666666666666667
26 0.3190104166666667 0.2604166666666667 0.008854166666666666 0.0225
25 0.33567708333333335 0.26375 0.0109375 0.030833333333333334
24 0.3697916666666667 0.27541666666666664 0.009375 0.024166666666666666
23 0.434375 0.29291666666666666 0.013541666666666667 0.030833333333333334
41 0.4471354166666667 0.48333333333333334 0.049479166666666664 0.11666666666666667
68 0.14375 0.25416666666666665 0.011458333333333333 0.025
69 0.0875 0.255 0.010416666666666666 0.025
78 0.08619791666666667 0.28583333333333333 0.016145833333333335 0.03833333333333333
70 0.029947916666666668 0.25666666666666665 0.009895833333333333 0.021666666666666667
77 0.04296875 0.28375 0.016145833333333335 0.034166666666666665
67 0.18958333333333333 0.255 0.010416666666666666 0.025
66 0.22213541666666667 0.26 0.008854166666666666 0.028333333333333332
65 0.22916666666666666 0.2608333333333333 0.010416666666666666 0.023333333333333334
64 0.2625 0.2683333333333333 0.0125 0.03
63 0.30572916666666666 0.28708333333333336 0.014583333333333334 0.030833333333333334
62 0.34739583333333335 0.30875 0.01875 0.04416666666666667
61 0.4552083333333333 0.35541666666666666 0.026041666666666668 0.0575
60 0.70390625 0.47333333333333333 0.04635416666666667 0.09833333333333333
28 0.1921875 0.25083333333333335 0.007291666666666667 0.02
30 0.026302083333333334 0.25125 0.0067708333333333336 0.019166666666666665
1 0.029947916666666668 0.3179166666666667 0.0171875 0.04083333333333333
2 0.037760416666666664 0.3591666666666667 0.024479166666666666 0.058333333333333334
