61 0.6265625 0.7125 0.08125 0.20333333333333334
60 0.3346354166666667 0.38416666666666666 0.034895833333333334 0.07833333333333334
41 0.5247395833333334 0.38458333333333333 0.03802083333333333 0.0775
42 0.39036458333333335 0.31708333333333333 0.021354166666666667 0.0525
43 0.3333333333333333 0.28875 0.015625 0.0375
58 0.2716145833333333 0.315 0.021354166666666667 0.051666666666666666
44 0.29791666666666666 0.27125 0.013541666666666667 0.030833333333333334
57 0.22630208333333332 0.2995833333333333 0.0203125 0.0475
45 0.27239583333333334 0.2658333333333333 0.0125 0.03166666666666667
46 0.22734375 0.2608333333333333 0.013020833333333334 0.03333333333333333
47 0.16588541666666667 0.25916666666666666 0.0109375 0.03
56 0.14375 0.28958333333333336 0.015625 0.0375
19 0.03671875 0.3254166666666667 0.0203125 0.04583333333333333
3 0.7833333333333333 0.39666666666666667 0.025 0.06166666666666667
4 0.57734375 0.32875 0.016145833333333335 0.0425
5 0.4708333333333333 0.2975 0.013541666666666667 0.03166666666666667
6 0.4270833333333333 0.27125 0.008333333333333333 0.029166666666666667
7 0.3807291666666667 0.26916666666666667 0.010416666666666666 0.028333333333333332
8 0.30234375 0.25875 0.008854166666666666 0.0225
9 0.20807291666666666 0.24916666666666668 0.008854166666666666 0.028333333333333332
10 0.10390625 0.25416666666666665 0.009895833333333333 0.025
49 0.026822916666666665 0.26208333333333333 0.009895833333333333 0.0275
48 0.09713541666666667 0.26 0.011979166666666667 0.028333333333333332
