77 0.5697916666666667 0.545 0.07291666666666667 0.14333333333333334
76 0.3802083333333333 0.41041666666666665 0.04583333333333333 0.08916666666666667
75 0.26640625 0.36375 0.0328125 0.07083333333333333
74 0.2046875 0.33416666666666667 0.022916666666666665 0.058333333333333334
73 0.2421875 0.30791666666666667 0.021875 0.04583333333333333
72 0.3143229166666667 0.3 0.021354166666666667 0.041666666666666664
71 0.40911458333333334 0.295 0.0203125 0.04
70 0.5182291666666666 0.2970833333333333 0.015625 0.035833333333333335
69 0.6291666666666667 0.30791666666666667 0.016666666666666666 0.0375
68 0.7416666666666667 0.3229166666666667 0.01875 0.035833333333333335
67 0.8458333333333333 0.3458333333333333 0.019791666666666666 0.043333333333333335
66 0.9395833333333333 0.3720833333333333 0.019791666666666666 0.04416666666666667
31 0.3377604166666667 0.27666666666666667 0.013020833333333334 0.028333333333333332
32 0.18489583333333334 0.28208333333333335 0.0125 0.035833333333333335
33 0.05677083333333333 0.29541666666666666 0.017708333333333333 0.04083333333333333
30 0.5119791666666667 0.28541666666666665 0.011458333333333333 0.029166666666666667
28 0.8153645833333333 0.3225 0.013020833333333334 0.03
27 0.9598958333333333 0.35541666666666666 0.014583333333333334 0.035833333333333335
29 0.64609375 0.29541666666666666 0.011979166666666667 0.0325
