65 0.8630208333333333 0.6645833333333333 0.06979166666666667 0.1725
64 0.6546875 0.3879166666666667 0.03125 0.07083333333333333
63 0.6174479166666667 0.33666666666666667 0.019270833333333334 0.04666666666666667
62 0.6208333333333333 0.3125 0.016666666666666666 0.03666666666666667
38 0.83125 0.35208333333333336 0.017708333333333333 0.04083333333333333
78 0.940625 0.37875 0.023958333333333335 0.049166666666666664
39 0.734375 0.32708333333333334 0.01875 0.03916666666666667
40 0.6802083333333333 0.3 0.014583333333333334 0.03333333333333333
41 0.6729166666666667 0.28833333333333333 0.010416666666666666 0.03166666666666667
56 0.5760416666666667 0.2725 0.011458333333333333 0.02666666666666667
24 0.3411458333333333 0.38 0.030208333333333334 0.06166666666666667
25 0.04088541666666667 0.5404166666666667 0.0546875 0.12583333333333332
23 0.41822916666666665 0.32666666666666666 0.022916666666666665 0.04833333333333333
21 0.5044270833333333 0.28708333333333336 0.013020833333333334 0.030833333333333334
22 0.4791666666666667 0.305 0.0125 0.035
20 0.5263020833333333 0.28041666666666665 0.009895833333333333 0.0275
0 0.9549479166666667 0.3616666666666667 0.015104166666666667 0.03666666666666667
1 0.86484375 0.33791666666666664 0.015104166666666667 0.030833333333333334
2 0.7921875 0.3120833333333333 0.011458333333333333 0.030833333333333334
3 0.7645833333333333 0.2975 0.011458333333333333 0.023333333333333334
4 0.7447916666666666 0.2891666666666667 0.009375 0.023333333333333334
5 0.7299479166666667 0.2825 0.009895833333333333 0.021666666666666667
57 0.6075520833333333 0.27625 0.0109375 0.025833333333333333
