41 0.6955729166666667 0.475 0.0546875 0.11
42 0.45234375 0.3458333333333333 0.0296875 0.06
43 0.36770833333333336 0.3020833333333333 0.019791666666666666 0.04416666666666667
60 0.4278645833333333 0.485 0.05677083333333333 0.12
58 0.30364583333333334 0.34291666666666665 0.030208333333333334 0.06583333333333333
44 0.32083333333333336 0.2808333333333333 0.014583333333333334 0.03166666666666667
57 0.240625 0.3179166666666667 0.026041666666666668 0.0575
45 0.2911458333333333 0.27208333333333334 0.016666666666666666 0.034166666666666665
46 0.23984375 0.2658333333333333 0.016145833333333335 0.03333333333333333
47 0.171875 0.2625 0.014583333333333334 0.03
56 0.14375 0.30375 0.01875 0.0425
4 0.6783854166666666 0.3625 0.021354166666666667 0.05
5 0.5268229166666667 0.31416666666666665 0.015104166666666667 0.03833333333333333
6 0.4661458333333333 0.27875 0.010416666666666666 0.0325
7 0.40989583333333335 0.27625 0.010416666666666666 0.0275
8 0.3221354166666667 0.2633333333333333 0.0109375 0.03
9 0.21848958333333332 0.25333333333333335 0.008854166666666666 0.02666666666666667
10 0.10442708333333334 0.25625 0.008854166666666666 0.0275
49 0.018229166666666668 0.265 0.008333333333333333 0.02666666666666667
48 0.09609375 0.26375 0.0140625 0.030833333333333334
