66 0.83515625 0.7470833333333333 0.0859375 0.20416666666666666
65 0.83984375 0.5170833333333333 0.049479166666666664 0.1175
64 0.8033854166666666 0.36625 0.025520833333333333 0.0575
63 0.8015625 0.32666666666666666 0.01875 0.045
62 0.81953125 0.3104166666666667 0.016145833333333335 0.035833333333333335
39 0.9236979166666667 0.3279166666666667 0.019270833333333334 0.0375
56 0.79921875 0.27166666666666667 0.011979166666666667 0.028333333333333332
24 0.54453125 0.34125 0.022395833333333334 0.05583333333333333
25 0.3098958333333333 0.415 0.03854166666666667 0.085
23 0.6244791666666667 0.30875 0.01875 0.0425
22 0.6893229166666667 0.29583333333333334 0.0140625 0.035
3 0.97734375 0.30833333333333335 0.0109375 0.023333333333333334
40 0.8854166666666666 0.2995833333333333 0.015625 0.03916666666666667
4 0.9640625 0.29791666666666666 0.010416666666666666 0.024166666666666666
5 0.9544270833333334 0.2925 0.011979166666666667 0.02
58 0.83984375 0.2825 0.009895833333333333 0.025
60 0.8307291666666666 0.285 0.0125 0.03
61 0.8223958333333333 0.2941666666666667 0.014583333333333334 0.03166666666666667
21 0.71796875 0.28291666666666665 0.0109375 0.029166666666666667
