41 0.7575520833333333 0.5091666666666667 0.0515625 0.11666666666666667
42 0.4705729166666667 0.3566666666666667 0.028645833333333332 0.06666666666666667
43 0.3770833333333333 0.3095833333333333 0.019791666666666666 0.04416666666666667
60 0.46510416666666665 0.5304166666666666 0.06666666666666667 0.13916666666666666
58 0.3143229166666667 0.3570833333333333 0.0296875 0.06916666666666667
44 0.32786458333333335 0.2875 0.015104166666666667 0.035
57 0.24635416666666668 0.3279166666666667 0.029166666666666667 0.060833333333333336
45 0.296875 0.2783333333333333 0.015625 0.03666666666666667
46 0.24375 0.27291666666666664 0.015625 0.034166666666666665
47 0.17447916666666666 0.26875 0.0125 0.0325
56 0.14453125 0.31375 0.022395833333333334 0.0475
4 0.7065104166666667 0.37666666666666665 0.021354166666666667 0.051666666666666666
5 0.5421875 0.3225 0.016666666666666666 0.03666666666666667
6 0.47630208333333335 0.28791666666666665 0.009895833333333333 0.035833333333333335
7 0.41848958333333336 0.2825 0.009895833333333333 0.025
8 0.32786458333333335 0.26916666666666667 0.0109375 0.028333333333333332
9 0.22135416666666666 0.25875 0.009375 0.0275
10 0.10520833333333333 0.2629166666666667 0.010416666666666666 0.025833333333333333
48 0.096875 0.27 0.011458333333333333 0.035
49 0.015885416666666666 0.2708333333333333 0.009895833333333333 0.028333333333333332
