5 0.35208333333333336 0.36833333333333335 0.03125 0.07
4 0.45078125 0.30833333333333335 0.019270833333333334 0.045
19 0.96328125 0.3645833333333333 0.0171875 0.03916666666666667
21 0.8057291666666667 0.29791666666666666 0.011458333333333333 0.029166666666666667
20 0.8591145833333333 0.32125 0.013020833333333334 0.034166666666666665
22 0.7635416666666667 0.2816666666666667 0.009375 0.02666666666666667
44 0.8119791666666667 0.71875 0.078125 0.20083333333333334
39 0.6028645833333334 0.265 0.0140625 0.02666666666666667
40 0.63203125 0.27625 0.018229166666666668 0.0325
26 0.69140625 0.2575 0.0109375 0.02
23 0.740625 0.26916666666666667 0.011458333333333333 0.028333333333333332
25 0.6989583333333333 0.25833333333333336 0.008333333333333333 0.025
69 0.53125 0.24083333333333334 0.010416666666666666 0.021666666666666667
29 0.5408854166666667 0.23916666666666667 0.009895833333333333 0.02
64 0.64375 0.25625 0.013541666666666667 0.0225
63 0.66171875 0.26458333333333334 0.0140625 0.0225
62 0.6716145833333333 0.27208333333333334 0.0140625 0.029166666666666667
24 0.7135416666666666 0.26458333333333334 0.011458333333333333 0.0225
61 0.6955729166666667 0.285 0.016145833333333335 0.03
60 0.72109375 0.2991666666666667 0.021354166666666667 0.04
58 0.76484375 0.33125 0.0234375 0.050833333333333335
41 0.6375 0.2920833333333333 0.01875 0.035833333333333335
42 0.6510416666666666 0.32 0.026041666666666668 0.05333333333333334
57 0.83984375 0.3625 0.025520833333333333 0.055
43 0.6760416666666667 0.39125 0.03333333333333333 0.07583333333333334
78 0.5333333333333333 0.25583333333333336 0.0125 0.03
77 0.5083333333333333 0.25458333333333333 0.0125 0.024166666666666666
2 0.5203125 0.2679166666666667 0.013541666666666667 0.030833333333333334
3 0.49375 0.2816666666666667 0.014583333333333334 0.03666666666666667
