38 0.5481770833333334 0.5470833333333334 0.05260416666666667 0.1425
78 0.3184895833333333 0.42541666666666667 0.0515625 0.10083333333333333
77 0.21328125 0.3595833333333333 0.03697916666666667 0.07916666666666666
76 0.12708333333333333 0.3175 0.029166666666666667 0.06166666666666667
75 0.05234375 0.29875 0.0265625 0.0525
73 0.032552083333333336 0.26875 0.018229166666666668 0.0375
72 0.09192708333333334 0.2604166666666667 0.0171875 0.0375
71 0.17161458333333332 0.25416666666666665 0.016145833333333335 0.035
70 0.2638020833333333 0.2525 0.0140625 0.03166666666666667
69 0.35651041666666666 0.25458333333333333 0.013020833333333334 0.034166666666666665
68 0.4473958333333333 0.2654166666666667 0.014583333333333334 0.035833333333333335
67 0.52578125 0.27541666666666664 0.015104166666666667 0.035833333333333335
66 0.59140625 0.28958333333333336 0.018229166666666668 0.03916666666666667
65 0.61640625 0.2995833333333333 0.018229166666666668 0.04083333333333333
64 0.7484375 0.35083333333333333 0.028125 0.06
31 0.11328125 0.24333333333333335 0.0109375 0.028333333333333332
29 0.37942708333333336 0.24791666666666667 0.0109375 0.025833333333333333
28 0.5203125 0.26125 0.010416666666666666 0.0275
27 0.6322916666666667 0.2808333333333333 0.0125 0.028333333333333332
26 0.7528645833333333 0.30833333333333335 0.015104166666666667 0.03833333333333333
25 0.81171875 0.3283333333333333 0.016145833333333335 0.041666666666666664
24 0.9638020833333333 0.38875 0.019270833333333334 0.049166666666666664
