62 0.47942708333333334 0.45875 0.044270833333333336 0.10583333333333333
39 0.8716145833333333 0.5075 0.0546875 0.10333333333333333
40 0.47890625 0.34 0.0265625 0.06166666666666667
61 0.33828125 0.33625 0.025520833333333333 0.0625
60 0.30130208333333336 0.29375 0.018229166666666668 0.04583333333333333
41 0.40130208333333334 0.2945833333333333 0.019270833333333334 0.04583333333333333
42 0.3572916666666667 0.27166666666666667 0.015625 0.03833333333333333
43 0.33489583333333334 0.2608333333333333 0.0125 0.03333333333333333
58 0.2833333333333333 0.27458333333333335 0.014583333333333334 0.03916666666666667
44 0.31666666666666665 0.25375 0.010416666666666666 0.0275
57 0.2565104166666667 0.26625 0.0140625 0.0325
45 0.29921875 0.25083333333333335 0.013020833333333334 0.028333333333333332
56 0.20494791666666667 0.2629166666666667 0.013020833333333334 0.029166666666666667
20 0.12890625 0.2970833333333333 0.015104166666666667 0.03916666666666667
21 0.0796875 0.33958333333333335 0.020833333333333332 0.05583333333333333
2 0.7015625 0.35541666666666666 0.019791666666666666 0.049166666666666664
3 0.5580729166666667 0.30291666666666667 0.0140625 0.03916666666666667
4 0.4822916666666667 0.2808333333333333 0.013541666666666667 0.028333333333333332
5 0.43307291666666664 0.26625 0.009895833333333333 0.025833333333333333
6 0.4140625 0.25333333333333335 0.009375 0.023333333333333334
8 0.32578125 0.24375 0.0078125 0.0225
7 0.384375 0.2529166666666667 0.008333333333333333 0.0225
47 0.21901041666666668 0.24583333333333332 0.009895833333333333 0.02666666666666667
46 0.26614583333333336 0.2475 0.009375 0.03
19 0.14140625 0.275 0.013020833333333334 0.035
18 0.11041666666666666 0.27625 0.008333333333333333 0.0275
17 0.013802083333333333 0.275 0.009895833333333333 0.028333333333333332
48 0.16536458333333334 0.24791666666666667 0.0078125 0.0225
