39 0.2630208333333333 0.35583333333333333 0.03125 0.06333333333333334
29 0.10963541666666667 0.24416666666666667 0.008854166666666666 0.021666666666666667
27 0.30130208333333336 0.25083333333333335 0.009895833333333333 0.02666666666666667
40 0.5932291666666667 0.6366666666666667 0.09479166666666666 0.17666666666666667
38 0.1359375 0.32458333333333333 0.020833333333333332 0.0525
26 0.37890625 0.25958333333333333 0.008854166666666666 0.024166666666666666
25 0.4041666666666667 0.26708333333333334 0.0125 0.030833333333333334
24 0.46145833333333336 0.2866666666666667 0.013541666666666667 0.03166666666666667
23 0.5791666666666667 0.31916666666666665 0.01875 0.045
22 0.7703125 0.38958333333333334 0.028125 0.0625
68 0.15807291666666667 0.24875 0.013020833333333334 0.030833333333333334
69 0.08932291666666667 0.25 0.0109375 0.03
70 0.017708333333333333 0.25416666666666665 0.009375 0.02666666666666667
78 0.05755208333333333 0.3125 0.022395833333333334 0.05
67 0.21510416666666668 0.2529166666666667 0.0125 0.029166666666666667
66 0.25729166666666664 0.2554166666666667 0.011458333333333333 0.034166666666666665
65 0.26666666666666666 0.2608333333333333 0.011458333333333333 0.03333333333333333
64 0.31692708333333336 0.2758333333333333 0.0171875 0.03666666666666667
63 0.39348958333333334 0.3104166666666667 0.021354166666666667 0.049166666666666664
62 0.5049479166666667 0.3720833333333333 0.030729166666666665 0.059166666666666666
61 0.9450520833333333 0.5979166666666667 0.06614583333333333 0.1375
28 0.21875 0.24583333333333332 0.008333333333333333 0.021666666666666667
