6 0.013541666666666667 0.4816666666666667 0.026041666666666668 0.12833333333333333
5 0.43697916666666664 0.3591666666666667 0.027083333333333334 0.065
4 0.5354166666666667 0.3095833333333333 0.01875 0.04416666666666667
21 0.8890625 0.3075 0.0125 0.03
20 0.9380208333333333 0.3308333333333333 0.0125 0.035
22 0.8505208333333333 0.29083333333333333 0.010416666666666666 0.02666666666666667
44 0.7950520833333333 0.64 0.0703125 0.17
39 0.6908854166666667 0.27125 0.015104166666666667 0.0275
40 0.7171875 0.28291666666666665 0.017708333333333333 0.029166666666666667
23 0.8291666666666667 0.2791666666666667 0.011458333333333333 0.028333333333333332
64 0.73359375 0.2629166666666667 0.013020833333333334 0.0225
63 0.75 0.27208333333333334 0.014583333333333334 0.0225
62 0.7591145833333334 0.27958333333333335 0.013020833333333334 0.029166666666666667
24 0.8033854166666666 0.275 0.0109375 0.021666666666666667
61 0.78046875 0.29041666666666666 0.0171875 0.030833333333333334
60 0.8010416666666667 0.30666666666666664 0.017708333333333333 0.04
58 0.8377604166666667 0.33708333333333335 0.0234375 0.0475
41 0.7190104166666667 0.29791666666666666 0.018229166666666668 0.035833333333333335
42 0.7286458333333333 0.3254166666666667 0.022916666666666665 0.050833333333333335
57 0.9067708333333333 0.36666666666666664 0.029166666666666667 0.06166666666666667
43 0.7372395833333333 0.3858333333333333 0.033854166666666664 0.07166666666666667
78 0.6239583333333333 0.26125 0.0125 0.0225
77 0.5997395833333333 0.2579166666666667 0.011979166666666667 0.025833333333333333
2 0.60859375 0.2758333333333333 0.013020833333333334 0.02666666666666667
3 0.5809895833333333 0.28375 0.0140625 0.0375
