39 0.28177083333333336 0.37125 0.03229166666666667 0.07583333333333334
29 0.11328125 0.24333333333333335 0.009895833333333333 0.025
27 0.3111979166666667 0.24875 0.008854166666666666 0.0275
40 0.8 0.83875 0.10833333333333334 0.2525
38 0.13802083333333334 0.33375 0.022916666666666665 0.059166666666666666
26 0.39348958333333334 0.25958333333333333 0.009895833333333333 0.029166666666666667
25 0.42161458333333335 0.26666666666666666 0.013020833333333334 0.03333333333333333
24 0.4859375 0.28958333333333336 0.013541666666666667 0.0375
23 0.61953125 0.32875 0.019270833333333334 0.04083333333333333
22 0.8494791666666667 0.41333333333333333 0.03229166666666667 0.06
68 0.1640625 0.24708333333333332 0.013541666666666667 0.0325
69 0.09192708333333334 0.24833333333333332 0.013020833333333334 0.03
70 0.01796875 0.25083333333333335 0.0109375 0.028333333333333332
78 0.053125 0.3179166666666667 0.027083333333333334 0.05583333333333333
67 0.22213541666666667 0.2504166666666667 0.011979166666666667 0.0275
66 0.2669270833333333 0.2554166666666667 0.013020833333333334 0.029166666666666667
65 0.2765625 0.25916666666666666 0.0125 0.03
64 0.33255208333333336 0.2775 0.016145833333333335 0.04
63 0.4192708333333333 0.31916666666666665 0.021875 0.05333333333333334
62 0.5572916666666666 0.39375 0.03333333333333333 0.07083333333333333
28 0.2265625 0.24125 0.008333333333333333 0.024166666666666666
