64 0.5479166666666667 0.4141666666666667 0.0375 0.08666666666666667
63 0.47291666666666665 0.34041666666666665 0.019791666666666666 0.050833333333333335
62 0.465625 0.30541666666666667 0.015625 0.035833333333333335
38 0.7036458333333333 0.34791666666666665 0.021875 0.0475
61 0.4515625 0.28541666666666665 0.015625 0.030833333333333334
78 0.8286458333333333 0.3770833333333333 0.025 0.049166666666666664
39 0.58984375 0.32166666666666666 0.021354166666666667 0.043333333333333335
40 0.5213541666666667 0.2920833333333333 0.016666666666666666 0.0325
41 0.5088541666666667 0.27875 0.013541666666666667 0.035833333333333335
0 0.8231770833333333 0.35041666666666665 0.0140625 0.04583333333333333
56 0.40286458333333336 0.26125 0.011979166666666667 0.0225
57 0.4359375 0.2633333333333333 0.010416666666666666 0.03
20 0.35390625 0.275 0.009895833333333333 0.025
24 0.15755208333333334 0.41541666666666666 0.03697916666666667 0.07916666666666666
23 0.24713541666666666 0.335 0.0203125 0.05
21 0.33151041666666664 0.28541666666666665 0.0109375 0.029166666666666667
22 0.30807291666666664 0.30291666666666667 0.0140625 0.035833333333333335
1 0.7265625 0.32875 0.0125 0.0325
2 0.640625 0.30416666666666664 0.011458333333333333 0.02666666666666667
3 0.6046875 0.28708333333333336 0.011458333333333333 0.025833333333333333
4 0.5809895833333333 0.2758333333333333 0.009895833333333333 0.023333333333333334
77 0.98828125 0.4170833333333333 0.0203125 0.059166666666666666
5 0.5625 0.26708333333333334 0.008333333333333333 0.024166666666666666
42 0.49895833333333334 0.27166666666666667 0.010416666666666666 0.023333333333333334
43 0.49375 0.26625 0.00625 0.0225
44 0.4875 0.26208333333333333 0.008333333333333333 0.024166666666666666
45 0.475 0.25916666666666666 0.009375 0.021666666666666667
