61 0.39557291666666666 0.4375 0.0453125 0.10166666666666667
60 0.29661458333333335 0.3325 0.024479166666666666 0.06166666666666667
40 0.6265625 0.4379166666666667 0.046875 0.09416666666666666
41 0.43333333333333335 0.33458333333333334 0.025 0.0575
42 0.3533854166666667 0.29625 0.018229166666666668 0.0425
43 0.31640625 0.27791666666666665 0.015104166666666667 0.034166666666666665
58 0.26015625 0.29625 0.019270833333333334 0.0425
44 0.290625 0.26666666666666666 0.0125 0.03
57 0.22473958333333333 0.2841666666666667 0.018229166666666668 0.04
45 0.26875 0.2625 0.011458333333333333 0.03
46 0.22864583333333333 0.25666666666666665 0.0125 0.03
56 0.1578125 0.28 0.014583333333333334 0.03333333333333333
20 0.0484375 0.33708333333333335 0.019791666666666666 0.05416666666666667
2 0.9322916666666666 0.45625 0.030208333333333334 0.07083333333333333
3 0.6395833333333333 0.34541666666666665 0.01875 0.04416666666666667
4 0.51015625 0.30791666666666667 0.0140625 0.034166666666666665
5 0.43359375 0.28583333333333333 0.011979166666666667 0.03166666666666667
6 0.4036458333333333 0.2658333333333333 0.008333333333333333 0.02666666666666667
7 0.36484375 0.26625 0.008854166666666666 0.0225
8 0.29661458333333335 0.2554166666666667 0.008854166666666666 0.0225
9 0.2125 0.25 0.009375 0.025
47 0.17447916666666666 0.25583333333333336 0.0125 0.03166666666666667
10 0.1171875 0.2525 0.008333333333333333 0.023333333333333334
19 0.07447916666666667 0.30125 0.014583333333333334 0.0375
18 0.03723958333333333 0.2991666666666667 0.013020833333333334 0.03333333333333333
11 0.0234375 0.25583333333333336 0.007291666666666667 0.023333333333333334
48 0.11171875 0.2554166666666667 0.008854166666666666 0.025833333333333333
55 0.024739583333333332 0.2816666666666667 0.009895833333333333 0.03
