75 0.6690104166666667 0.58375 0.0640625 0.15583333333333332
74 0.4666666666666667 0.4404166666666667 0.04583333333333333 0.10583333333333333
73 0.49192708333333335 0.3645833333333333 0.0328125 0.06916666666666667
72 0.5815104166666667 0.34625 0.027604166666666666 0.0575
71 0.7010416666666667 0.3425 0.025 0.051666666666666666
70 0.8401041666666667 0.35375 0.020833333333333332 0.050833333333333335
69 0.9885416666666667 0.38208333333333333 0.019791666666666666 0.049166666666666664
31 0.5770833333333333 0.30291666666666667 0.015625 0.035833333333333335
32 0.38125 0.29875 0.016666666666666666 0.0475
33 0.20208333333333334 0.3145833333333333 0.022916666666666665 0.05416666666666667
30 0.79765625 0.3275 0.016145833333333335 0.03833333333333333
29 0.9682291666666667 0.3575 0.015625 0.03666666666666667
