32 0.09296875 0.25666666666666665 0.013020833333333334 0.03166666666666667
31 0.22578125 0.24916666666666668 0.011979166666666667 0.03
30 0.38125 0.25458333333333333 0.009375 0.0275
29 0.4984375 0.25875 0.011458333333333333 0.0275
28 0.6440104166666667 0.275 0.011979166666666667 0.03166666666666667
27 0.76171875 0.29833333333333334 0.015104166666666667 0.03666666666666667
38 0.72265625 0.6533333333333333 0.07864583333333333 0.18
78 0.4348958333333333 0.46791666666666665 0.0625 0.11583333333333333
26 0.89140625 0.33541666666666664 0.016145833333333335 0.0375
25 0.9575520833333333 0.35625 0.019270833333333334 0.04583333333333333
68 0.56875 0.2783333333333333 0.016666666666666666 0.03666666666666667
69 0.4744791666666667 0.26625 0.016666666666666666 0.034166666666666665
70 0.37838541666666664 0.2629166666666667 0.015104166666666667 0.034166666666666665
71 0.2838541666666667 0.26208333333333333 0.01875 0.04083333333333333
72 0.20286458333333332 0.26708333333333334 0.0140625 0.0375
73 0.140625 0.27291666666666664 0.019791666666666666 0.0425
74 0.10989583333333333 0.2925 0.021875 0.05
75 0.15625 0.30875 0.028125 0.05416666666666667
77 0.31796875 0.37875 0.043229166666666666 0.07916666666666666
76 0.23177083333333334 0.32916666666666666 0.030208333333333334 0.06333333333333334
67 0.6510416666666666 0.29291666666666666 0.017708333333333333 0.0375
66 0.72109375 0.30833333333333335 0.021354166666666667 0.043333333333333335
65 0.7484375 0.31958333333333333 0.019791666666666666 0.04583333333333333
64 0.8997395833333334 0.3825 0.034895833333333334 0.06333333333333334
