62 0.5497395833333333 0.5120833333333333 0.049479166666666664 0.13083333333333333
40 0.51171875 0.35083333333333333 0.030729166666666665 0.06333333333333334
61 0.35546875 0.3466666666666667 0.027604166666666666 0.06833333333333333
60 0.31197916666666664 0.30083333333333334 0.020833333333333332 0.045
41 0.41744791666666664 0.3016666666666667 0.021354166666666667 0.051666666666666666
42 0.3684895833333333 0.2783333333333333 0.015104166666666667 0.03833333333333333
43 0.34270833333333334 0.26416666666666666 0.0125 0.03
58 0.2903645833333333 0.27791666666666665 0.015104166666666667 0.04083333333333333
44 0.3229166666666667 0.25583333333333336 0.011458333333333333 0.023333333333333334
57 0.2625 0.26958333333333334 0.014583333333333334 0.035833333333333335
45 0.30520833333333336 0.25333333333333335 0.011458333333333333 0.02666666666666667
56 0.20755208333333333 0.26625 0.013020833333333334 0.0325
20 0.12682291666666667 0.3070833333333333 0.015104166666666667 0.04083333333333333
21 0.06927083333333334 0.35625 0.023958333333333335 0.059166666666666666
2 0.7510416666666667 0.36666666666666664 0.021875 0.05
3 0.584375 0.3075 0.015625 0.04
4 0.4986979166666667 0.28291666666666665 0.013020833333333334 0.030833333333333334
5 0.44557291666666665 0.2683333333333333 0.009895833333333333 0.02666666666666667
6 0.42473958333333334 0.2529166666666667 0.009895833333333333 0.0225
8 0.33177083333333335 0.24875 0.009375 0.0225
9 0.25442708333333336 0.24291666666666667 0.0067708333333333336 0.024166666666666666
7 0.3921875 0.25333333333333335 0.008333333333333333 0.023333333333333334
47 0.221875 0.24708333333333332 0.010416666666666666 0.0275
46 0.27057291666666666 0.24875 0.009895833333333333 0.024166666666666666
19 0.140625 0.28375 0.0125 0.034166666666666665
18 0.10885416666666667 0.28125 0.009375 0.0325
17 0.008333333333333333 0.28208333333333335 0.010416666666666666 0.029166666666666667
48 0.16692708333333334 0.25166666666666665 0.008854166666666666 0.021666666666666667
55 0.0953125 0.26916666666666667 0.007291666666666667 0.02
