41 0.6661458333333333 0.45958333333333334 0.052083333333333336 0.1025
42 0.44114583333333335 0.34125 0.026041666666666668 0.059166666666666666
43 0.36276041666666664 0.29833333333333334 0.016145833333333335 0.041666666666666664
60 0.4109375 0.46708333333333335 0.053125 0.1125
58 0.2986979166666667 0.33708333333333335 0.027604166666666666 0.06416666666666666
44 0.31744791666666666 0.27791666666666665 0.015104166666666667 0.034166666666666665
57 0.2390625 0.31333333333333335 0.026041666666666668 0.055
45 0.28880208333333335 0.26875 0.013020833333333334 0.034166666666666665
46 0.23802083333333332 0.2625 0.014583333333333334 0.03
47 0.17109375 0.25958333333333333 0.013020833333333334 0.030833333333333334
56 0.14375 0.3 0.019791666666666666 0.041666666666666664
3 0.9692708333333333 0.4675 0.030208333333333334 0.07333333333333333
4 0.6622395833333333 0.3570833333333333 0.019270833333333334 0.050833333333333335
5 0.5184895833333333 0.31 0.0140625 0.035
6 0.46067708333333335 0.27875 0.009895833333333333 0.030833333333333334
7 0.40625 0.27416666666666667 0.010416666666666666 0.02666666666666667
8 0.31979166666666664 0.26125 0.009375 0.025833333333333333
9 0.21666666666666667 0.25125 0.008333333333333333 0.025833333333333333
10 0.10364583333333334 0.25333333333333335 0.007291666666666667 0.023333333333333334
49 0.019010416666666665 0.26166666666666666 0.008854166666666666 0.028333333333333332
48 0.096875 0.26 0.011458333333333333 0.03166666666666667
