5 0.08203125 0.43375 0.0421875 0.0925
4 0.20833333333333334 0.3229166666666667 0.021875 0.0525
19 0.7989583333333333 0.3591666666666667 0.01875 0.04666666666666667
18 0.9239583333333333 0.3975 0.014583333333333334 0.04833333333333333
21 0.5919270833333333 0.28375 0.0109375 0.034166666666666665
20 0.6635416666666667 0.3129166666666667 0.013541666666666667 0.030833333333333334
22 0.5393229166666667 0.2708333333333333 0.008854166666666666 0.023333333333333334
39 0.3658854166666667 0.2554166666666667 0.011979166666666667 0.030833333333333334
40 0.40208333333333335 0.26916666666666667 0.013541666666666667 0.03333333333333333
26 0.4515625 0.24291666666666667 0.00625 0.020833333333333332
23 0.51015625 0.2579166666666667 0.008854166666666666 0.024166666666666666
25 0.4609375 0.24666666666666667 0.007291666666666667 0.016666666666666666
24 0.47734375 0.2504166666666667 0.008854166666666666 0.020833333333333332
67 0.35572916666666665 0.23583333333333334 0.009375 0.025
69 0.28151041666666665 0.23166666666666666 0.009895833333333333 0.02
29 0.2911458333333333 0.23125 0.009375 0.0175
64 0.40520833333333334 0.24583333333333332 0.009375 0.021666666666666667
63 0.42630208333333336 0.25416666666666665 0.0109375 0.02666666666666667
62 0.440625 0.2604166666666667 0.0125 0.029166666666666667
61 0.47265625 0.27666666666666667 0.0140625 0.028333333333333332
60 0.5114583333333333 0.2945833333333333 0.01875 0.0375
58 0.58515625 0.3329166666666667 0.024479166666666666 0.05583333333333333
41 0.41770833333333335 0.2866666666666667 0.01875 0.045
42 0.4518229166666667 0.325 0.027604166666666666 0.056666666666666664
68 0.3234375 0.23541666666666666 0.009375 0.020833333333333332
38 0.32369791666666664 0.25375 0.008854166666666666 0.0225
57 0.6921875 0.3720833333333333 0.03333333333333333 0.06916666666666667
43 0.5369791666666667 0.44 0.04375 0.09833333333333333
56 0.9098958333333333 0.43041666666666667 0.03333333333333333 0.06583333333333333
78 0.28854166666666664 0.24875 0.011458333333333333 0.0275
77 0.259375 0.24583333333333332 0.009375 0.023333333333333334
2 0.27838541666666666 0.2658333333333333 0.0140625 0.03333333333333333
3 0.253125 0.2825 0.016666666666666666 0.03833333333333333
