21 0.78984375 0.40958333333333335 0.027604166666666666 0.060833333333333336
22 0.5598958333333334 0.33875 0.01875 0.0425
39 0.20989583333333334 0.32125 0.021875 0.049166666666666664
29 0.0859375 0.25375 0.008333333333333333 0.019166666666666665
27 0.2526041666666667 0.25916666666666666 0.009375 0.023333333333333334
40 0.33645833333333336 0.39708333333333334 0.034375 0.0775
38 0.12291666666666666 0.30625 0.015625 0.04083333333333333
26 0.31927083333333334 0.2658333333333333 0.009375 0.025
25 0.3377604166666667 0.27125 0.0109375 0.029166666666666667
24 0.37838541666666664 0.2833333333333333 0.011979166666666667 0.03
23 0.4557291666666667 0.30291666666666667 0.013541666666666667 0.034166666666666665
41 0.66484375 0.7366666666666667 0.08697916666666666 0.205
68 0.13072916666666667 0.2604166666666667 0.010416666666666666 0.024166666666666666
69 0.06979166666666667 0.25916666666666666 0.011458333333333333 0.021666666666666667
78 0.06041666666666667 0.3 0.019791666666666666 0.041666666666666664
77 0.01484375 0.2925 0.0171875 0.04
70 0.008854166666666666 0.26208333333333333 0.009375 0.025833333333333333
67 0.17864583333333334 0.2608333333333333 0.011458333333333333 0.02666666666666667
66 0.21536458333333333 0.2654166666666667 0.009895833333333333 0.0275
65 0.22239583333333332 0.26625 0.009375 0.0275
64 0.26119791666666664 0.27708333333333335 0.013020833333333334 0.0325
63 0.31197916666666664 0.29875 0.017708333333333333 0.0375
62 0.36770833333333336 0.32958333333333334 0.020833333333333332 0.0475
61 0.52578125 0.39625 0.03177083333333333 0.0775
28 0.1828125 0.25625 0.007291666666666667 0.0175
30 0.005729166666666666 0.2579166666666667 0.007291666666666667 0.020833333333333332
