38 0.5802083333333333 0.5695833333333333 0.05520833333333333 0.15416666666666667
78 0.33229166666666665 0.43666666666666665 0.051041666666666666 0.105
77 0.22447916666666667 0.36541666666666667 0.03958333333333333 0.08083333333333333
76 0.13515625 0.3204166666666667 0.0296875 0.060833333333333336
75 0.06015625 0.3020833333333333 0.025520833333333333 0.0525
74 0.011197916666666667 0.28791666666666665 0.019270833333333334 0.049166666666666664
73 0.03958333333333333 0.2708333333333333 0.017708333333333333 0.03833333333333333
72 0.10052083333333334 0.2629166666666667 0.015625 0.034166666666666665
71 0.18020833333333333 0.2554166666666667 0.016666666666666666 0.034166666666666665
70 0.27291666666666664 0.25583333333333336 0.011458333333333333 0.028333333333333332
69 0.36692708333333335 0.25708333333333333 0.013020833333333334 0.034166666666666665
68 0.45807291666666666 0.26625 0.0171875 0.034166666666666665
67 0.5388020833333333 0.27875 0.0171875 0.035833333333333335
66 0.6036458333333333 0.2920833333333333 0.01875 0.03916666666666667
65 0.6302083333333334 0.30291666666666667 0.019791666666666666 0.04083333333333333
64 0.7671875 0.35375 0.030208333333333334 0.059166666666666666
31 0.12161458333333333 0.24541666666666667 0.009895833333333333 0.029166666666666667
29 0.38958333333333334 0.25 0.010416666666666666 0.02666666666666667
28 0.53203125 0.26375 0.0109375 0.029166666666666667
27 0.6455729166666667 0.2825 0.013020833333333334 0.03166666666666667
26 0.76796875 0.3125 0.016145833333333335 0.035
25 0.828125 0.3329166666666667 0.01875 0.03916666666666667
24 0.9854166666666667 0.39416666666666667 0.020833333333333332 0.051666666666666666
