42 0.6002604166666666 0.4354166666666667 0.04010416666666667 0.08916666666666667
43 0.4244791666666667 0.34041666666666665 0.025 0.05416666666666667
58 0.3776041666666667 0.44 0.042708333333333334 0.09833333333333333
44 0.3502604166666667 0.30333333333333334 0.0171875 0.041666666666666664
57 0.26614583333333336 0.37583333333333335 0.036458333333333336 0.07333333333333333
45 0.3125 0.29125 0.017708333333333333 0.04083333333333333
46 0.24869791666666666 0.2825 0.016145833333333335 0.03833333333333333
47 0.16848958333333333 0.27875 0.016145833333333335 0.035833333333333335
56 0.1265625 0.34875 0.028125 0.0625
4 0.8963541666666667 0.45 0.028125 0.06833333333333333
5 0.6255208333333333 0.3541666666666667 0.017708333333333333 0.04833333333333333
6 0.5244791666666667 0.30375 0.0125 0.034166666666666665
7 0.44921875 0.29625 0.011979166666666667 0.0325
8 0.34348958333333335 0.2783333333333333 0.0109375 0.028333333333333332
9 0.221875 0.26916666666666667 0.009375 0.028333333333333332
10 0.09010416666666667 0.2708333333333333 0.010416666666666666 0.03166666666666667
48 0.08072916666666667 0.28041666666666665 0.014583333333333334 0.0425
