38 0.54140625 0.5429166666666667 0.05260416666666667 0.13916666666666666
78 0.3140625 0.42041666666666666 0.04791666666666667 0.09916666666666667
77 0.21171875 0.3575 0.03697916666666667 0.075
76 0.12604166666666666 0.31666666666666665 0.029166666666666667 0.06
75 0.05234375 0.29833333333333334 0.0265625 0.051666666666666666
73 0.030729166666666665 0.2683333333333333 0.016666666666666666 0.03833333333333333
72 0.09010416666666667 0.26 0.017708333333333333 0.03666666666666667
71 0.16848958333333333 0.25416666666666665 0.0171875 0.035
70 0.26067708333333334 0.25166666666666665 0.0140625 0.03
69 0.35390625 0.25458333333333333 0.013020833333333334 0.034166666666666665
68 0.4440104166666667 0.26125 0.016145833333333335 0.034166666666666665
67 0.5234375 0.27458333333333335 0.016666666666666666 0.0375
66 0.5872395833333334 0.28708333333333336 0.018229166666666668 0.0375
65 0.61171875 0.2975 0.016145833333333335 0.04
64 0.74296875 0.34708333333333335 0.028645833333333332 0.059166666666666666
31 0.11067708333333333 0.24333333333333335 0.011979166666666667 0.028333333333333332
29 0.3765625 0.24708333333333332 0.010416666666666666 0.0275
28 0.5184895833333333 0.2608333333333333 0.011979166666666667 0.02666666666666667
27 0.6294270833333333 0.27958333333333335 0.013020833333333334 0.030833333333333334
26 0.7489583333333333 0.3070833333333333 0.016666666666666666 0.035833333333333335
25 0.8072916666666666 0.32625 0.016666666666666666 0.04416666666666667
24 0.9575520833333333 0.3858333333333333 0.0203125 0.05
