78 0.5294270833333333 0.5608333333333333 0.0765625 0.14666666666666667
77 0.35546875 0.42541666666666667 0.050520833333333334 0.10083333333333333
76 0.24166666666666667 0.35833333333333334 0.035416666666666666 0.07166666666666667
75 0.15442708333333333 0.3308333333333333 0.0296875 0.058333333333333334
74 0.10286458333333333 0.3120833333333333 0.0234375 0.050833333333333335
73 0.13645833333333332 0.28875 0.019791666666666666 0.04083333333333333
72 0.2015625 0.2825 0.01875 0.03833333333333333
71 0.2877604166666667 0.27541666666666664 0.0171875 0.035833333333333335
70 0.38776041666666666 0.27708333333333335 0.0140625 0.0275
69 0.48854166666666665 0.28291666666666665 0.014583333333333334 0.035833333333333335
68 0.5890625 0.29375 0.016666666666666666 0.0375
67 0.6783854166666666 0.3095833333333333 0.018229166666666668 0.0375
66 0.75546875 0.3283333333333333 0.019270833333333334 0.041666666666666664
65 0.7924479166666667 0.34208333333333335 0.0203125 0.04583333333333333
64 0.98359375 0.4191666666666667 0.027604166666666666 0.07
31 0.22473958333333333 0.2633333333333333 0.011979166666666667 0.03
32 0.08411458333333334 0.26875 0.013020833333333334 0.0325
29 0.5098958333333333 0.2725 0.011458333333333333 0.03
28 0.6638020833333333 0.29333333333333333 0.011979166666666667 0.03
27 0.7903645833333334 0.31583333333333335 0.0140625 0.035
26 0.9328125 0.355 0.016666666666666666 0.04
