6 0.27630208333333334 0.3983333333333333 0.0359375 0.08833333333333333
5 0.62578125 0.34625 0.022395833333333334 0.0575
4 0.7299479166666667 0.3120833333333333 0.0171875 0.03916666666666667
45 0.8622395833333333 0.7975 0.08385416666666666 0.22333333333333333
38 0.8682291666666667 0.27875 0.009375 0.024166666666666666
39 0.9044270833333333 0.28708333333333336 0.0140625 0.025833333333333333
44 0.8200520833333333 0.525 0.0515625 0.12
43 0.8822916666666667 0.37875 0.030208333333333334 0.06416666666666666
40 0.9223958333333333 0.29791666666666666 0.016666666666666666 0.030833333333333334
64 0.9536458333333333 0.28041666666666665 0.013541666666666667 0.020833333333333332
63 0.96484375 0.28875 0.009895833333333333 0.0225
62 0.97109375 0.29625 0.0109375 0.025833333333333333
61 0.9854166666666667 0.30583333333333335 0.016666666666666666 0.03333333333333333
41 0.9151041666666667 0.30875 0.017708333333333333 0.035833333333333335
42 0.9083333333333333 0.3329166666666667 0.022916666666666665 0.04583333333333333
78 0.840625 0.27541666666666664 0.0125 0.024166666666666666
77 0.8184895833333333 0.27125 0.011979166666666667 0.0225
2 0.81640625 0.28541666666666665 0.0109375 0.029166666666666667
3 0.78203125 0.29125 0.013020833333333334 0.0375
