61 0.6627604166666666 0.7454166666666666 0.09010416666666667 0.2125
60 0.3390625 0.3883333333333333 0.036458333333333336 0.08
41 0.5333333333333333 0.38708333333333333 0.0375 0.08083333333333333
42 0.39375 0.31583333333333335 0.021875 0.051666666666666666
43 0.33489583333333334 0.28708333333333336 0.015625 0.0375
58 0.27265625 0.31666666666666665 0.0234375 0.05333333333333334
44 0.3 0.27125 0.013541666666666667 0.030833333333333334
57 0.22682291666666668 0.2995833333333333 0.021354166666666667 0.0475
45 0.27369791666666665 0.26375 0.0140625 0.030833333333333334
46 0.22838541666666667 0.26166666666666666 0.0140625 0.03333333333333333
47 0.16692708333333334 0.2575 0.013020833333333334 0.03
56 0.14479166666666668 0.29 0.016666666666666666 0.03833333333333333
19 0.03333333333333333 0.32458333333333333 0.020833333333333332 0.0475
3 0.7966145833333333 0.3983333333333333 0.025520833333333333 0.065
4 0.5841145833333333 0.32916666666666666 0.0171875 0.043333333333333335
5 0.4744791666666667 0.2945833333333333 0.013541666666666667 0.034166666666666665
6 0.43020833333333336 0.26916666666666667 0.009375 0.03166666666666667
7 0.38255208333333335 0.2675 0.009895833333333333 0.025
8 0.30364583333333334 0.25625 0.009375 0.0225
9 0.20833333333333334 0.24791666666666667 0.009375 0.025833333333333333
10 0.10338541666666666 0.2529166666666667 0.008854166666666666 0.024166666666666666
49 0.026302083333333334 0.2633333333333333 0.009895833333333333 0.03166666666666667
48 0.09661458333333334 0.2575 0.013020833333333334 0.03
