66 0.79765625 0.5579166666666666 0.058854166666666666 0.13916666666666666
65 0.9015625 0.45958333333333334 0.03958333333333333 0.0925
64 0.96171875 0.3675 0.0234375 0.056666666666666664
63 0.990625 0.34125 0.016666666666666666 0.04083333333333333
24 0.734375 0.33666666666666667 0.020833333333333332 0.04833333333333333
26 0.2526041666666667 0.42791666666666667 0.03958333333333333 0.09083333333333334
25 0.51796875 0.3720833333333333 0.034895833333333334 0.0675
23 0.82578125 0.31625 0.018229166666666668 0.03916666666666667
22 0.9 0.31083333333333335 0.0125 0.03166666666666667
21 0.9375 0.30291666666666667 0.010416666666666666 0.0275
