61 0.63828125 0.7220833333333333 0.0859375 0.20583333333333334
60 0.33619791666666665 0.38333333333333336 0.034895833333333334 0.08333333333333333
41 0.52578125 0.38375 0.0359375 0.07583333333333334
42 0.39036458333333335 0.31666666666666665 0.0203125 0.051666666666666666
43 0.3333333333333333 0.2866666666666667 0.016666666666666666 0.03833333333333333
58 0.271875 0.315 0.021875 0.051666666666666666
44 0.2981770833333333 0.27166666666666667 0.0140625 0.03166666666666667
57 0.22630208333333332 0.2991666666666667 0.0203125 0.04666666666666667
45 0.27317708333333335 0.2658333333333333 0.0140625 0.03166666666666667
46 0.22734375 0.26166666666666666 0.013020833333333334 0.03166666666666667
47 0.1671875 0.2575 0.0125 0.03333333333333333
56 0.14479166666666668 0.28958333333333336 0.016666666666666666 0.03916666666666667
19 0.0359375 0.32416666666666666 0.020833333333333332 0.04833333333333333
3 0.7869791666666667 0.3975 0.025 0.06
4 0.5794270833333334 0.3283333333333333 0.016145833333333335 0.041666666666666664
5 0.4713541666666667 0.29583333333333334 0.0125 0.03333333333333333
6 0.4278645833333333 0.2708333333333333 0.009895833333333333 0.03166666666666667
7 0.3807291666666667 0.2683333333333333 0.010416666666666666 0.02666666666666667
8 0.3033854166666667 0.2554166666666667 0.009895833333333333 0.025833333333333333
9 0.20807291666666666 0.24875 0.008854166666666666 0.0275
10 0.10416666666666667 0.25333333333333335 0.008333333333333333 0.023333333333333334
49 0.026822916666666665 0.2633333333333333 0.008854166666666666 0.03
48 0.09661458333333334 0.25875 0.0140625 0.0275
