41 0.95703125 0.6266666666666667 0.06822916666666666 0.15
42 0.5192708333333333 0.38916666666666666 0.034375 0.07333333333333333
43 0.39869791666666665 0.32625 0.022395833333333334 0.0475
60 0.6028645833333334 0.68875 0.08177083333333333 0.1925
58 0.3390625 0.38916666666666666 0.034375 0.08
44 0.3390625 0.2975 0.015625 0.03666666666666667
57 0.25703125 0.34833333333333333 0.0296875 0.06333333333333334
45 0.3065104166666667 0.2866666666666667 0.016145833333333335 0.03833333333333333
46 0.24817708333333333 0.27958333333333335 0.018229166666666668 0.0375
47 0.175 0.27666666666666667 0.014583333333333334 0.03166666666666667
56 0.14114583333333333 0.33 0.025 0.051666666666666666
4 0.7815104166666667 0.40875 0.022395833333333334 0.059166666666666666
5 0.5778645833333333 0.34 0.018229166666666668 0.04
6 0.4984375 0.29833333333333334 0.010416666666666666 0.03333333333333333
7 0.4348958333333333 0.29291666666666666 0.011458333333333333 0.029166666666666667
8 0.3375 0.27958333333333335 0.010416666666666666 0.0225
9 0.22552083333333334 0.26666666666666666 0.009375 0.02666666666666667
10 0.10208333333333333 0.2704166666666667 0.009375 0.025833333333333333
48 0.09427083333333333 0.2775 0.010416666666666666 0.03
49 0.0078125 0.27958333333333335 0.009375 0.029166666666666667
