4 0.025260416666666667 0.4166666666666667 0.03697916666666667 0.08333333333333333
19 0.8901041666666667 0.42375 0.022916666666666665 0.059166666666666666
21 0.53046875 0.30666666666666664 0.0140625 0.035
20 0.6486979166666667 0.34375 0.018229166666666668 0.0475
22 0.45234375 0.2866666666666667 0.009895833333333333 0.028333333333333332
39 0.246875 0.27875 0.0125 0.030833333333333334
40 0.296875 0.29541666666666666 0.017708333333333333 0.04083333333333333
26 0.33515625 0.25375 0.0078125 0.0225
23 0.41119791666666666 0.27416666666666667 0.0109375 0.02666666666666667
25 0.346875 0.2575 0.008333333333333333 0.025
24 0.3690104166666667 0.26458333333333334 0.0078125 0.0225
3 0.10442708333333334 0.32708333333333334 0.0203125 0.050833333333333335
41 0.33098958333333334 0.3229166666666667 0.0234375 0.05583333333333333
69 0.14557291666666666 0.24833333333333332 0.008854166666666666 0.021666666666666667
70 0.09895833333333333 0.25 0.009375 0.02
67 0.22864583333333333 0.2504166666666667 0.008333333333333333 0.020833333333333332
66 0.25625 0.25416666666666665 0.007291666666666667 0.02
65 0.2609375 0.25458333333333333 0.007291666666666667 0.019166666666666665
68 0.19192708333333333 0.24875 0.0078125 0.020833333333333332
29 0.15625 0.24666666666666667 0.007291666666666667 0.02
64 0.28671875 0.2579166666666667 0.0109375 0.0275
63 0.3145833333333333 0.26958333333333334 0.011458333333333333 0.024166666666666666
62 0.33645833333333336 0.27708333333333335 0.011458333333333333 0.03916666666666667
61 0.38619791666666664 0.30041666666666667 0.0171875 0.04083333333333333
60 0.4549479166666667 0.33 0.0234375 0.04833333333333333
58 0.6169270833333333 0.4025 0.030729166666666665 0.08166666666666667
42 0.4234375 0.40041666666666664 0.03854166666666667 0.08583333333333333
38 0.19427083333333334 0.27125 0.011458333333333333 0.029166666666666667
30 0.09322916666666667 0.24875 0.005208333333333333 0.0175
57 0.85234375 0.48833333333333334 0.0484375 0.095
43 0.9333333333333333 0.88875 0.11041666666666666 0.21916666666666668
78 0.153125 0.2679166666666667 0.0125 0.030833333333333334
77 0.11927083333333334 0.26458333333333334 0.011458333333333333 0.029166666666666667
1 0.121875 0.2833333333333333 0.009375 0.021666666666666667
2 0.140625 0.29583333333333334 0.014583333333333334 0.04
