64 0.90546875 0.8541666666666666 0.11302083333333333 0.245
63 0.40390625 0.42041666666666666 0.03802083333333333 0.08416666666666667
62 0.34270833333333334 0.33666666666666667 0.022916666666666665 0.055
38 0.7244791666666667 0.4058333333333333 0.027083333333333334 0.065
61 0.30546875 0.2975 0.0171875 0.04
78 0.94296875 0.4625 0.034895833333333334 0.075
39 0.5291666666666667 0.35541666666666666 0.028125 0.060833333333333336
40 0.3963541666666667 0.30291666666666667 0.015625 0.04083333333333333
60 0.29453125 0.2808333333333333 0.011979166666666667 0.03166666666666667
41 0.36640625 0.2816666666666667 0.015104166666666667 0.03666666666666667
42 0.34609375 0.26916666666666667 0.011979166666666667 0.03166666666666667
43 0.3338541666666667 0.26166666666666666 0.010416666666666666 0.025
58 0.28802083333333334 0.2675 0.010416666666666666 0.028333333333333332
0 0.8380208333333333 0.39958333333333335 0.01875 0.0475
44 0.3229166666666667 0.255 0.009375 0.025
57 0.27005208333333336 0.2629166666666667 0.0109375 0.025833333333333333
56 0.22916666666666666 0.26 0.011458333333333333 0.025
20 0.1734375 0.27791666666666665 0.010416666666666666 0.030833333333333334
21 0.1453125 0.29625 0.013541666666666667 0.0375
22 0.11380208333333333 0.3333333333333333 0.019270833333333334 0.05
1 0.6880208333333333 0.3566666666666667 0.020833333333333332 0.045
2 0.5484375 0.3154166666666667 0.013541666666666667 0.035833333333333335
3 0.4830729166666667 0.28833333333333333 0.009895833333333333 0.03166666666666667
4 0.4427083333333333 0.27541666666666664 0.010416666666666666 0.024166666666666666
5 0.41484375 0.2675 0.0078125 0.021666666666666667
7 0.38307291666666665 0.25583333333333336 0.0078125 0.023333333333333334
6 0.40651041666666665 0.25583333333333336 0.0067708333333333336 0.021666666666666667
47 0.2421875 0.25 0.008333333333333333 0.02
45 0.3109375 0.25083333333333335 0.009375 0.02666666666666667
19 0.18072916666666666 0.26708333333333334 0.009375 0.029166666666666667
