61 0.4783854166666667 0.54375 0.06822916666666666 0.14583333333333334
60 0.30885416666666665 0.35875 0.029166666666666667 0.06916666666666667
40 0.7875 0.5333333333333333 0.05625 0.12166666666666667
41 0.471875 0.3591666666666667 0.030208333333333334 0.06833333333333333
42 0.36744791666666665 0.31 0.0203125 0.04833333333333333
43 0.31953125 0.2833333333333333 0.0140625 0.03833333333333333
58 0.2598958333333333 0.3070833333333333 0.01875 0.0475
44 0.28932291666666665 0.27291666666666664 0.0140625 0.0325
57 0.21875 0.29291666666666666 0.01875 0.04583333333333333
45 0.26536458333333335 0.26666666666666666 0.013020833333333334 0.03
46 0.22239583333333332 0.2629166666666667 0.013541666666666667 0.029166666666666667
56 0.14479166666666668 0.28791666666666665 0.015625 0.035833333333333335
19 0.04973958333333333 0.31916666666666665 0.0171875 0.03833333333333333
3 0.7072916666666667 0.37166666666666665 0.021875 0.051666666666666666
4 0.53984375 0.31833333333333336 0.016145833333333335 0.04
5 0.44895833333333335 0.2920833333333333 0.011458333333333333 0.034166666666666665
6 0.4114583333333333 0.27166666666666667 0.010416666666666666 0.03
7 0.3684895833333333 0.26916666666666667 0.009895833333333333 0.025
8 0.2947916666666667 0.25958333333333333 0.008333333333333333 0.024166666666666666
9 0.2046875 0.25333333333333335 0.008333333333333333 0.023333333333333334
47 0.16458333333333333 0.2579166666666667 0.013541666666666667 0.034166666666666665
10 0.1046875 0.2579166666666667 0.008333333333333333 0.024166666666666666
18 0.010416666666666666 0.3120833333333333 0.016666666666666666 0.0375
49 0.0328125 0.2629166666666667 0.010416666666666666 0.025833333333333333
11 0.005729166666666666 0.2608333333333333 0.008333333333333333 0.02666666666666667
48 0.1 0.26 0.009375 0.023333333333333334
