62 0.5838541666666667 0.54125 0.053125 0.13583333333333333
40 0.5236979166666667 0.3591666666666667 0.03177083333333333 0.065
61 0.3619791666666667 0.355 0.029166666666666667 0.07
60 0.31302083333333336 0.30291666666666667 0.022916666666666665 0.049166666666666664
41 0.4231770833333333 0.30333333333333334 0.019270833333333334 0.04833333333333333
42 0.37005208333333334 0.2791666666666667 0.015104166666666667 0.03833333333333333
43 0.34348958333333335 0.2658333333333333 0.013020833333333334 0.03166666666666667
58 0.2908854166666667 0.2808333333333333 0.016145833333333335 0.04
44 0.32421875 0.2579166666666667 0.011979166666666667 0.0275
57 0.26145833333333335 0.27375 0.016666666666666666 0.0325
45 0.3046875 0.25583333333333336 0.0125 0.03166666666666667
56 0.20677083333333332 0.27 0.013541666666666667 0.03
20 0.12317708333333334 0.30875 0.015104166666666667 0.03916666666666667
21 0.062239583333333334 0.3645833333333333 0.0234375 0.0625
2 0.7697916666666667 0.375 0.022916666666666665 0.051666666666666666
3 0.5924479166666666 0.31166666666666665 0.016145833333333335 0.03833333333333333
4 0.503125 0.2875 0.0125 0.035
5 0.4471354166666667 0.2704166666666667 0.0109375 0.025833333333333333
6 0.42526041666666664 0.25375 0.0078125 0.0225
8 0.33177083333333335 0.24791666666666667 0.009375 0.025833333333333333
9 0.25338541666666664 0.24416666666666667 0.0078125 0.021666666666666667
7 0.3932291666666667 0.25458333333333333 0.008333333333333333 0.025833333333333333
10 0.16901041666666666 0.24875 0.008854166666666666 0.0225
47 0.22109375 0.25 0.009895833333333333 0.02666666666666667
46 0.26901041666666664 0.25 0.0109375 0.02666666666666667
19 0.13828125 0.285 0.0140625 0.035
18 0.10546875 0.28541666666666665 0.008854166666666666 0.029166666666666667
48 0.16458333333333333 0.2525 0.008333333333333333 0.021666666666666667
55 0.09140625 0.27166666666666667 0.0078125 0.023333333333333334
