76 0.5671875 0.5104166666666666 0.05625 0.12583333333333332
75 0.38619791666666664 0.4191666666666667 0.034895833333333334 0.08833333333333333
74 0.30078125 0.3729166666666667 0.028645833333333332 0.07083333333333333
73 0.3416666666666667 0.33666666666666667 0.025 0.055
72 0.42135416666666664 0.32416666666666666 0.020833333333333332 0.051666666666666666
71 0.52578125 0.31833333333333336 0.021354166666666667 0.041666666666666664
70 0.6458333333333334 0.32166666666666666 0.019791666666666666 0.04
69 0.7700520833333333 0.33375 0.0171875 0.04083333333333333
68 0.8984375 0.35625 0.020833333333333332 0.04416666666666667
31 0.43984375 0.29583333333333334 0.0140625 0.035
32 0.2721354166666667 0.2991666666666667 0.015104166666666667 0.04
33 0.128125 0.31666666666666665 0.019791666666666666 0.045
30 0.6307291666666667 0.30583333333333335 0.013541666666666667 0.03333333333333333
28 0.9671875 0.35208333333333336 0.016666666666666666 0.034166666666666665
29 0.7768229166666667 0.32 0.013020833333333334 0.03666666666666667
