6 0.10494791666666667 0.44583333333333336 0.04739583333333333 0.10833333333333334
5 0.5036458333333333 0.35541666666666666 0.026041666666666668 0.060833333333333336
4 0.6028645833333334 0.31125 0.018229166666666668 0.04083333333333333
21 0.9596354166666666 0.3145833333333333 0.013020833333333334 0.0325
22 0.92421875 0.2991666666666667 0.009895833333333333 0.025
44 0.7966145833333333 0.5929166666666666 0.06302083333333333 0.14916666666666667
39 0.7640625 0.27791666666666665 0.016666666666666666 0.029166666666666667
40 0.7885416666666667 0.29 0.014583333333333334 0.03
23 0.903125 0.2866666666666667 0.010416666666666666 0.028333333333333332
64 0.8080729166666667 0.26958333333333334 0.011979166666666667 0.020833333333333332
63 0.8234375 0.27875 0.0125 0.020833333333333332
62 0.8307291666666666 0.28541666666666665 0.013541666666666667 0.025833333333333333
24 0.8786458333333333 0.2825 0.009375 0.021666666666666667
61 0.8505208333333333 0.2975 0.015625 0.03166666666666667
60 0.8684895833333334 0.3129166666666667 0.019270833333333334 0.035833333333333335
58 0.8986979166666667 0.34208333333333335 0.021354166666666667 0.0525
41 0.78671875 0.3020833333333333 0.0171875 0.0375
42 0.7901041666666667 0.3283333333333333 0.025 0.045
57 0.9619791666666667 0.3675 0.027083333333333334 0.056666666666666664
43 0.7869791666666667 0.38333333333333336 0.030208333333333334 0.07
78 0.6984375 0.2675 0.013541666666666667 0.025
77 0.67578125 0.26458333333333334 0.0140625 0.025833333333333333
2 0.68046875 0.2775 0.0140625 0.03
3 0.6502604166666667 0.28541666666666665 0.0140625 0.034166666666666665
