19 0.9354166666666667 0.445 0.025 0.06333333333333334
21 0.5286458333333334 0.3104166666666667 0.0125 0.035833333333333335
20 0.6604166666666667 0.35083333333333333 0.020833333333333332 0.045
22 0.4453125 0.28833333333333333 0.009375 0.02666666666666667
39 0.23072916666666668 0.2791666666666667 0.013541666666666667 0.03166666666666667
40 0.28541666666666665 0.2991666666666667 0.016666666666666666 0.043333333333333335
26 0.32005208333333335 0.25333333333333335 0.0078125 0.023333333333333334
23 0.39895833333333336 0.275 0.010416666666666666 0.021666666666666667
25 0.3328125 0.25625 0.008333333333333333 0.024166666666666666
24 0.35546875 0.265 0.0078125 0.025
3 0.07890625 0.33625 0.0234375 0.05583333333333333
41 0.32473958333333336 0.33375 0.025520833333333333 0.059166666666666666
69 0.12630208333333334 0.24791666666666667 0.008854166666666666 0.0225
78 0.13385416666666666 0.27125 0.013541666666666667 0.030833333333333334
70 0.07734375 0.2504166666666667 0.008854166666666666 0.024166666666666666
67 0.21171875 0.25166666666666665 0.008854166666666666 0.023333333333333334
66 0.23880208333333333 0.2525 0.0078125 0.021666666666666667
65 0.24505208333333334 0.2520833333333333 0.0067708333333333336 0.020833333333333332
68 0.17265625 0.24833333333333332 0.008854166666666666 0.021666666666666667
29 0.13723958333333333 0.24666666666666667 0.0067708333333333336 0.018333333333333333
64 0.2708333333333333 0.26 0.010416666666666666 0.023333333333333334
63 0.30104166666666665 0.2704166666666667 0.011458333333333333 0.030833333333333334
62 0.32317708333333334 0.28041666666666665 0.016145833333333335 0.035833333333333335
61 0.37734375 0.30291666666666667 0.0171875 0.04083333333333333
60 0.45677083333333335 0.3358333333333333 0.025 0.055
58 0.6479166666666667 0.425 0.03854166666666667 0.08333333333333333
42 0.4393229166666667 0.43125 0.044270833333333336 0.09416666666666666
38 0.1765625 0.27208333333333334 0.0125 0.034166666666666665
30 0.07317708333333334 0.25125 0.0067708333333333336 0.0175
57 0.9401041666666666 0.5354166666666667 0.053125 0.10916666666666666
77 0.09817708333333333 0.2658333333333333 0.011979166666666667 0.028333333333333332
1 0.09921875 0.28458333333333335 0.009895833333333333 0.024166666666666666
2 0.11770833333333333 0.30083333333333334 0.016666666666666666 0.03833333333333333
