32 0.14270833333333333 0.26375 0.011458333333333333 0.0325
33 0.03125 0.27541666666666664 0.014583333333333334 0.0375
31 0.28020833333333334 0.25833333333333336 0.011458333333333333 0.03166666666666667
29 0.5604166666666667 0.2733333333333333 0.011458333333333333 0.03166666666666667
28 0.7122395833333334 0.29625 0.0140625 0.0325
27 0.8359375 0.3229166666666667 0.015625 0.0375
38 0.95546875 0.82875 0.0859375 0.23916666666666667
78 0.54140625 0.53125 0.07447916666666667 0.14583333333333334
26 0.9752604166666666 0.3620833333333333 0.016145833333333335 0.034166666666666665
68 0.6359375 0.295 0.017708333333333333 0.035
69 0.5372395833333333 0.2825 0.0171875 0.03666666666666667
70 0.43828125 0.27666666666666667 0.0140625 0.03333333333333333
71 0.34010416666666665 0.27541666666666664 0.015625 0.0375
72 0.25625 0.27708333333333335 0.017708333333333333 0.04083333333333333
73 0.19296875 0.28541666666666665 0.018229166666666668 0.04416666666666667
74 0.15989583333333332 0.30333333333333334 0.022916666666666665 0.04833333333333333
75 0.20989583333333334 0.32 0.028125 0.058333333333333334
77 0.39140625 0.41208333333333336 0.043229166666666666 0.0875
76 0.2903645833333333 0.34875 0.03177083333333333 0.0675
67 0.7236979166666667 0.3120833333333333 0.018229166666666668 0.03916666666666667
66 0.7979166666666667 0.33166666666666667 0.021875 0.043333333333333335
65 0.83203125 0.3458333333333333 0.0203125 0.04666666666666667
