0 0.303125 0.5816666666666667 0.07083333333333333 0.19333333333333333
0 0.6239583333333333 0.33875 0.026041666666666668 0.07416666666666667
0 0.5796875 0.305 0.026041666666666668 0.06
0 0.4119791666666667 0.25583333333333336 0.017708333333333333 0.05333333333333334
0 0.3028645833333333 0.21541666666666667 0.0109375 0.03916666666666667
0 0.290625 0.19583333333333333 0.007291666666666667 0.03666666666666667
0 0.34817708333333336 0.18833333333333332 0.008854166666666666 0.03666666666666667
0 0.8981770833333333 0.25458333333333333 0.008854166666666666 0.025833333333333333
0 0.7747395833333334 0.23291666666666666 0.0109375 0.029166666666666667
1 0.93203125 0.35375 0.0296875 0.0725
1 0.8111979166666666 0.30333333333333334 0.024479166666666666 0.055
1 0.8471354166666667 0.255 0.011979166666666667 0.03333333333333333
1 0.9234375 0.2758333333333333 0.014583333333333334 0.03666666666666667
1 0.9841145833333333 0.29625 0.016145833333333335 0.0375
