0 0.18203125 0.7166666666666667 0.0765625 0.24
0 0.5411458333333333 0.3433333333333333 0.027083333333333334 0.09
1 0.7276041666666667 0.2733333333333333 0.023958333333333335 0.056666666666666664
0 0.44505208333333335 0.235 0.016145833333333335 0.04833333333333333
0 0.4270833333333333 0.22041666666666668 0.015625 0.035833333333333335
0 0.40338541666666666 0.20916666666666667 0.011979166666666667 0.035
0 0.36770833333333336 0.19166666666666668 0.0125 0.03333333333333333
0 0.41692708333333334 0.17708333333333334 0.0109375 0.030833333333333334
0 0.48463541666666665 0.175 0.009895833333333333 0.02666666666666667
0 0.7888020833333333 0.2075 0.008854166666666666 0.025
0 0.5791666666666667 0.17833333333333334 0.010416666666666666 0.023333333333333334
1 0.9598958333333333 0.3904166666666667 0.03854166666666667 0.08916666666666667
0 0.9919270833333333 0.25708333333333333 0.008854166666666666 0.025833333333333333
1 0.8106770833333333 0.30916666666666665 0.024479166666666666 0.06333333333333334
1 0.67265625 0.2475 0.0203125 0.04833333333333333
1 0.6151041666666667 0.22416666666666665 0.017708333333333333 0.041666666666666664
1 0.5614583333333333 0.21291666666666667 0.019791666666666666 0.034166666666666665
1 0.5229166666666667 0.20125 0.015625 0.0325
1 0.5333333333333333 0.195 0.013541666666666667 0.03333333333333333
1 0.5705729166666667 0.1925 0.0140625 0.03166666666666667
1 0.6270833333333333 0.19666666666666666 0.0125 0.03166666666666667
1 0.7690104166666667 0.21208333333333335 0.011979166666666667 0.034166666666666665
1 0.8390625 0.22666666666666666 0.0125 0.028333333333333332
1 0.9458333333333333 0.25708333333333333 0.0125 0.029166666666666667
1 0.69765625 0.20291666666666666 0.009895833333333333 0.0225
1 0.9575520833333333 0.2625 0.011979166666666667 0.035
1 0.9002604166666667 0.24375 0.011979166666666667 0.025833333333333333
0 0.903125 0.23541666666666666 0.011458333333333333 0.025833333333333333
2 0.5197916666666667 0.28041666666666665 0.03229166666666667 0.10583333333333333
2 0.5033854166666667 0.26916666666666667 0.027604166666666666 0.1
2 0.83046875 0.30083333333333334 0.0328125 0.09666666666666666
2 0.79765625 0.28833333333333333 0.027604166666666666 0.095
