0 0.42421875 0.44166666666666665 0.05572916666666667 0.13333333333333333
0 0.5411458333333333 0.35375 0.036458333333333336 0.09083333333333334
0 0.5638020833333334 0.3070833333333333 0.024479166666666666 0.06916666666666667
0 0.575 0.2579166666666667 0.021875 0.05416666666666667
0 0.72265625 0.24583333333333332 0.018229166666666668 0.04833333333333333
1 0.9234375 0.35791666666666666 0.029166666666666667 0.07583333333333334
1 0.8638020833333333 0.31416666666666665 0.024479166666666666 0.06166666666666667
1 0.9028645833333333 0.29791666666666666 0.021354166666666667 0.050833333333333335
1 0.9752604166666666 0.305 0.021354166666666667 0.045
0 0.8466145833333333 0.25708333333333333 0.018229166666666668 0.04083333333333333
