0 0.14166666666666666 0.8679166666666667 0.11458333333333333 0.2575
0 0.4747395833333333 0.2816666666666667 0.0265625 0.06666666666666667
0 0.48411458333333335 0.24916666666666668 0.019270833333333334 0.05333333333333334
0 0.47291666666666665 0.23 0.015625 0.043333333333333335
0 0.4505208333333333 0.20458333333333334 0.016666666666666666 0.0375
0 0.5393229166666667 0.18875 0.011979166666666667 0.0325
1 0.9286458333333333 0.3904166666666667 0.034375 0.08916666666666667
1 0.8424479166666666 0.32166666666666666 0.0265625 0.07333333333333333
1 0.7653645833333333 0.27291666666666664 0.0234375 0.05583333333333333
1 0.6997395833333333 0.24416666666666667 0.019270833333333334 0.045
1 0.6546875 0.22666666666666666 0.015625 0.043333333333333335
1 0.6770833333333334 0.21541666666666667 0.016666666666666666 0.04416666666666667
1 0.73046875 0.21833333333333332 0.013020833333333334 0.03833333333333333
1 0.80390625 0.22458333333333333 0.016145833333333335 0.035833333333333335
1 0.8911458333333333 0.23916666666666667 0.009375 0.03166666666666667
1 0.984375 0.26 0.0125 0.035
0 0.6302083333333334 0.19166666666666668 0.011458333333333333 0.03333333333333333
0 0.74921875 0.20541666666666666 0.0109375 0.0275
2 0.4205729166666667 0.4454166666666667 0.0796875 0.24083333333333334
