0 0.5153645833333333 0.5275 0.06510416666666667 0.155
0 0.71875 0.3258333333333333 0.021875 0.07166666666666667
0 0.7859375 0.2783333333333333 0.015625 0.043333333333333335
0 0.8010416666666667 0.25666666666666665 0.011458333333333333 0.03666666666666667
0 0.9221354166666667 0.24291666666666667 0.009895833333333333 0.0275
0 0.8341145833333333 0.23208333333333334 0.011979166666666667 0.020833333333333332
0 0.7690104166666667 0.25125 0.0078125 0.025833333333333333
0 0.6682291666666667 0.23166666666666666 0.010416666666666666 0.028333333333333332
1 0.99453125 0.26916666666666667 0.005729166666666666 0.03333333333333333
1 0.9765625 0.2604166666666667 0.008333333333333333 0.029166666666666667
1 0.9385416666666667 0.2504166666666667 0.009375 0.0275
1 0.8869791666666667 0.23791666666666667 0.013541666666666667 0.029166666666666667
1 0.8731770833333333 0.25458333333333333 0.0140625 0.0325
1 0.9328125 0.27291666666666664 0.016666666666666666 0.034166666666666665
1 0.9635416666666666 0.2875 0.014583333333333334 0.04
1 0.98828125 0.3204166666666667 0.018229166666666668 0.0525
