0 0.4359375 0.52625 0.07708333333333334 0.17916666666666667
0 0.74140625 0.3258333333333333 0.025520833333333333 0.065
0 0.79609375 0.27208333333333334 0.016145833333333335 0.04583333333333333
0 0.83359375 0.24958333333333332 0.011979166666666667 0.034166666666666665
0 0.8143229166666667 0.23375 0.0078125 0.0325
0 0.9453125 0.23208333333333334 0.007291666666666667 0.024166666666666666
0 0.8442708333333333 0.23958333333333334 0.010416666666666666 0.035833333333333335
1 0.98203125 0.2833333333333333 0.016145833333333335 0.045
1 0.9716145833333333 0.26625 0.0140625 0.0375
1 0.9473958333333333 0.255 0.011458333333333333 0.03
1 0.8979166666666667 0.24125 0.009375 0.029166666666666667
1 0.9138020833333333 0.22625 0.008854166666666666 0.0225
1 0.9916666666666667 0.25166666666666665 0.008333333333333333 0.021666666666666667
1 0.9583333333333334 0.2375 0.010416666666666666 0.023333333333333334
