0 0.5088541666666667 0.39958333333333335 0.04791666666666667 0.1125
0 0.5908854166666667 0.3308333333333333 0.0328125 0.07666666666666666
0 0.6033854166666667 0.29583333333333334 0.024479166666666666 0.058333333333333334
0 0.6065104166666667 0.24958333333333332 0.0171875 0.04583333333333333
0 0.74140625 0.23958333333333334 0.015104166666666667 0.035833333333333335
0 0.8575520833333333 0.2529166666666667 0.015104166666666667 0.035833333333333335
1 0.9315104166666667 0.3416666666666667 0.030729166666666665 0.06666666666666667
1 0.87578125 0.3045833333333333 0.022395833333333334 0.05416666666666667
1 0.9119791666666667 0.29125 0.01875 0.0425
1 0.98125 0.2995833333333333 0.017708333333333333 0.0425
