0 0.21614583333333334 0.4075 0.051041666666666666 0.13166666666666665
0 0.03307291666666667 0.9183333333333333 0.049479166666666664 0.14333333333333334
0 0.3106770833333333 0.2658333333333333 0.021354166666666667 0.07
0 0.45651041666666664 0.22208333333333333 0.016145833333333335 0.0525
0 0.6401041666666667 0.22166666666666668 0.010416666666666666 0.041666666666666664
0 0.8075520833333333 0.24375 0.013020833333333334 0.04083333333333333
1 0.9489583333333333 0.30333333333333334 0.014583333333333334 0.04
1 0.8421875 0.2966666666666667 0.010416666666666666 0.045
1 0.7658854166666667 0.30666666666666664 0.018229166666666668 0.04666666666666667
1 0.7565104166666666 0.34625 0.018229166666666668 0.059166666666666666
1 0.9177083333333333 0.46541666666666665 0.042708333333333334 0.10583333333333333
