0 0.08854166666666667 0.76 0.10208333333333333 0.25333333333333335
0 0.2875 0.4841666666666667 0.053125 0.14333333333333334
0 0.12161458333333333 0.33125 0.0328125 0.0875
0 0.07916666666666666 0.25083333333333335 0.01875 0.058333333333333334
0 0.15078125 0.21333333333333335 0.013020833333333334 0.043333333333333335
0 0.2794270833333333 0.19875 0.013020833333333334 0.04083333333333333
0 0.8674479166666667 0.25333333333333335 0.015104166666666667 0.03666666666666667
1 0.890625 0.43291666666666667 0.046875 0.10916666666666666
1 0.5380208333333333 0.3179166666666667 0.026041666666666668 0.07583333333333334
1 0.9625 0.28958333333333336 0.021875 0.04583333333333333
