0 0.17083333333333334 0.685 0.090625 0.22666666666666666
0 0.30859375 0.45625 0.049479166666666664 0.1225
0 0.13411458333333334 0.3225 0.03177083333333333 0.09
0 0.08072916666666667 0.24791666666666667 0.015625 0.059166666666666666
0 0.1421875 0.21208333333333335 0.014583333333333334 0.04583333333333333
0 0.26666666666666666 0.19708333333333333 0.011458333333333333 0.0375
0 0.83984375 0.2504166666666667 0.0109375 0.0325
1 0.8625 0.41041666666666665 0.040625 0.10416666666666667
1 0.52578125 0.30541666666666667 0.0234375 0.07083333333333333
1 0.9333333333333333 0.28041666666666665 0.015625 0.03916666666666667
