0 0.42864583333333334 0.5220833333333333 0.06354166666666666 0.15583333333333332
0 0.5908854166666667 0.31708333333333333 0.025520833333333333 0.07083333333333333
0 0.47604166666666664 0.23208333333333334 0.015625 0.04083333333333333
0 0.45338541666666665 0.22208333333333333 0.0109375 0.035833333333333335
0 0.4309895833333333 0.18291666666666667 0.0046875 0.025833333333333333
0 0.4953125 0.1825 0.009375 0.025
0 0.5828125 0.18291666666666667 0.005208333333333333 0.024166666666666666
0 0.78359375 0.20916666666666667 0.0078125 0.025
0 0.8934895833333333 0.22916666666666666 0.005729166666666666 0.021666666666666667
0 0.978125 0.255 0.008333333333333333 0.025
1 0.93515625 0.3566666666666667 0.0328125 0.075
1 0.8091145833333333 0.29333333333333333 0.0171875 0.05333333333333334
1 0.7333333333333333 0.2679166666666667 0.023958333333333335 0.0525
1 0.68125 0.24541666666666667 0.021875 0.04416666666666667
1 0.6263020833333334 0.22416666666666665 0.0203125 0.03333333333333333
1 0.5716145833333334 0.2125 0.015104166666666667 0.03
1 0.534375 0.20375 0.0125 0.030833333333333334
1 0.5427083333333333 0.19 0.0125 0.02666666666666667
1 0.6296875 0.195 0.013541666666666667 0.025
1 0.6981770833333333 0.20208333333333334 0.008854166666666666 0.0325
1 0.765625 0.21166666666666667 0.008333333333333333 0.028333333333333332
1 0.8328125 0.22708333333333333 0.013541666666666667 0.029166666666666667
1 0.8888020833333333 0.24333333333333335 0.008854166666666666 0.025
1 0.9317708333333333 0.25125 0.008333333333333333 0.0325
1 0.9424479166666667 0.25666666666666665 0.008854166666666666 0.03166666666666667
1 0.9934895833333334 0.2841666666666667 0.008854166666666666 0.03333333333333333
