0 0.2635416666666667 0.59125 0.071875 0.18916666666666668
1 0.81640625 0.34625 0.033854166666666664 0.0825
0 0.4231770833333333 0.2683333333333333 0.021354166666666667 0.05333333333333334
0 0.42942708333333335 0.24 0.018229166666666668 0.04833333333333333
0 0.4161458333333333 0.2275 0.017708333333333333 0.041666666666666664
0 0.39401041666666664 0.20083333333333334 0.015104166666666667 0.03833333333333333
0 0.4739583333333333 0.18541666666666667 0.0125 0.030833333333333334
0 0.5609375 0.18833333333333332 0.0125 0.028333333333333332
0 0.6747395833333333 0.1975 0.0109375 0.03
0 0.9192708333333334 0.24041666666666667 0.011458333333333333 0.030833333333333334
1 0.7489583333333333 0.2970833333333333 0.029166666666666667 0.0675
1 0.6838541666666667 0.25625 0.027083333333333334 0.05416666666666667
1 0.6236979166666666 0.23666666666666666 0.0234375 0.045
1 0.5828125 0.21875 0.017708333333333333 0.04416666666666667
1 0.60625 0.21 0.016666666666666666 0.03333333333333333
1 0.6557291666666667 0.2125 0.014583333333333334 0.03333333333333333
1 0.7255208333333333 0.21541666666666667 0.017708333333333333 0.035833333333333335
1 0.8088541666666667 0.22875 0.013541666666666667 0.0325
1 0.8953125 0.24458333333333335 0.014583333333333334 0.035833333333333335
1 0.9796875 0.26666666666666666 0.013541666666666667 0.03333333333333333
2 0.92265625 0.3929166666666667 0.04739583333333333 0.1475
2 0.4049479166666667 0.37416666666666665 0.05364583333333333 0.18166666666666667
2 0.9736979166666667 0.4270833333333333 0.04635416666666667 0.1725
1 0.94296875 0.43875 0.0421875 0.10583333333333333
0 0.8109375 0.21791666666666668 0.009375 0.025833333333333333
