0 0.471875 0.3958333333333333 0.034375 0.105
1 0.73046875 0.29083333333333333 0.025520833333333333 0.06
0 0.41744791666666664 0.245 0.0203125 0.05
0 0.4046875 0.22416666666666665 0.013541666666666667 0.04
0 0.38385416666666666 0.21416666666666667 0.013541666666666667 0.03666666666666667
0 0.35078125 0.19416666666666665 0.013020833333333334 0.04
0 0.4109375 0.17958333333333334 0.011458333333333333 0.035833333333333335
0 0.48333333333333334 0.17791666666666667 0.010416666666666666 0.030833333333333334
0 0.58515625 0.18416666666666667 0.0109375 0.02666666666666667
0 0.8059895833333334 0.21541666666666667 0.0109375 0.0225
1 0.8236979166666667 0.3383333333333333 0.024479166666666666 0.07333333333333333
1 0.6716145833333333 0.25875 0.0234375 0.0475
1 0.6135416666666667 0.23416666666666666 0.01875 0.043333333333333335
1 0.5572916666666666 0.21833333333333332 0.017708333333333333 0.03666666666666667
1 0.51875 0.20583333333333334 0.015625 0.03333333333333333
1 0.5309895833333333 0.1975 0.013020833333333334 0.03333333333333333
1 0.5723958333333333 0.195 0.013541666666666667 0.035
1 0.63515625 0.19916666666666666 0.0140625 0.03
1 0.7838541666666666 0.21916666666666668 0.010416666666666666 0.03166666666666667
1 0.859375 0.23583333333333334 0.013541666666666667 0.03166666666666667
1 0.9223958333333333 0.2529166666666667 0.010416666666666666 0.029166666666666667
1 0.9734375 0.26875 0.0125 0.0375
1 0.9846354166666667 0.275 0.0140625 0.035
2 0.4703125 0.30333333333333334 0.040625 0.125
2 0.45416666666666666 0.2891666666666667 0.03333333333333333 0.11166666666666666
2 0.84609375 0.32708333333333334 0.03802083333333333 0.11083333333333334
2 0.8083333333333333 0.31375 0.035416666666666666 0.10916666666666666
1 0.70859375 0.20833333333333334 0.011979166666666667 0.023333333333333334
0 0.9263020833333333 0.24458333333333335 0.0109375 0.029166666666666667
