0 0.17760416666666667 0.8404166666666667 0.11770833333333333 0.2941666666666667
0 0.4713541666666667 0.27958333333333335 0.03125 0.0675
0 0.48359375 0.24791666666666667 0.013020833333333334 0.049166666666666664
0 0.46979166666666666 0.22916666666666666 0.015625 0.045
0 0.44765625 0.20416666666666666 0.016145833333333335 0.043333333333333335
0 0.53515625 0.18833333333333332 0.013020833333333334 0.03166666666666667
1 0.9203125 0.385 0.036458333333333336 0.08833333333333333
1 0.83515625 0.3179166666666667 0.0265625 0.06916666666666667
1 0.7609375 0.2704166666666667 0.025 0.059166666666666666
1 0.69375 0.24375 0.022916666666666665 0.0475
1 0.65078125 0.22541666666666665 0.015104166666666667 0.04416666666666667
1 0.6731770833333334 0.21375 0.016145833333333335 0.0425
1 0.72421875 0.21833333333333332 0.016145833333333335 0.03666666666666667
1 0.79765625 0.22375 0.015104166666666667 0.034166666666666665
1 0.8848958333333333 0.24166666666666667 0.013541666666666667 0.03
1 0.9776041666666667 0.25833333333333336 0.013541666666666667 0.03166666666666667
0 0.62578125 0.19 0.013020833333333334 0.03
0 0.74375 0.20458333333333334 0.011458333333333333 0.025833333333333333
2 0.42916666666666664 0.4345833333333333 0.07604166666666666 0.2275
