0 0.24375 0.6191666666666666 0.0875 0.20166666666666666
0 0.6151041666666667 0.34041666666666665 0.03229166666666667 0.07916666666666666
0 0.571875 0.30875 0.023958333333333335 0.060833333333333336
0 0.39947916666666666 0.25375 0.019791666666666666 0.05583333333333333
0 0.29140625 0.21875 0.0109375 0.03916666666666667
0 0.28020833333333334 0.19958333333333333 0.010416666666666666 0.029166666666666667
0 0.3416666666666667 0.19 0.010416666666666666 0.02666666666666667
0 0.8973958333333333 0.25625 0.009375 0.029166666666666667
0 0.77265625 0.23291666666666666 0.0109375 0.025833333333333333
1 0.9338541666666667 0.3591666666666667 0.03125 0.07
1 0.8091145833333333 0.30541666666666667 0.0265625 0.059166666666666666
1 0.8463541666666666 0.25666666666666665 0.015625 0.03666666666666667
1 0.9236979166666667 0.27625 0.016145833333333335 0.0375
1 0.98515625 0.29875 0.018229166666666668 0.04083333333333333
