0 0.61171875 0.39625 0.04114583333333333 0.10083333333333333
0 0.7778645833333333 0.30333333333333334 0.022395833333333334 0.06166666666666667
0 0.8184895833333333 0.26666666666666666 0.0140625 0.041666666666666664
0 0.84921875 0.25166666666666665 0.009895833333333333 0.03666666666666667
0 0.8572916666666667 0.24083333333333334 0.00625 0.028333333333333332
1 0.984375 0.28041666666666665 0.015625 0.04083333333333333
0 0.9546875 0.23625 0.00625 0.0225
1 0.9104166666666667 0.245 0.0125 0.03
1 0.9552083333333333 0.25708333333333333 0.0125 0.030833333333333334
1 0.9752604166666666 0.26708333333333334 0.009895833333333333 0.030833333333333334
1 0.92421875 0.23458333333333334 0.0109375 0.0225
