0 0.4903645833333333 0.5483333333333333 0.06510416666666667 0.17166666666666666
0 0.7106770833333333 0.3304166666666667 0.027604166666666666 0.07416666666666667
0 0.78125 0.2825 0.015625 0.045
0 0.796875 0.26166666666666666 0.011458333333333333 0.03333333333333333
1 0.9877604166666667 0.3279166666666667 0.021354166666666667 0.0525
0 0.9192708333333334 0.24208333333333334 0.007291666666666667 0.0225
1 0.8692708333333333 0.25666666666666665 0.015625 0.03166666666666667
1 0.9604166666666667 0.2916666666666667 0.015625 0.04
1 0.9307291666666667 0.275 0.015625 0.03666666666666667
1 0.884375 0.24333333333333335 0.010416666666666666 0.02666666666666667
1 0.9364583333333333 0.2504166666666667 0.0125 0.0275
1 0.975 0.26458333333333334 0.011458333333333333 0.029166666666666667
1 0.99296875 0.2733333333333333 0.008854166666666666 0.02666666666666667
