0 0.35963541666666665 0.5554166666666667 0.06302083333333333 0.17083333333333334
0 0.6674479166666667 0.32875 0.028645833333333332 0.0725
0 0.6708333333333333 0.2733333333333333 0.015625 0.04666666666666667
1 0.7416666666666667 0.25125 0.019791666666666666 0.0425
1 0.8838541666666667 0.30375 0.022916666666666665 0.049166666666666664
1 0.7994791666666666 0.27208333333333334 0.015625 0.04083333333333333
0 0.6265625 0.2529166666666667 0.013541666666666667 0.0375
1 0.6981770833333333 0.23791666666666667 0.016145833333333335 0.0375
0 0.44973958333333336 0.195 0.0109375 0.03
0 0.46875 0.18666666666666668 0.009375 0.025
0 0.5919270833333333 0.1925 0.008854166666666666 0.021666666666666667
0 0.6880208333333333 0.20166666666666666 0.007291666666666667 0.02
0 0.7630208333333334 0.2125 0.008333333333333333 0.018333333333333333
1 0.6489583333333333 0.22291666666666668 0.015625 0.035833333333333335
1 0.6018229166666667 0.21375 0.0109375 0.0275
0 0.8580729166666666 0.23208333333333334 0.008854166666666666 0.019166666666666665
0 0.9276041666666667 0.2520833333333333 0.008333333333333333 0.020833333333333332
0 0.9934895833333334 0.2733333333333333 0.008854166666666666 0.025
1 0.7502604166666667 0.21791666666666668 0.009895833333333333 0.025833333333333333
1 0.8067708333333333 0.22791666666666666 0.010416666666666666 0.025833333333333333
1 0.8901041666666667 0.25 0.009375 0.03
1 0.8979166666666667 0.25333333333333335 0.010416666666666666 0.03
1 0.98671875 0.305 0.015104166666666667 0.04
1 0.9354166666666667 0.27166666666666667 0.011458333333333333 0.03
1 0.6354166666666666 0.20208333333333334 0.010416666666666666 0.025833333333333333
2 0.6354166666666666 0.24666666666666667 0.015625 0.06166666666666667
2 0.62109375 0.24 0.016145833333333335 0.056666666666666664
2 0.8114583333333333 0.26416666666666666 0.01875 0.058333333333333334
2 0.7921875 0.26 0.01875 0.06166666666666667
1 0.8544270833333333 0.24125 0.0109375 0.024166666666666666
