0 0.3020833333333333 0.5708333333333333 0.07395833333333333 0.18666666666666668
0 0.6513020833333333 0.32708333333333334 0.024479166666666666 0.07583333333333334
0 0.7106770833333333 0.27166666666666667 0.0171875 0.04666666666666667
0 0.6716145833333333 0.25708333333333333 0.015104166666666667 0.04416666666666667
0 0.5408854166666667 0.23 0.0067708333333333336 0.03166666666666667
0 0.88125 0.23666666666666666 0.009375 0.03
0 0.77734375 0.21916666666666668 0.0078125 0.021666666666666667
0 0.9791666666666666 0.26208333333333333 0.008333333333333333 0.024166666666666666
1 0.9453125 0.31583333333333335 0.021875 0.058333333333333334
1 0.89921875 0.2875 0.0203125 0.04833333333333333
1 0.8171875 0.26208333333333333 0.017708333333333333 0.0475
1 0.8403645833333333 0.23375 0.0140625 0.0325
1 0.9018229166666667 0.24625 0.009895833333333333 0.025833333333333333
1 0.9484375 0.2658333333333333 0.016666666666666666 0.035
1 0.9739583333333334 0.2775 0.011458333333333333 0.03
