0 0.409375 0.53875 0.06770833333333333 0.16916666666666666
0 0.5869791666666667 0.32083333333333336 0.023958333333333335 0.08166666666666667
1 0.73125 0.2675 0.022916666666666665 0.051666666666666666
0 0.47213541666666664 0.2325 0.0140625 0.041666666666666664
0 0.4510416666666667 0.21916666666666668 0.014583333333333334 0.03666666666666667
0 0.42630208333333336 0.215 0.0109375 0.045
0 0.42942708333333335 0.17833333333333334 0.008854166666666666 0.02666666666666667
0 0.49244791666666665 0.17833333333333334 0.009895833333333333 0.02666666666666667
0 0.584375 0.1825 0.009375 0.02666666666666667
0 0.7848958333333333 0.20958333333333334 0.005208333333333333 0.024166666666666666
1 0.9359375 0.36041666666666666 0.029166666666666667 0.07416666666666667
1 0.8104166666666667 0.2970833333333333 0.025 0.05416666666666667
1 0.6807291666666667 0.24458333333333335 0.019791666666666666 0.04583333333333333
1 0.6247395833333333 0.22625 0.0171875 0.035833333333333335
1 0.5716145833333334 0.215 0.0171875 0.028333333333333332
1 0.5346354166666667 0.20416666666666666 0.013020833333333334 0.03
1 0.54140625 0.19583333333333333 0.013020833333333334 0.03166666666666667
1 0.5760416666666667 0.19791666666666666 0.013541666666666667 0.0275
1 0.6302083333333334 0.1975 0.014583333333333334 0.03
1 0.7658854166666667 0.21166666666666667 0.011979166666666667 0.028333333333333332
1 0.8322916666666667 0.22666666666666666 0.0125 0.028333333333333332
1 0.9338541666666667 0.2554166666666667 0.0125 0.029166666666666667
1 0.6966145833333334 0.20375 0.008854166666666666 0.024166666666666666
1 0.9442708333333333 0.26 0.0125 0.03
1 0.88984375 0.24125 0.011979166666666667 0.029166666666666667
0 0.89375 0.23208333333333334 0.009375 0.024166666666666666
0 0.9783854166666667 0.25625 0.009895833333333333 0.0275
2 0.55546875 0.27166666666666667 0.027604166666666666 0.09
2 0.53671875 0.2625 0.022395833333333334 0.08666666666666667
2 0.8268229166666666 0.29083333333333333 0.0265625 0.085
2 0.7986979166666667 0.28125 0.024479166666666666 0.0825
