0 0.17734375 0.7425 0.07864583333333333 0.24833333333333332
0 0.6489583333333333 0.34875 0.034375 0.0825
0 0.73828125 0.28791666666666665 0.0203125 0.049166666666666664
0 0.7247395833333333 0.255 0.009895833333333333 0.035
1 0.9635416666666666 0.33625 0.020833333333333332 0.0575
1 0.8861979166666667 0.28291666666666665 0.0171875 0.04416666666666667
1 0.7700520833333333 0.24666666666666667 0.016145833333333335 0.03166666666666667
0 0.5796875 0.21375 0.009375 0.025833333333333333
0 0.5091145833333334 0.19916666666666666 0.0109375 0.03
0 0.5208333333333334 0.18958333333333333 0.008333333333333333 0.025833333333333333
0 0.5606770833333333 0.18875 0.008854166666666666 0.020833333333333332
0 0.7125 0.20375 0.00625 0.0175
0 0.7828125 0.21875 0.010416666666666666 0.020833333333333332
0 0.9299479166666667 0.25 0.009895833333333333 0.02
0 0.9877604166666667 0.27 0.0109375 0.025
1 0.73203125 0.23541666666666666 0.0140625 0.0325
1 0.6671875 0.2025 0.010416666666666666 0.025
1 0.7166666666666667 0.20875 0.007291666666666667 0.019166666666666665
1 0.82109375 0.22875 0.008854166666666666 0.019166666666666665
1 0.8950520833333333 0.25 0.008854166666666666 0.025
1 0.9703125 0.29125 0.016666666666666666 0.034166666666666665
1 0.93359375 0.2658333333333333 0.0109375 0.028333333333333332
