0 0.26979166666666665 0.5804166666666667 0.07291666666666667 0.1775
0 0.3424479166666667 0.4220833333333333 0.0390625 0.1125
0 0.15442708333333333 0.3095833333333333 0.0296875 0.0775
0 0.08671875 0.24375 0.016145833333333335 0.0575
0 0.134375 0.20958333333333334 0.014583333333333334 0.050833333333333335
0 0.24921875 0.19291666666666665 0.013020833333333334 0.03916666666666667
0 0.9541666666666667 0.27125 0.0125 0.0325
0 0.8005208333333333 0.24041666666666667 0.011458333333333333 0.034166666666666665
1 0.8208333333333333 0.38333333333333336 0.03854166666666667 0.095
1 0.51328125 0.2975 0.021354166666666667 0.06666666666666667
1 0.8901041666666667 0.27291666666666664 0.017708333333333333 0.0425
1 0.9890625 0.2995833333333333 0.019791666666666666 0.0475
