0 0.3729166666666667 0.5704166666666667 0.08125 0.1925
0 0.73125 0.32875 0.029166666666666667 0.08416666666666667
0 0.7903645833333334 0.27416666666666667 0.018229166666666668 0.045
0 0.8294270833333334 0.2504166666666667 0.0109375 0.03916666666666667
0 0.8380208333333333 0.23833333333333334 0.005208333333333333 0.03
1 0.9838541666666667 0.28625 0.014583333333333334 0.03916666666666667
0 0.94296875 0.23083333333333333 0.0078125 0.021666666666666667
1 0.8963541666666667 0.24 0.010416666666666666 0.025
1 0.96953125 0.265 0.011979166666666667 0.03333333333333333
1 0.94609375 0.25458333333333333 0.0109375 0.0275
1 0.9111979166666667 0.22833333333333333 0.009895833333333333 0.02666666666666667
1 0.95546875 0.23875 0.0109375 0.025833333333333333
0 0.9893229166666667 0.25083333333333335 0.0109375 0.02666666666666667
