0 0.38333333333333336 0.5516666666666666 0.07604166666666666 0.18666666666666668
0 0.7338541666666667 0.3279166666666667 0.029166666666666667 0.0825
0 0.79296875 0.2704166666666667 0.016145833333333335 0.04416666666666667
0 0.8302083333333333 0.24791666666666667 0.011458333333333333 0.04416666666666667
0 0.8388020833333333 0.2325 0.008854166666666666 0.035
1 0.9830729166666666 0.28458333333333335 0.015104166666666667 0.03916666666666667
0 0.9440104166666666 0.22791666666666666 0.0078125 0.024166666666666666
1 0.8981770833333333 0.23833333333333334 0.013020833333333334 0.03
1 0.9703125 0.26375 0.0125 0.0325
1 0.9463541666666667 0.2529166666666667 0.011458333333333333 0.029166666666666667
1 0.9122395833333333 0.22833333333333333 0.008854166666666666 0.02666666666666667
1 0.9567708333333333 0.235 0.010416666666666666 0.03
