0 0.58203125 0.41833333333333333 0.0609375 0.125
0 0.7708333333333334 0.30625 0.020833333333333332 0.0625
0 0.81328125 0.26625 0.0140625 0.04083333333333333
0 0.8471354166666667 0.24875 0.008854166666666666 0.0325
0 0.8546875 0.2375 0.008333333333333333 0.028333333333333332
0 0.828125 0.235 0.007291666666666667 0.02
0 0.9536458333333333 0.23208333333333334 0.009375 0.025833333333333333
1 0.9846354166666667 0.28041666666666665 0.013020833333333334 0.03916666666666667
1 0.9958333333333333 0.2520833333333333 0.004166666666666667 0.0225
1 0.9643229166666667 0.24 0.009895833333333333 0.02
1 0.9234375 0.23125 0.009375 0.019166666666666665
1 0.9078125 0.24125 0.011458333333333333 0.0225
1 0.9526041666666667 0.25458333333333333 0.010416666666666666 0.024166666666666666
1 0.9747395833333333 0.26208333333333333 0.0109375 0.0275
