0 0.35260416666666666 0.5158333333333334 0.04791666666666667 0.14666666666666667
0 0.496875 0.29375 0.03125 0.07583333333333334
0 0.5247395833333334 0.25583333333333336 0.019270833333333334 0.051666666666666666
0 0.5177083333333333 0.23208333333333334 0.021875 0.0425
0 0.5052083333333334 0.20541666666666666 0.016666666666666666 0.04083333333333333
0 0.60625 0.19333333333333333 0.011458333333333333 0.03666666666666667
0 0.703125 0.19791666666666666 0.0125 0.034166666666666665
0 0.8286458333333333 0.21708333333333332 0.009375 0.0275
0 0.9817708333333334 0.25083333333333335 0.013541666666666667 0.03166666666666667
1 0.9075520833333334 0.34958333333333336 0.033854166666666664 0.08083333333333333
1 0.8322916666666667 0.29125 0.03229166666666667 0.0625
1 0.7635416666666667 0.2579166666666667 0.025 0.050833333333333335
1 0.7200520833333334 0.235 0.0203125 0.04833333333333333
1 0.7489583333333333 0.22791666666666666 0.016666666666666666 0.04083333333333333
1 0.80703125 0.22958333333333333 0.0171875 0.035833333333333335
1 0.88515625 0.23708333333333334 0.018229166666666668 0.04416666666666667
1 0.9770833333333333 0.2554166666666667 0.016666666666666666 0.034166666666666665
2 0.3333333333333333 0.5025 0.0875 0.2816666666666667
2 0.36770833333333336 0.4425 0.071875 0.24
