0 0.08802083333333334 0.7775 0.09583333333333334 0.2683333333333333
1 0.89609375 0.38458333333333333 0.0359375 0.0875
0 0.4591145833333333 0.2791666666666667 0.025520833333333333 0.06666666666666667
0 0.47421875 0.24583333333333332 0.0203125 0.051666666666666666
0 0.4640625 0.22791666666666666 0.016666666666666666 0.0425
0 0.4466145833333333 0.20291666666666666 0.0171875 0.0375
0 0.53671875 0.19041666666666668 0.013020833333333334 0.034166666666666665
0 0.6283854166666667 0.19333333333333333 0.0140625 0.03
0 0.7463541666666667 0.20666666666666667 0.010416666666666666 0.02666666666666667
0 0.8921875 0.23458333333333334 0.014583333333333334 0.029166666666666667
1 0.82109375 0.3204166666666667 0.03697916666666667 0.07583333333333334
1 0.7513020833333334 0.2725 0.028645833333333332 0.056666666666666664
1 0.6893229166666667 0.2475 0.024479166666666666 0.05
1 0.64765625 0.2275 0.018229166666666668 0.041666666666666664
1 0.671875 0.21875 0.01875 0.0375
1 0.7252604166666666 0.22125 0.0171875 0.034166666666666665
1 0.8 0.22916666666666666 0.015625 0.03666666666666667
1 0.8880208333333334 0.2425 0.014583333333333334 0.03333333333333333
1 0.9796875 0.2654166666666667 0.013541666666666667 0.034166666666666665
2 0.38828125 0.42 0.06510416666666667 0.21333333333333335
2 0.3997395833333333 0.38458333333333333 0.0546875 0.19416666666666665
