0 0.48515625 0.46458333333333335 0.049479166666666664 0.1375
0 0.6953125 0.31166666666666665 0.021875 0.06666666666666667
0 0.6911458333333333 0.2629166666666667 0.014583333333333334 0.04416666666666667
1 0.8872395833333333 0.2966666666666667 0.018229166666666668 0.045
1 0.753125 0.24791666666666667 0.017708333333333333 0.0375
1 0.9864583333333333 0.3779166666666667 0.021875 0.0725
1 0.8083333333333333 0.26375 0.013541666666666667 0.035833333333333335
0 0.5106770833333333 0.20416666666666666 0.013020833333333334 0.028333333333333332
0 0.46875 0.19125 0.008333333333333333 0.025833333333333333
0 0.48489583333333336 0.18416666666666667 0.00625 0.023333333333333334
0 0.6026041666666667 0.18791666666666668 0.005208333333333333 0.019166666666666665
0 0.6966145833333334 0.2 0.0067708333333333336 0.021666666666666667
0 0.7708333333333334 0.21291666666666667 0.00625 0.0175
0 0.8627604166666667 0.22958333333333333 0.0078125 0.0225
0 0.93203125 0.24541666666666667 0.0078125 0.0225
0 0.9947916666666666 0.2683333333333333 0.00625 0.018333333333333333
1 0.7104166666666667 0.23375 0.014583333333333334 0.035833333333333335
1 0.6630208333333333 0.21875 0.011458333333333333 0.0325
1 0.6169270833333333 0.21375 0.0140625 0.0275
1 0.64765625 0.19958333333333333 0.0109375 0.024166666666666666
1 0.7010416666666667 0.20541666666666666 0.009375 0.019166666666666665
1 0.8138020833333334 0.22458333333333333 0.011979166666666667 0.025833333333333333
1 0.8940104166666667 0.2475 0.0109375 0.02666666666666667
1 0.9028645833333333 0.24958333333333332 0.0109375 0.025833333333333333
1 0.9848958333333333 0.29625 0.015625 0.04083333333333333
1 0.9385416666666667 0.2675 0.0125 0.03166666666666667
1 0.7572916666666667 0.21541666666666667 0.010416666666666666 0.024166666666666666
