0 0.4734375 0.2841666666666667 0.027083333333333334 0.065
0 0.4856770833333333 0.25166666666666665 0.019270833333333334 0.05333333333333334
0 0.4744791666666667 0.23083333333333333 0.0125 0.045
0 0.45286458333333335 0.20375 0.013020833333333334 0.03916666666666667
0 0.5416666666666666 0.18958333333333333 0.011458333333333333 0.034166666666666665
1 0.9338541666666667 0.39416666666666667 0.034375 0.08333333333333333
1 0.8447916666666667 0.32166666666666666 0.028125 0.07666666666666666
1 0.7682291666666666 0.27416666666666667 0.027083333333333334 0.06
1 0.7026041666666667 0.24583333333333332 0.021875 0.04833333333333333
1 0.6567708333333333 0.22708333333333333 0.017708333333333333 0.04583333333333333
1 0.68046875 0.21708333333333332 0.016145833333333335 0.03916666666666667
1 0.7328125 0.21875 0.017708333333333333 0.0375
1 0.80625 0.225 0.015625 0.03333333333333333
1 0.8955729166666667 0.24 0.013020833333333334 0.03333333333333333
1 0.9875 0.26208333333333333 0.015625 0.0325
0 0.634375 0.19041666666666668 0.015625 0.035833333333333335
0 0.7520833333333333 0.20583333333333334 0.010416666666666666 0.02666666666666667
2 0.4161458333333333 0.45 0.08020833333333334 0.24666666666666667
