1 0.9729166666666667 0.42625 0.04791666666666667 0.10083333333333333
0 0.3684895833333333 0.49125 0.0421875 0.13916666666666666
0 0.4895833333333333 0.28875 0.027083333333333334 0.0725
0 0.5127604166666667 0.25125 0.021354166666666667 0.049166666666666664
0 0.50703125 0.23375 0.0234375 0.04583333333333333
0 0.49140625 0.20583333333333334 0.0171875 0.04
0 0.5908854166666667 0.19208333333333333 0.0109375 0.035833333333333335
0 0.6861979166666666 0.1975 0.011979166666666667 0.035
0 0.81015625 0.215 0.011979166666666667 0.028333333333333332
0 0.9598958333333333 0.24458333333333335 0.009375 0.029166666666666667
1 0.8888020833333333 0.3416666666666667 0.0359375 0.08166666666666667
1 0.8122395833333333 0.285 0.03177083333333333 0.06
1 0.7479166666666667 0.25458333333333333 0.025 0.050833333333333335
1 0.7044270833333334 0.23375 0.021354166666666667 0.0425
1 0.7309895833333333 0.22458333333333333 0.019270833333333334 0.03916666666666667
1 0.7888020833333333 0.22625 0.016145833333333335 0.03916666666666667
1 0.86640625 0.23416666666666666 0.016145833333333335 0.043333333333333335
1 0.9578125 0.25375 0.014583333333333334 0.0375
2 0.34869791666666666 0.47875 0.08177083333333333 0.2608333333333333
2 0.378125 0.42625 0.06354166666666666 0.2275
