0 0.2565104166666667 0.6479166666666667 0.07447916666666667 0.2125
0 0.46432291666666664 0.315 0.030729166666666665 0.07833333333333334
0 0.49505208333333334 0.27125 0.0234375 0.05416666666666667
0 0.49296875 0.24625 0.021354166666666667 0.0525
0 0.48020833333333335 0.2125 0.013541666666666667 0.04
0 0.5877604166666667 0.19833333333333333 0.011979166666666667 0.035
0 0.6880208333333333 0.20291666666666666 0.010416666666666666 0.034166666666666665
0 0.8190104166666666 0.22 0.0109375 0.02666666666666667
1 0.9203125 0.3779166666666667 0.03854166666666667 0.0875
1 0.83046875 0.30291666666666667 0.028645833333333332 0.06916666666666667
1 0.7546875 0.26875 0.022916666666666665 0.0475
1 0.7078125 0.245 0.020833333333333332 0.043333333333333335
1 0.7364583333333333 0.23 0.01875 0.04
1 0.7958333333333333 0.23625 0.015625 0.0425
1 0.8770833333333333 0.24541666666666667 0.015625 0.0375
