0 0.165625 0.7425 0.084375 0.24333333333333335
0 0.5361979166666667 0.33875 0.034895833333333334 0.0825
0 0.5828125 0.29333333333333333 0.022916666666666665 0.058333333333333334
0 0.5815104166666667 0.2633333333333333 0.022395833333333334 0.05333333333333334
0 0.578125 0.23 0.015625 0.043333333333333335
0 0.6940104166666666 0.22166666666666668 0.013020833333333334 0.03666666666666667
0 0.7994791666666666 0.22791666666666666 0.015625 0.035833333333333335
0 0.9361979166666666 0.25333333333333335 0.0140625 0.03666666666666667
1 0.9424479166666667 0.345 0.0328125 0.07
1 0.8635416666666667 0.2995833333333333 0.027083333333333334 0.0575
1 0.8153645833333333 0.27208333333333334 0.021354166666666667 0.049166666666666664
1 0.8471354166666667 0.26166666666666666 0.018229166666666668 0.041666666666666664
1 0.9111979166666667 0.26625 0.016145833333333335 0.0375
2 0.08880208333333334 0.75625 0.14427083333333332 0.4608333333333333
2 0.21432291666666667 0.6208333333333333 0.1078125 0.37166666666666665
