0 0.4856770833333333 0.45125 0.0515625 0.13583333333333333
0 0.6606770833333333 0.31416666666666665 0.0203125 0.065
0 0.6192708333333333 0.28791666666666665 0.01875 0.05583333333333333
0 0.46197916666666666 0.24208333333333334 0.015625 0.04583333333333333
0 0.35260416666666666 0.20875 0.009375 0.0325
0 0.33125 0.19416666666666665 0.00625 0.02666666666666667
0 0.3802083333333333 0.18666666666666668 0.009375 0.03166666666666667
0 0.8953125 0.25083333333333335 0.009375 0.03166666666666667
0 0.77734375 0.22833333333333333 0.009895833333333333 0.02666666666666667
1 0.92265625 0.32875 0.024479166666666666 0.06416666666666666
1 0.8158854166666667 0.29 0.0234375 0.05333333333333334
1 0.8479166666666667 0.24833333333333332 0.013541666666666667 0.03166666666666667
1 0.91875 0.26625 0.015625 0.034166666666666665
1 0.9744791666666667 0.28708333333333336 0.015625 0.034166666666666665
