0 0.6747395833333333 0.3879166666666667 0.033854166666666664 0.09083333333333334
0 0.7606770833333333 0.29833333333333334 0.021354166666666667 0.056666666666666664
0 0.8075520833333333 0.26875 0.011979166666666667 0.034166666666666665
0 0.8174479166666667 0.25083333333333335 0.008854166666666666 0.03166666666666667
0 0.7895833333333333 0.24708333333333332 0.011458333333333333 0.0275
0 0.6994791666666667 0.23625 0.0125 0.034166666666666665
0 0.9291666666666667 0.24208333333333334 0.008333333333333333 0.029166666666666667
1 0.9776041666666667 0.30541666666666667 0.021875 0.03916666666666667
1 0.9591145833333333 0.2808333333333333 0.016145833333333335 0.03166666666666667
1 0.9940104166666667 0.27 0.008854166666666666 0.03333333333333333
1 0.9768229166666667 0.26166666666666666 0.0140625 0.02
1 0.9434895833333333 0.25083333333333335 0.0109375 0.02666666666666667
1 0.934375 0.26916666666666667 0.017708333333333333 0.035
1 0.8947916666666667 0.24208333333333334 0.007291666666666667 0.019166666666666665
1 0.8809895833333333 0.25375 0.011979166666666667 0.034166666666666665
