0 0.4674479166666667 0.32958333333333334 0.0328125 0.0875
0 0.15390625 0.7425 0.09947916666666666 0.24833333333333332
0 0.5059895833333333 0.2825 0.0265625 0.06666666666666667
0 0.5059895833333333 0.2520833333333333 0.021354166666666667 0.0525
0 0.49895833333333334 0.21708333333333332 0.01875 0.049166666666666664
0 0.61015625 0.20625 0.011979166666666667 0.0375
1 0.95859375 0.4025 0.0359375 0.09833333333333333
1 0.8596354166666667 0.3204166666666667 0.0265625 0.07083333333333333
1 0.7802083333333333 0.28041666666666665 0.023958333333333335 0.0625
1 0.7328125 0.25333333333333335 0.021875 0.051666666666666666
1 0.7640625 0.24041666666666667 0.01875 0.04416666666666667
1 0.8252604166666667 0.24833333333333332 0.0171875 0.043333333333333335
1 0.9088541666666666 0.25583333333333336 0.016666666666666666 0.03833333333333333
0 0.7140625 0.21125 0.0125 0.0325
0 0.846875 0.23208333333333334 0.014583333333333334 0.0275
2 0.08671875 0.7533333333333333 0.13697916666666668 0.46
2 0.18828125 0.6154166666666666 0.10989583333333333 0.36583333333333334
