0 0.41744791666666664 0.455 0.04739583333333333 0.135
0 0.5411458333333333 0.355 0.036458333333333336 0.095
0 0.56484375 0.3104166666666667 0.025520833333333333 0.0725
0 0.5778645833333333 0.25875 0.021354166666666667 0.05583333333333333
0 0.7265625 0.24666666666666667 0.01875 0.04833333333333333
1 0.9302083333333333 0.36125 0.026041666666666668 0.06916666666666667
1 0.8682291666666667 0.31708333333333333 0.027083333333333334 0.06416666666666666
1 0.9091145833333333 0.29833333333333334 0.021354166666666667 0.056666666666666664
1 0.9807291666666667 0.30916666666666665 0.019791666666666666 0.04833333333333333
0 0.8510416666666667 0.25708333333333333 0.015625 0.0375
