0 0.4505208333333333 0.4320833333333333 0.05 0.1125
0 0.4356770833333333 0.35125 0.0296875 0.08416666666666667
0 0.24453125 0.2816666666666667 0.025520833333333333 0.06833333333333333
0 0.14765625 0.23 0.0140625 0.051666666666666666
0 0.16458333333333333 0.20583333333333334 0.0125 0.041666666666666664
0 0.25390625 0.195 0.0109375 0.03333333333333333
0 0.8908854166666667 0.25833333333333336 0.0109375 0.028333333333333332
0 0.7515625 0.23416666666666666 0.010416666666666666 0.028333333333333332
1 0.9466145833333334 0.42 0.044270833333333336 0.09333333333333334
1 0.7807291666666667 0.33541666666666664 0.030208333333333334 0.07583333333333334
1 0.83359375 0.25875 0.015104166666666667 0.0425
1 0.9203125 0.2816666666666667 0.017708333333333333 0.041666666666666664
