0 0.3658854166666667 0.50625 0.050520833333333334 0.14916666666666667
0 0.49322916666666666 0.2891666666666667 0.028125 0.07166666666666667
0 0.521875 0.25625 0.017708333333333333 0.0475
0 0.51484375 0.23708333333333334 0.0171875 0.04583333333333333
0 0.5002604166666667 0.20375 0.0171875 0.0475
0 0.6013020833333333 0.19041666666666668 0.016145833333333335 0.035833333333333335
0 0.6963541666666667 0.19583333333333333 0.0125 0.03
0 0.821875 0.21041666666666667 0.0125 0.0225
0 0.9739583333333334 0.245 0.017708333333333333 0.035
1 0.9815104166666667 0.43 0.0296875 0.10666666666666667
1 0.9 0.34291666666666665 0.035416666666666666 0.07416666666666667
1 0.8244791666666667 0.28625 0.028125 0.06583333333333333
1 0.75703125 0.25708333333333333 0.024479166666666666 0.05583333333333333
1 0.7135416666666666 0.23416666666666666 0.015625 0.043333333333333335
1 0.7403645833333333 0.2225 0.0171875 0.03666666666666667
1 0.7979166666666667 0.225 0.016666666666666666 0.04
1 0.8794270833333333 0.23833333333333334 0.0140625 0.045
1 0.96796875 0.25458333333333333 0.016145833333333335 0.0275
