0 0.49895833333333334 0.4041666666666667 0.053125 0.115
0 0.5869791666666667 0.33208333333333334 0.03125 0.0825
0 0.6015625 0.29875 0.025 0.0625
0 0.60625 0.2504166666666667 0.016666666666666666 0.0475
0 0.74375 0.24333333333333335 0.011458333333333333 0.04
0 0.8627604166666667 0.2525 0.015104166666666667 0.04
1 0.9364583333333333 0.3441666666666667 0.030208333333333334 0.065
1 0.8802083333333334 0.30625 0.021875 0.05416666666666667
1 0.9169270833333333 0.2891666666666667 0.016145833333333335 0.04833333333333333
1 0.9869791666666666 0.30041666666666667 0.01875 0.04083333333333333
