0 0.57890625 0.42 0.04114583333333333 0.11333333333333333
0 0.76875 0.30666666666666664 0.023958333333333335 0.065
0 0.8119791666666667 0.2683333333333333 0.015625 0.041666666666666664
0 0.8458333333333333 0.2504166666666667 0.011458333333333333 0.035833333333333335
0 0.85390625 0.24 0.008854166666666666 0.03
1 0.984375 0.2825 0.014583333333333334 0.03666666666666667
0 0.9526041666666667 0.23458333333333334 0.009375 0.0225
1 0.9080729166666667 0.24166666666666667 0.011979166666666667 0.028333333333333332
1 0.9734375 0.265 0.013541666666666667 0.03333333333333333
1 0.9533854166666667 0.25416666666666665 0.011979166666666667 0.03166666666666667
1 0.9213541666666667 0.23208333333333334 0.009375 0.024166666666666666
