0 0.31666666666666665 0.535 0.06770833333333333 0.17
0 0.4125 0.25916666666666666 0.020833333333333332 0.05333333333333334
0 0.41484375 0.23083333333333333 0.0203125 0.041666666666666664
0 0.39557291666666666 0.21666666666666667 0.0171875 0.041666666666666664
0 0.3731770833333333 0.19541666666666666 0.016145833333333335 0.034166666666666665
0 0.45 0.18625 0.011458333333333333 0.0325
0 0.5338541666666666 0.18416666666666667 0.0125 0.03
0 0.6455729166666667 0.19416666666666665 0.009895833333333333 0.02666666666666667
0 0.77890625 0.21208333333333335 0.009895833333333333 0.030833333333333334
0 0.8838541666666667 0.23375 0.008333333333333333 0.020833333333333332
1 0.903125 0.40541666666666665 0.035416666666666666 0.09583333333333334
1 0.7848958333333333 0.33208333333333334 0.03333333333333333 0.0775
1 0.7177083333333333 0.28625 0.021875 0.059166666666666666
1 0.6572916666666667 0.24875 0.021875 0.04416666666666667
1 0.59765625 0.23 0.0171875 0.04
1 0.5578125 0.215 0.015625 0.03666666666666667
1 0.5776041666666667 0.20375 0.014583333333333334 0.035833333333333335
1 0.6260416666666667 0.20708333333333334 0.014583333333333334 0.030833333333333334
1 0.6950520833333333 0.20666666666666667 0.015104166666666667 0.03333333333333333
1 0.77421875 0.22 0.009895833333333333 0.03
1 0.8596354166666667 0.2375 0.0109375 0.03
1 0.9427083333333334 0.25333333333333335 0.0125 0.03
