0 0.53984375 0.41125 0.04635416666666667 0.11416666666666667
0 0.6736979166666667 0.30416666666666664 0.019270833333333334 0.058333333333333334
0 0.6328125 0.28125 0.014583333333333334 0.049166666666666664
0 0.48151041666666666 0.24125 0.018229166666666668 0.0425
0 0.77734375 0.22791666666666666 0.0078125 0.024166666666666666
0 0.8919270833333334 0.24583333333333332 0.0078125 0.02666666666666667
1 0.9692708333333333 0.2825 0.011458333333333333 0.03166666666666667
1 0.9145833333333333 0.26416666666666666 0.013541666666666667 0.028333333333333332
1 0.84609375 0.24375 0.011979166666666667 0.0275
1 0.9799479166666667 0.36125 0.0296875 0.0675
1 0.9153645833333334 0.31833333333333336 0.022395833333333334 0.055
1 0.8166666666666667 0.2808333333333333 0.019791666666666666 0.043333333333333335
1 0.5471354166666667 0.22708333333333333 0.0078125 0.025833333333333333
1 0.5143229166666666 0.21625 0.0078125 0.025833333333333333
1 0.5252604166666667 0.21 0.0067708333333333336 0.02
0 0.37213541666666666 0.215 0.0109375 0.035
0 0.34713541666666664 0.20333333333333334 0.008854166666666666 0.03666666666666667
0 0.39140625 0.19583333333333333 0.008854166666666666 0.028333333333333332
