0 0.48671875 0.4816666666666667 0.058854166666666666 0.15333333333333332
0 0.74921875 0.3225 0.0296875 0.075
0 0.8015625 0.2708333333333333 0.014583333333333334 0.043333333333333335
0 0.8369791666666667 0.2525 0.0125 0.03666666666666667
0 0.84609375 0.24208333333333334 0.005729166666666666 0.019166666666666665
1 0.9825520833333333 0.2841666666666667 0.016145833333333335 0.04
0 0.9481770833333333 0.23208333333333334 0.008854166666666666 0.020833333333333332
1 0.9018229166666667 0.24083333333333334 0.011979166666666667 0.03166666666666667
1 0.9716145833333333 0.2658333333333333 0.0140625 0.03166666666666667
1 0.9489583333333333 0.25416666666666665 0.011458333333333333 0.03166666666666667
1 0.9153645833333334 0.23 0.0109375 0.021666666666666667
1 0.9604166666666667 0.23958333333333334 0.009375 0.0275
