0 0.34322916666666664 0.5666666666666667 0.07708333333333334 0.18
0 0.6627604166666666 0.3333333333333333 0.025520833333333333 0.065
0 0.6700520833333333 0.275 0.0171875 0.05
0 0.44635416666666666 0.19583333333333333 0.010416666666666666 0.028333333333333332
0 0.46770833333333334 0.18333333333333332 0.009375 0.02
0 0.590625 0.19125 0.007291666666666667 0.019166666666666665
0 0.6848958333333334 0.2 0.005208333333333333 0.015
0 0.7630208333333334 0.21583333333333332 0.005208333333333333 0.018333333333333333
0 0.8575520833333333 0.23208333333333334 0.0078125 0.020833333333333332
0 0.9276041666666667 0.25333333333333335 0.00625 0.023333333333333334
0 0.9927083333333333 0.2725 0.010416666666666666 0.02
1 0.8833333333333333 0.30375 0.01875 0.0475
1 0.740625 0.2529166666666667 0.015625 0.035833333333333335
1 0.6963541666666667 0.23791666666666667 0.017708333333333333 0.03916666666666667
1 0.6486979166666667 0.22125 0.013020833333333334 0.034166666666666665
1 0.5997395833333333 0.21333333333333335 0.011979166666666667 0.025
1 0.5911458333333334 0.19875 0.008333333333333333 0.019166666666666665
1 0.63359375 0.20125 0.0078125 0.025833333333333333
1 0.6901041666666666 0.20583333333333334 0.009375 0.02
1 0.7489583333333333 0.21875 0.00625 0.015833333333333335
1 0.7989583333333333 0.27375 0.0125 0.04083333333333333
1 0.80625 0.22708333333333333 0.010416666666666666 0.030833333333333334
1 0.853125 0.23958333333333334 0.005208333333333333 0.024166666666666666
1 0.8890625 0.24916666666666668 0.008333333333333333 0.03
1 0.89765625 0.25375 0.0078125 0.0275
1 0.9346354166666667 0.2725 0.0109375 0.03
1 0.9856770833333334 0.30333333333333334 0.011979166666666667 0.04
