0 0.10338541666666666 0.79625 0.08697916666666666 0.26916666666666667
0 0.63984375 0.35541666666666666 0.0359375 0.08583333333333333
0 0.73515625 0.29125 0.019270833333333334 0.049166666666666664
0 0.7234375 0.25625 0.011458333333333333 0.030833333333333334
1 0.9651041666666667 0.33666666666666667 0.023958333333333335 0.058333333333333334
1 0.8875 0.2841666666666667 0.01875 0.043333333333333335
1 0.7700520833333333 0.24791666666666667 0.015104166666666667 0.0375
0 0.5770833333333333 0.21291666666666667 0.009375 0.024166666666666666
0 0.5080729166666667 0.19875 0.0109375 0.025833333333333333
0 0.51875 0.19 0.008333333333333333 0.02
0 0.5591145833333333 0.19 0.0078125 0.025
0 0.7096354166666666 0.20625 0.0078125 0.0125
0 0.7799479166666666 0.21708333333333332 0.008854166666666666 0.0175
0 0.8666666666666667 0.23458333333333334 0.009375 0.014166666666666666
0 0.9291666666666667 0.2504166666666667 0.009375 0.025833333333333333
0 0.9888020833333333 0.2679166666666667 0.009895833333333333 0.024166666666666666
1 0.7296875 0.235 0.014583333333333334 0.03333333333333333
1 0.66640625 0.20375 0.009895833333333333 0.0275
1 0.71640625 0.20875 0.008854166666666666 0.019166666666666665
1 0.82109375 0.22958333333333333 0.008854166666666666 0.0225
1 0.8953125 0.25083333333333335 0.011458333333333333 0.03166666666666667
1 0.903125 0.25416666666666665 0.008333333333333333 0.025
1 0.9736979166666667 0.2920833333333333 0.0140625 0.0325
1 0.9346354166666667 0.26708333333333334 0.011979166666666667 0.029166666666666667
