0 0.5984375 0.3754166666666667 0.035416666666666666 0.09583333333333334
0 0.71640625 0.2916666666666667 0.0203125 0.06166666666666667
0 0.7403645833333333 0.2604166666666667 0.013020833333333334 0.03916666666666667
1 0.9674479166666666 0.3475 0.027604166666666666 0.06166666666666667
0 0.8815104166666666 0.23958333333333334 0.0078125 0.025833333333333333
1 0.8265625 0.2579166666666667 0.017708333333333333 0.03916666666666667
0 0.96875 0.2625 0.009375 0.025
1 0.93046875 0.2991666666666667 0.018229166666666668 0.04833333333333333
1 0.8947916666666667 0.2775 0.017708333333333333 0.04
1 0.8432291666666667 0.23708333333333334 0.009375 0.024166666666666666
1 0.9 0.24958333333333332 0.010416666666666666 0.030833333333333334
1 0.9408854166666667 0.26375 0.0140625 0.029166666666666667
1 0.9614583333333333 0.2733333333333333 0.0125 0.03166666666666667
1 0.9903645833333333 0.29333333333333333 0.0140625 0.03666666666666667
