0 0.18880208333333334 0.6754166666666667 0.08385416666666666 0.22583333333333333
1 0.8533854166666667 0.3675 0.03697916666666667 0.085
0 0.44140625 0.2758333333333333 0.0234375 0.06
0 0.4515625 0.245 0.01875 0.05
0 0.44140625 0.22708333333333333 0.019270833333333334 0.04416666666666667
0 0.4192708333333333 0.2025 0.015625 0.04
0 0.5052083333333334 0.19125 0.014583333333333334 0.0325
0 0.5932291666666667 0.1925 0.013541666666666667 0.03166666666666667
0 0.709375 0.20541666666666666 0.011458333333333333 0.0275
0 0.85 0.22916666666666666 0.010416666666666666 0.03
0 0.959375 0.25 0.011458333333333333 0.03
1 0.7799479166666666 0.30875 0.0359375 0.0725
1 0.7174479166666666 0.265 0.027604166666666666 0.056666666666666664
1 0.6557291666666667 0.24291666666666667 0.022916666666666665 0.049166666666666664
1 0.6151041666666667 0.22666666666666666 0.01875 0.045
1 0.6388020833333333 0.21666666666666667 0.016145833333333335 0.035
1 0.6901041666666666 0.21833333333333332 0.016666666666666666 0.03833333333333333
1 0.7625 0.22083333333333333 0.013541666666666667 0.035
1 0.8455729166666667 0.23791666666666667 0.0109375 0.029166666666666667
1 0.9341145833333333 0.25333333333333335 0.013020833333333334 0.03666666666666667
2 0.39739583333333334 0.39666666666666667 0.06041666666666667 0.19833333333333333
2 0.9708333333333333 0.4245833333333333 0.046875 0.1675
