0 0.42916666666666664 0.43666666666666665 0.05 0.11333333333333333
0 0.5434895833333333 0.35041666666666665 0.027604166666666666 0.0825
0 0.5635416666666667 0.3075 0.01875 0.06333333333333334
0 0.5747395833333333 0.25833333333333336 0.018229166666666668 0.05
0 0.7203125 0.24416666666666667 0.016666666666666666 0.03833333333333333
0 0.8424479166666666 0.255 0.0109375 0.03333333333333333
1 0.9177083333333333 0.3516666666666667 0.03125 0.06833333333333333
1 0.8604166666666667 0.3125 0.016666666666666666 0.05333333333333334
1 0.89765625 0.2966666666666667 0.0171875 0.045
1 0.97265625 0.30541666666666667 0.021354166666666667 0.04416666666666667
