0 0.47161458333333334 0.46166666666666667 0.0515625 0.13666666666666666
0 0.659375 0.31833333333333336 0.023958333333333335 0.07166666666666667
0 0.6143229166666667 0.29041666666666666 0.019270833333333334 0.0525
0 0.45651041666666664 0.245 0.0140625 0.045
0 0.3489583333333333 0.21458333333333332 0.010416666666666666 0.030833333333333334
0 0.3265625 0.19458333333333333 0.005208333333333333 0.025833333333333333
0 0.3770833333333333 0.18625 0.009375 0.025833333333333333
0 0.8953125 0.25166666666666665 0.008333333333333333 0.03
0 0.77734375 0.23083333333333333 0.008854166666666666 0.02666666666666667
1 0.9236979166666667 0.3329166666666667 0.025520833333333333 0.0625
1 0.8174479166666667 0.28958333333333336 0.025520833333333333 0.05416666666666667
1 0.8479166666666667 0.2520833333333333 0.015625 0.030833333333333334
1 0.9190104166666667 0.26916666666666667 0.0140625 0.035
1 0.9752604166666666 0.2866666666666667 0.015104166666666667 0.03666666666666667
