0 0.47239583333333335 0.28458333333333335 0.03229166666666667 0.06583333333333333
0 0.4861979166666667 0.24958333333333332 0.0171875 0.0525
0 0.47421875 0.23041666666666666 0.0171875 0.050833333333333335
0 0.4552083333333333 0.20166666666666666 0.017708333333333333 0.04833333333333333
0 0.5453125 0.18875 0.013541666666666667 0.0375
1 0.940625 0.39791666666666664 0.028125 0.09083333333333334
1 0.85 0.32708333333333334 0.028125 0.07416666666666667
1 0.7744791666666667 0.27458333333333335 0.023958333333333335 0.059166666666666666
1 0.7067708333333333 0.24708333333333332 0.021875 0.049166666666666664
1 0.6622395833333333 0.22791666666666666 0.0140625 0.0425
1 0.6848958333333334 0.21708333333333332 0.016666666666666666 0.03916666666666667
1 0.7377604166666667 0.21916666666666668 0.0171875 0.03666666666666667
1 0.8127604166666667 0.22583333333333333 0.0140625 0.03833333333333333
1 0.9005208333333333 0.23958333333333334 0.014583333333333334 0.035833333333333335
0 0.63671875 0.19041666666666668 0.0140625 0.034166666666666665
0 0.7575520833333333 0.20583333333333334 0.011979166666666667 0.028333333333333332
2 0.40598958333333335 0.46041666666666664 0.0828125 0.24916666666666668
