0 0.18619791666666666 0.6833333333333333 0.08385416666666666 0.21
0 0.12864583333333332 0.38375 0.042708333333333334 0.11083333333333334
0 0.15078125 0.27458333333333335 0.0234375 0.0675
0 0.259375 0.22875 0.0125 0.0475
0 0.41692708333333334 0.21666666666666667 0.016145833333333335 0.04
0 0.5671875 0.23666666666666666 0.014583333333333334 0.045
0 0.7419270833333333 0.25166666666666665 0.011979166666666667 0.03833333333333333
0 0.9010416666666666 0.2683333333333333 0.011458333333333333 0.03666666666666667
1 0.9283854166666666 0.2916666666666667 0.013020833333333334 0.03333333333333333
1 0.8072916666666666 0.26666666666666666 0.010416666666666666 0.03333333333333333
1 0.6953125 0.25958333333333333 0.011458333333333333 0.035833333333333335
1 0.6002604166666666 0.25916666666666666 0.0140625 0.051666666666666666
1 0.53828125 0.27208333333333334 0.0140625 0.04416666666666667
1 0.53671875 0.30666666666666664 0.0203125 0.043333333333333335
1 0.6736979166666667 0.37583333333333335 0.03177083333333333 0.085
