0 0.21848958333333332 0.6345833333333334 0.08802083333333334 0.1925
0 0.325 0.44083333333333335 0.046875 0.125
0 0.14557291666666666 0.31666666666666665 0.034895833333333334 0.08333333333333333
0 0.08463541666666667 0.24333333333333335 0.0140625 0.055
0 0.1390625 0.21291666666666667 0.013541666666666667 0.0475
0 0.259375 0.1975 0.0125 0.04
0 0.38697916666666665 0.19333333333333333 0.009375 0.03833333333333333
0 0.5395833333333333 0.19791666666666666 0.009375 0.0325
0 0.6763020833333333 0.21875 0.0109375 0.030833333333333334
0 0.8239583333333333 0.24333333333333335 0.007291666666666667 0.03333333333333333
0 0.9802083333333333 0.27375 0.0125 0.0325
1 0.91640625 0.27291666666666664 0.0171875 0.03916666666666667
1 0.8098958333333334 0.2525 0.010416666666666666 0.028333333333333332
1 0.7028645833333333 0.23291666666666666 0.011979166666666667 0.0375
1 0.59921875 0.22125 0.009895833333333333 0.0275
1 0.5036458333333333 0.215 0.0125 0.035
1 0.4278645833333333 0.22333333333333333 0.0109375 0.03833333333333333
1 0.38697916666666665 0.23583333333333334 0.011458333333333333 0.028333333333333332
1 0.39921875 0.25708333333333333 0.0171875 0.04583333333333333
1 0.52265625 0.2941666666666667 0.018229166666666668 0.058333333333333334
1 0.8427083333333333 0.39666666666666667 0.040625 0.09333333333333334
