0 0.48125 0.5454166666666667 0.07291666666666667 0.1725
0 0.7546875 0.3325 0.027083333333333334 0.065
0 0.81484375 0.2825 0.016145833333333335 0.04666666666666667
0 0.846875 0.2625 0.013541666666666667 0.035
0 0.8606770833333334 0.21458333333333332 0.0067708333333333336 0.020833333333333332
1 0.946875 0.2675 0.011458333333333333 0.03
1 0.9872395833333333 0.26125 0.008854166666666666 0.019166666666666665
1 0.9640625 0.24875 0.007291666666666667 0.015833333333333335
1 0.9578125 0.2425 0.00625 0.015
1 0.8580729166666666 0.24166666666666667 0.011979166666666667 0.023333333333333334
1 0.825 0.23208333333333334 0.007291666666666667 0.020833333333333332
1 0.8505208333333333 0.21875 0.005208333333333333 0.0175
1 0.8052083333333333 0.21125 0.005208333333333333 0.015833333333333335
