0 0.34479166666666666 0.5029166666666667 0.06354166666666666 0.1425
0 0.37057291666666664 0.39 0.0359375 0.09333333333333334
0 0.18098958333333334 0.29833333333333334 0.025520833333333333 0.07833333333333334
0 0.09765625 0.23875 0.016145833333333335 0.049166666666666664
0 0.13307291666666668 0.20958333333333334 0.015104166666666667 0.03916666666666667
0 0.23723958333333334 0.19541666666666666 0.0109375 0.0375
0 0.9153645833333334 0.26416666666666666 0.011979166666666667 0.03166666666666667
0 0.7682291666666666 0.23625 0.0125 0.034166666666666665
1 0.98359375 0.4766666666666667 0.028645833333333332 0.12166666666666667
1 0.79140625 0.3591666666666667 0.033854166666666664 0.08666666666666667
1 0.50546875 0.28833333333333333 0.024479166666666666 0.07333333333333333
1 0.8541666666666666 0.26458333333333334 0.015625 0.04083333333333333
1 0.9471354166666667 0.28958333333333336 0.019270833333333334 0.04416666666666667
