0 0.6348958333333333 0.41833333333333333 0.04375 0.11
0 0.74609375 0.3025 0.025520833333333333 0.06333333333333334
0 0.8005208333333333 0.26625 0.011458333333333333 0.0425
0 0.8125 0.24666666666666667 0.009375 0.035
1 0.9809895833333333 0.3016666666666667 0.019270833333333334 0.04666666666666667
0 0.9276041666666667 0.235 0.005208333333333333 0.02
1 0.8783854166666667 0.24833333333333332 0.015104166666666667 0.03166666666666667
1 0.9627604166666667 0.2758333333333333 0.015104166666666667 0.03833333333333333
1 0.934375 0.26375 0.0125 0.0325
1 0.8932291666666666 0.23416666666666666 0.010416666666666666 0.023333333333333334
1 0.9432291666666667 0.24458333333333335 0.010416666666666666 0.024166666666666666
1 0.97890625 0.25416666666666665 0.011979166666666667 0.02666666666666667
