0 0.43515625 0.44 0.0421875 0.11333333333333333
0 0.42552083333333335 0.3566666666666667 0.03125 0.08166666666666667
0 0.2328125 0.285 0.025 0.07166666666666667
0 0.13854166666666667 0.23458333333333334 0.014583333333333334 0.049166666666666664
0 0.1578125 0.20625 0.013541666666666667 0.04083333333333333
0 0.24869791666666666 0.19458333333333333 0.011979166666666667 0.0325
0 0.8924479166666667 0.25875 0.009895833333333333 0.0325
0 0.7520833333333333 0.235 0.011458333333333333 0.02666666666666667
1 0.9510416666666667 0.42833333333333334 0.04791666666666667 0.10333333333333333
1 0.77890625 0.34125 0.030729166666666665 0.07416666666666667
1 0.834375 0.26 0.014583333333333334 0.04
1 0.9234375 0.2816666666666667 0.01875 0.041666666666666664
