0 0.4734375 0.2825 0.030208333333333334 0.065
0 0.48854166666666665 0.2504166666666667 0.017708333333333333 0.05416666666666667
0 0.47421875 0.23458333333333334 0.021354166666666667 0.04583333333333333
0 0.45364583333333336 0.20208333333333334 0.013541666666666667 0.03916666666666667
0 0.5421875 0.18916666666666668 0.014583333333333334 0.03166666666666667
0 0.6346354166666667 0.19375 0.011979166666666667 0.025833333333333333
0 0.7541666666666667 0.205 0.009375 0.02666666666666667
0 0.8997395833333334 0.2325 0.009895833333333333 0.025
1 0.9348958333333334 0.39791666666666664 0.0375 0.09083333333333334
1 0.846875 0.325 0.03333333333333333 0.07666666666666666
1 0.7697916666666667 0.2758333333333333 0.028125 0.06
1 0.7015625 0.24666666666666667 0.022916666666666665 0.05
1 0.6580729166666667 0.22708333333333333 0.0171875 0.04416666666666667
1 0.6825520833333333 0.21791666666666668 0.016145833333333335 0.04083333333333333
1 0.7359375 0.21875 0.015625 0.03916666666666667
1 0.8083333333333333 0.22791666666666666 0.015625 0.034166666666666665
1 0.8989583333333333 0.24208333333333334 0.013541666666666667 0.0225
1 0.9895833333333334 0.26208333333333333 0.0125 0.0325
