0 0.5682291666666667 0.38958333333333334 0.04791666666666667 0.1025
0 0.70625 0.2975 0.017708333333333333 0.05333333333333334
0 0.7356770833333334 0.2654166666666667 0.015104166666666667 0.04083333333333333
0 0.6994791666666667 0.25458333333333333 0.009375 0.025833333333333333
1 0.96953125 0.35625 0.0265625 0.07083333333333333
0 0.878125 0.24125 0.007291666666666667 0.0225
1 0.8216145833333334 0.25958333333333333 0.016145833333333335 0.0375
0 0.9661458333333334 0.26416666666666666 0.00625 0.021666666666666667
1 0.928125 0.30291666666666667 0.01875 0.0475
1 0.8908854166666667 0.28208333333333335 0.018229166666666668 0.04583333333333333
1 0.8390625 0.23708333333333334 0.010416666666666666 0.0225
1 0.8958333333333334 0.25 0.009375 0.03
1 0.9380208333333333 0.2675 0.0125 0.03
1 0.9580729166666667 0.27666666666666667 0.0140625 0.03333333333333333
1 0.98828125 0.2945833333333333 0.0140625 0.0375
