0 0.5854166666666667 0.37583333333333335 0.0375 0.09833333333333333
0 0.6869791666666667 0.29083333333333333 0.017708333333333333 0.05333333333333334
0 0.64609375 0.2708333333333333 0.013020833333333334 0.045
0 0.5010416666666667 0.23208333333333334 0.010416666666666666 0.0425
0 0.88828125 0.24125 0.008854166666666666 0.0275
0 0.7770833333333333 0.2225 0.008333333333333333 0.028333333333333332
0 0.9934895833333334 0.27458333333333335 0.0067708333333333336 0.030833333333333334
1 0.9677083333333333 0.3466666666666667 0.029166666666666667 0.06333333333333334
1 0.9083333333333333 0.30833333333333335 0.027083333333333334 0.058333333333333334
1 0.81875 0.27541666666666664 0.01875 0.04583333333333333
1 0.84453125 0.24166666666666667 0.011979166666666667 0.028333333333333332
1 0.9098958333333333 0.2579166666666667 0.014583333333333334 0.034166666666666665
1 0.9625 0.27416666666666667 0.015625 0.03833333333333333
1 0.98984375 0.2891666666666667 0.015104166666666667 0.03
