0 0.18515625 0.6670833333333334 0.0859375 0.21416666666666667
0 0.3143229166666667 0.44958333333333333 0.04114583333333333 0.1275
0 0.13723958333333333 0.31958333333333333 0.034895833333333334 0.0875
0 0.08098958333333334 0.2475 0.0171875 0.055
0 0.140625 0.21416666666666667 0.016666666666666666 0.04833333333333333
0 0.2638020833333333 0.19791666666666666 0.0109375 0.03916666666666667
0 0.9934895833333334 0.28208333333333335 0.0109375 0.035833333333333335
0 0.83515625 0.24791666666666667 0.011979166666666667 0.034166666666666665
1 0.8552083333333333 0.40625 0.04479166666666667 0.10583333333333333
1 0.5244791666666667 0.305 0.023958333333333335 0.07333333333333333
1 0.9278645833333333 0.2791666666666667 0.0171875 0.03833333333333333
