0 0.38359375 0.5145833333333333 0.06197916666666667 0.15916666666666668
0 0.66484375 0.31833333333333336 0.0234375 0.065
0 0.7140625 0.26875 0.016666666666666666 0.0475
0 0.67734375 0.25333333333333335 0.016145833333333335 0.041666666666666664
0 0.5494791666666666 0.22458333333333333 0.008333333333333333 0.0325
0 0.88046875 0.23416666666666666 0.008854166666666666 0.028333333333333332
0 0.7783854166666667 0.21708333333333332 0.0078125 0.025833333333333333
0 0.9765625 0.2608333333333333 0.00625 0.023333333333333334
1 0.9403645833333333 0.30791666666666667 0.021354166666666667 0.0525
1 0.8958333333333334 0.28458333333333335 0.019791666666666666 0.050833333333333335
1 0.8182291666666667 0.2579166666666667 0.01875 0.04083333333333333
1 0.8388020833333333 0.23541666666666666 0.011979166666666667 0.0275
1 0.8997395833333334 0.24625 0.0109375 0.025833333333333333
1 0.94609375 0.26375 0.013020833333333334 0.030833333333333334
1 0.9705729166666667 0.2733333333333333 0.011979166666666667 0.035
