0 0.5809895833333333 0.41541666666666666 0.0484375 0.11583333333333333
0 0.71953125 0.30291666666666667 0.022395833333333334 0.0575
0 0.7677083333333333 0.26958333333333334 0.015625 0.04083333333333333
1 0.94765625 0.3070833333333333 0.018229166666666668 0.049166666666666664
1 0.9911458333333333 0.36041666666666666 0.015625 0.07416666666666667
1 0.8861979166666667 0.27125 0.016145833333333335 0.035833333333333335
1 0.78671875 0.23875 0.0140625 0.0275
0 0.7502604166666667 0.2525 0.013020833333333334 0.04
0 0.6125 0.21458333333333332 0.009375 0.024166666666666666
0 0.5458333333333333 0.19958333333333333 0.008333333333333333 0.030833333333333334
0 0.55078125 0.19291666666666665 0.0067708333333333336 0.024166666666666666
0 0.58671875 0.18875 0.0067708333333333336 0.0225
0 0.72578125 0.20375 0.0067708333333333336 0.020833333333333332
0 0.7903645833333334 0.2125 0.0067708333333333336 0.018333333333333333
0 0.8690104166666667 0.23125 0.005729166666666666 0.0175
0 0.928125 0.24458333333333335 0.007291666666666667 0.015833333333333335
0 0.9807291666666667 0.2658333333333333 0.007291666666666667 0.018333333333333333
0 0.9927083333333333 0.27291666666666664 0.007291666666666667 0.019166666666666665
1 0.7494791666666667 0.2275 0.013541666666666667 0.025
1 0.8276041666666667 0.22375 0.007291666666666667 0.0225
1 0.9885416666666667 0.2970833333333333 0.016666666666666666 0.035833333333333335
1 0.9622395833333334 0.2783333333333333 0.013020833333333334 0.028333333333333332
1 0.9294270833333333 0.2575 0.0109375 0.02666666666666667
