0 0.23619791666666667 0.6366666666666667 0.08697916666666666 0.21166666666666667
0 0.6473958333333333 0.3433333333333333 0.03229166666666667 0.07166666666666667
0 0.6598958333333333 0.27958333333333335 0.015625 0.049166666666666664
1 0.7338541666666667 0.25416666666666665 0.019791666666666666 0.04
1 0.88125 0.3120833333333333 0.025 0.05416666666666667
1 0.79453125 0.27625 0.019270833333333334 0.0425
0 0.6145833333333334 0.25875 0.016666666666666666 0.0375
1 0.6895833333333333 0.23958333333333334 0.016666666666666666 0.035833333333333335
0 0.4356770833333333 0.19625 0.0109375 0.029166666666666667
0 0.4591145833333333 0.1875 0.0078125 0.02666666666666667
0 0.6828125 0.20583333333333334 0.007291666666666667 0.02
0 0.7588541666666667 0.21416666666666667 0.008333333333333333 0.021666666666666667
1 0.63984375 0.22541666666666665 0.015104166666666667 0.034166666666666665
1 0.5934895833333333 0.2175 0.016145833333333335 0.02666666666666667
0 0.8546875 0.23208333333333334 0.008333333333333333 0.024166666666666666
0 0.9263020833333333 0.2529166666666667 0.009895833333333333 0.024166666666666666
0 0.9934895833333334 0.2733333333333333 0.0067708333333333336 0.028333333333333332
1 0.7442708333333333 0.21708333333333332 0.010416666666666666 0.025833333333333333
1 0.80234375 0.22833333333333333 0.0109375 0.02666666666666667
1 0.8890625 0.25333333333333335 0.011458333333333333 0.03
1 0.8518229166666667 0.24166666666666667 0.009895833333333333 0.021666666666666667
1 0.89609375 0.25666666666666665 0.009895833333333333 0.03
1 0.9880208333333333 0.3095833333333333 0.016666666666666666 0.04416666666666667
1 0.9356770833333333 0.275 0.0140625 0.03666666666666667
1 0.6283854166666667 0.20291666666666666 0.0109375 0.025833333333333333
2 0.62265625 0.25125 0.019270833333333334 0.0625
2 0.6059895833333333 0.24333333333333335 0.0171875 0.055
2 0.8065104166666667 0.2683333333333333 0.0171875 0.06
2 0.7854166666666667 0.26208333333333333 0.016666666666666666 0.0625
0 0.5846354166666666 0.19291666666666665 0.009895833333333333 0.0225
