0 0.3494791666666667 0.5866666666666667 0.08854166666666667 0.19166666666666668
0 0.7286458333333333 0.34041666666666665 0.022916666666666665 0.07583333333333334
0 0.7869791666666667 0.27875 0.019791666666666666 0.0425
0 0.8294270833333334 0.2575 0.0109375 0.035
0 0.8388020833333333 0.24541666666666667 0.008854166666666666 0.029166666666666667
0 0.8096354166666667 0.24625 0.008854166666666666 0.0325
0 0.9421875 0.23416666666666666 0.009375 0.023333333333333334
1 0.9872395833333333 0.25333333333333335 0.0067708333333333336 0.02666666666666667
1 0.9565104166666667 0.24541666666666667 0.009895833333333333 0.020833333333333332
1 0.9114583333333334 0.23416666666666666 0.009375 0.028333333333333332
1 0.89609375 0.24666666666666667 0.013020833333333334 0.028333333333333332
1 0.9455729166666667 0.26166666666666666 0.008854166666666666 0.03333333333333333
1 0.96875 0.2704166666666667 0.0125 0.034166666666666665
1 0.9838541666666667 0.29 0.014583333333333334 0.03833333333333333
