0 0.559375 0.4141666666666667 0.04583333333333333 0.11333333333333333
0 0.7114583333333333 0.3070833333333333 0.028125 0.06416666666666666
0 0.7036458333333333 0.26125 0.0125 0.0375
1 0.9815104166666667 0.3641666666666667 0.028645833333333332 0.06666666666666667
1 0.8875 0.29291666666666666 0.019791666666666666 0.04583333333333333
1 0.7591145833333334 0.24791666666666667 0.019270833333333334 0.04083333333333333
1 0.8125 0.2654166666666667 0.015625 0.035833333333333335
0 0.5286458333333334 0.2075 0.010416666666666666 0.025
0 0.48463541666666665 0.195 0.0109375 0.025
0 0.49947916666666664 0.18666666666666668 0.009375 0.02
0 0.54453125 0.18583333333333332 0.008854166666666666 0.023333333333333334
0 0.775 0.21625 0.009375 0.019166666666666665
0 0.8653645833333333 0.23166666666666666 0.0067708333333333336 0.025
0 0.9325520833333333 0.25166666666666665 0.009895833333333333 0.023333333333333334
0 0.9934895833333334 0.2704166666666667 0.0067708333333333336 0.025833333333333333
1 0.7190104166666667 0.23666666666666666 0.016145833333333335 0.03
1 0.6734375 0.22083333333333333 0.0125 0.03166666666666667
1 0.62890625 0.21583333333333332 0.009895833333333333 0.03333333333333333
1 0.6557291666666667 0.20166666666666666 0.009375 0.025
1 0.7072916666666667 0.20791666666666667 0.008333333333333333 0.020833333333333332
1 0.8166666666666667 0.22791666666666666 0.010416666666666666 0.020833333333333332
1 0.8947916666666667 0.24708333333333332 0.011458333333333333 0.025833333333333333
1 0.9033854166666667 0.25083333333333335 0.009895833333333333 0.028333333333333332
1 0.9815104166666667 0.2975 0.016145833333333335 0.03666666666666667
1 0.9372395833333333 0.2675 0.011979166666666667 0.03166666666666667
