0 0.2908854166666667 0.55625 0.0671875 0.17416666666666666
1 0.7979166666666667 0.33875 0.030208333333333334 0.08083333333333333
0 0.415625 0.2633333333333333 0.01875 0.051666666666666666
0 0.42213541666666665 0.23916666666666667 0.0171875 0.04666666666666667
0 0.40677083333333336 0.22416666666666665 0.016666666666666666 0.041666666666666664
0 0.38333333333333336 0.19958333333333333 0.014583333333333334 0.0375
0 0.4622395833333333 0.18666666666666668 0.0109375 0.03333333333333333
0 0.5458333333333333 0.185 0.0125 0.035
0 0.6588541666666666 0.19791666666666666 0.011458333333333333 0.025833333333333333
0 0.9002604166666667 0.2375 0.0109375 0.028333333333333332
1 0.7333333333333333 0.2920833333333333 0.030208333333333334 0.06583333333333333
1 0.6697916666666667 0.2525 0.025 0.051666666666666666
1 0.609375 0.23083333333333333 0.022916666666666665 0.045
1 0.5705729166666667 0.21833333333333332 0.0171875 0.03833333333333333
1 0.5911458333333334 0.20791666666666667 0.015625 0.035833333333333335
1 0.6411458333333333 0.21 0.015625 0.03333333333333333
1 0.709375 0.21291666666666667 0.016666666666666666 0.034166666666666665
1 0.79140625 0.2275 0.011979166666666667 0.025
1 0.8763020833333334 0.24125 0.013020833333333334 0.035833333333333335
1 0.9606770833333333 0.26 0.0140625 0.035
1 0.92578125 0.4225 0.034895833333333334 0.10166666666666667
2 0.40859375 0.3675 0.0578125 0.17666666666666667
2 0.9546875 0.4116666666666667 0.051041666666666666 0.16166666666666665
2 0.9026041666666667 0.3854166666666667 0.04479166666666667 0.15416666666666667
