0 0.27760416666666665 0.6233333333333333 0.06979166666666667 0.19666666666666666
0 0.52265625 0.31708333333333333 0.03177083333333333 0.07916666666666666
0 0.5572916666666666 0.27708333333333335 0.022916666666666665 0.0575
0 0.5567708333333333 0.25083333333333335 0.022916666666666665 0.04833333333333333
0 0.5484375 0.21791666666666668 0.017708333333333333 0.04083333333333333
0 0.65703125 0.20833333333333334 0.0109375 0.03666666666666667
0 0.7591145833333334 0.21291666666666667 0.013020833333333334 0.0325
0 0.8911458333333333 0.23333333333333334 0.0125 0.03
1 0.97890625 0.38916666666666666 0.0390625 0.08833333333333333
1 0.89375 0.31625 0.029166666666666667 0.06583333333333333
1 0.8192708333333333 0.2775 0.028125 0.055
1 0.7760416666666666 0.25375 0.020833333333333332 0.0475
1 0.80703125 0.24333333333333335 0.018229166666666668 0.041666666666666664
1 0.8669270833333333 0.24875 0.0171875 0.03916666666666667
1 0.94921875 0.2579166666666667 0.0171875 0.03916666666666667
2 0.23697916666666666 0.6191666666666666 0.11666666666666667 0.36833333333333335
2 0.3046875 0.52 0.0875 0.29333333333333333
