0 0.4828125 0.40708333333333335 0.04791666666666667 0.1075
0 0.4596354166666667 0.34291666666666665 0.0296875 0.08083333333333333
0 0.26588541666666665 0.275 0.022395833333333334 0.06166666666666667
0 0.16927083333333334 0.22875 0.014583333333333334 0.049166666666666664
0 0.17916666666666667 0.20291666666666666 0.0125 0.0375
0 0.26458333333333334 0.19041666666666668 0.008333333333333333 0.034166666666666665
0 0.8903645833333333 0.2554166666666667 0.0109375 0.030833333333333334
0 0.7528645833333333 0.23208333333333334 0.009895833333333333 0.0325
1 0.9421875 0.4058333333333333 0.0375 0.095
1 0.7822916666666667 0.33 0.028125 0.075
1 0.8330729166666667 0.2575 0.015104166666666667 0.041666666666666664
1 0.91953125 0.27958333333333335 0.0171875 0.0375
1 0.9885416666666667 0.30541666666666667 0.01875 0.04583333333333333
