0 0.53671875 0.4295833333333333 0.043229166666666666 0.1175
0 0.7067708333333333 0.3070833333333333 0.020833333333333332 0.0575
0 0.6994791666666667 0.2625 0.014583333333333334 0.04
1 0.9854166666666667 0.36875 0.027083333333333334 0.07416666666666667
1 0.8877604166666667 0.29083333333333333 0.016145833333333335 0.045
1 0.7575520833333333 0.245 0.0203125 0.03833333333333333
1 0.8130208333333333 0.2633333333333333 0.013541666666666667 0.03666666666666667
0 0.5213541666666667 0.20458333333333334 0.009375 0.030833333333333334
0 0.4778645833333333 0.1925 0.0109375 0.021666666666666667
0 0.4934895833333333 0.18333333333333332 0.0078125 0.02
0 0.5388020833333333 0.18416666666666667 0.0078125 0.023333333333333334
0 0.7015625 0.20041666666666666 0.007291666666666667 0.015833333333333335
0 0.7744791666666667 0.21125 0.007291666666666667 0.0175
0 0.8651041666666667 0.22833333333333333 0.00625 0.02
0 0.9328125 0.24708333333333332 0.009375 0.020833333333333332
0 0.9942708333333333 0.2679166666666667 0.00625 0.0225
1 0.7161458333333334 0.23375 0.015625 0.035833333333333335
1 0.6690104166666667 0.21916666666666668 0.013020833333333334 0.03
1 0.6239583333333333 0.2125 0.0125 0.03333333333333333
1 0.6515625 0.2 0.009375 0.025
1 0.7041666666666667 0.20666666666666667 0.009375 0.023333333333333334
1 0.8158854166666667 0.22625 0.009895833333333333 0.0325
1 0.8950520833333333 0.24583333333333332 0.009895833333333333 0.03
1 0.9036458333333334 0.24916666666666668 0.008333333333333333 0.028333333333333332
1 0.9833333333333333 0.29625 0.014583333333333334 0.0375
1 0.9388020833333334 0.26666666666666666 0.011979166666666667 0.03
1 0.7611979166666667 0.21416666666666667 0.008854166666666666 0.023333333333333334
