0 0.52421875 0.38708333333333333 0.03697916666666667 0.1025
0 0.5940104166666667 0.32125 0.0234375 0.06916666666666667
0 0.6065104166666667 0.28625 0.0171875 0.060833333333333336
0 0.6059895833333333 0.24625 0.015104166666666667 0.0425
0 0.7364583333333333 0.235 0.013541666666666667 0.035
0 0.8494791666666667 0.24833333333333332 0.008333333333333333 0.03166666666666667
0 0.9932291666666667 0.27625 0.008333333333333333 0.0325
1 0.91875 0.32916666666666666 0.021875 0.058333333333333334
1 0.86640625 0.29791666666666666 0.018229166666666668 0.0525
1 0.90234375 0.2816666666666667 0.015104166666666667 0.045
1 0.9697916666666667 0.29333333333333333 0.013541666666666667 0.043333333333333335
