0 0.5776041666666667 0.38416666666666666 0.04583333333333333 0.105
0 0.709375 0.2991666666666667 0.020833333333333332 0.06166666666666667
0 0.7372395833333333 0.2658333333333333 0.0140625 0.041666666666666664
1 0.9671875 0.3525 0.027083333333333334 0.06666666666666667
0 0.8776041666666666 0.23916666666666667 0.007291666666666667 0.02666666666666667
1 0.8223958333333333 0.26 0.015625 0.035
0 0.9661458333333334 0.2625 0.008333333333333333 0.02666666666666667
1 0.9276041666666667 0.30125 0.01875 0.04583333333333333
1 0.8919270833333334 0.27791666666666665 0.0171875 0.04083333333333333
1 0.8403645833333333 0.23625 0.008854166666666666 0.0225
1 0.8979166666666667 0.2520833333333333 0.013541666666666667 0.035833333333333335
1 0.9375 0.26416666666666666 0.0125 0.03
1 0.9580729166666667 0.27541666666666664 0.011979166666666667 0.029166666666666667
1 0.9888020833333333 0.29541666666666666 0.016145833333333335 0.03916666666666667
