0 0.5486979166666667 0.3775 0.04010416666666667 0.09166666666666666
0 0.5158854166666667 0.32708333333333334 0.0203125 0.06916666666666667
0 0.32864583333333336 0.2679166666666667 0.021875 0.059166666666666666
0 0.225 0.22916666666666666 0.010416666666666666 0.03
0 0.22291666666666668 0.20041666666666666 0.010416666666666666 0.030833333333333334
0 0.2994791666666667 0.19041666666666668 0.011458333333333333 0.034166666666666665
0 0.89375 0.25875 0.011458333333333333 0.0325
0 0.7619791666666667 0.2325 0.011458333333333333 0.03
1 0.9385416666666667 0.38333333333333336 0.030208333333333334 0.085
1 0.7953125 0.32083333333333336 0.026041666666666668 0.06
1 0.8390625 0.25625 0.016666666666666666 0.03916666666666667
1 0.9216145833333333 0.27958333333333335 0.0171875 0.04083333333333333
1 0.9875 0.3 0.016666666666666666 0.041666666666666664
