0 0.2921875 0.5625 0.06875 0.17166666666666666
0 0.35 0.41083333333333333 0.041666666666666664 0.11
0 0.159375 0.30833333333333335 0.030208333333333334 0.07666666666666666
0 0.08723958333333333 0.24333333333333335 0.0171875 0.04833333333333333
0 0.1328125 0.21041666666666667 0.014583333333333334 0.04583333333333333
0 0.24453125 0.195 0.011979166666666667 0.04
0 0.9419270833333333 0.26958333333333334 0.011979166666666667 0.035833333333333335
0 0.7903645833333334 0.23958333333333334 0.011979166666666667 0.0325
1 0.8106770833333333 0.37583333333333335 0.0296875 0.08833333333333333
1 0.5098958333333333 0.29083333333333333 0.026041666666666668 0.07166666666666667
1 0.8778645833333333 0.27 0.0171875 0.04
1 0.9747395833333333 0.2970833333333333 0.0203125 0.04583333333333333
