0 0.6356770833333333 0.385 0.0390625 0.10333333333333333
0 0.7421875 0.29541666666666666 0.019791666666666666 0.05583333333333333
0 0.78203125 0.26666666666666666 0.0140625 0.03833333333333333
1 0.9544270833333334 0.30291666666666667 0.018229166666666668 0.050833333333333335
1 0.8973958333333333 0.26875 0.014583333333333334 0.0375
1 0.7979166666666667 0.23916666666666667 0.011458333333333333 0.028333333333333332
0 0.56953125 0.18833333333333332 0.009895833333333333 0.023333333333333334
0 0.6033854166666667 0.18875 0.0078125 0.020833333333333332
0 0.73984375 0.20583333333333334 0.0067708333333333336 0.018333333333333333
0 0.8026041666666667 0.21541666666666667 0.004166666666666667 0.014166666666666666
0 0.8809895833333333 0.23125 0.0078125 0.019166666666666665
0 0.9385416666666667 0.24541666666666667 0.010416666666666666 0.020833333333333332
0 0.98984375 0.26375 0.008854166666666666 0.015833333333333335
1 0.7643229166666666 0.23125 0.011979166666666667 0.0275
1 0.99375 0.29291666666666666 0.008333333333333333 0.0375
1 0.9700520833333334 0.2783333333333333 0.0109375 0.028333333333333332
1 0.9390625 0.25875 0.010416666666666666 0.025833333333333333
