0 0.2559895833333333 0.6008333333333333 0.0921875 0.21
0 0.64921875 0.3308333333333333 0.0296875 0.075
0 0.7091145833333333 0.27458333333333335 0.022395833333333334 0.050833333333333335
0 0.6684895833333333 0.2575 0.0171875 0.04
0 0.5377604166666666 0.22708333333333333 0.016145833333333335 0.034166666666666665
0 0.9807291666666667 0.26125 0.009375 0.0275
0 0.8822916666666667 0.23541666666666666 0.011458333333333333 0.024166666666666666
1 0.9744791666666667 0.27625 0.014583333333333334 0.0275
1 0.9486979166666667 0.2633333333333333 0.015104166666666667 0.03166666666666667
1 0.9013020833333333 0.24541666666666667 0.0140625 0.035833333333333335
1 0.83984375 0.23166666666666666 0.011979166666666667 0.02666666666666667
1 0.9463541666666667 0.31583333333333335 0.025 0.05333333333333334
1 0.8994791666666667 0.28833333333333333 0.021875 0.05
1 0.8184895833333333 0.26 0.016145833333333335 0.043333333333333335
