0 0.04348958333333333 0.8554166666666667 0.0828125 0.2775
0 0.5356770833333333 0.35375 0.030729166666666665 0.0875
0 0.5911458333333334 0.3045833333333333 0.023958333333333335 0.06583333333333333
0 0.5953125 0.27458333333333335 0.020833333333333332 0.05416666666666667
0 0.59296875 0.2375 0.019270833333333334 0.043333333333333335
0 0.7135416666666666 0.22875 0.0125 0.0375
0 0.821875 0.23708333333333334 0.0125 0.035833333333333335
0 0.96171875 0.26416666666666666 0.011979166666666667 0.03166666666666667
1 0.971875 0.36041666666666666 0.03333333333333333 0.07583333333333334
1 0.88828125 0.31416666666666665 0.027604166666666666 0.058333333333333334
1 0.8380208333333333 0.28208333333333335 0.022916666666666665 0.05416666666666667
1 0.87265625 0.27166666666666667 0.019270833333333334 0.045
1 0.9369791666666667 0.27625 0.017708333333333333 0.0375
2 0.10989583333333333 0.7116666666666667 0.13958333333333334 0.43666666666666665
