0 0.6002604166666666 0.40958333333333335 0.0421875 0.1075
0 0.7739583333333333 0.30791666666666667 0.025 0.060833333333333336
0 0.8153645833333333 0.2679166666666667 0.015104166666666667 0.03916666666666667
0 0.84765625 0.25083333333333335 0.011979166666666667 0.03333333333333333
0 0.8557291666666667 0.24 0.007291666666666667 0.03333333333333333
1 0.9838541666666667 0.2833333333333333 0.0125 0.03666666666666667
0 0.95390625 0.23708333333333334 0.0078125 0.020833333333333332
1 0.9088541666666666 0.24583333333333332 0.011458333333333333 0.02666666666666667
1 0.97421875 0.2654166666666667 0.009895833333333333 0.0325
1 0.9549479166666667 0.25875 0.011979166666666667 0.0275
1 0.9234375 0.23708333333333334 0.010416666666666666 0.0225
