0 0.10442708333333334 0.7179166666666666 0.09947916666666666 0.2325
0 0.6268229166666667 0.34958333333333336 0.027604166666666666 0.07583333333333334
0 0.7020833333333333 0.28541666666666665 0.017708333333333333 0.049166666666666664
0 0.66171875 0.26958333333333334 0.015104166666666667 0.04083333333333333
0 0.52421875 0.23416666666666666 0.0109375 0.03666666666666667
0 0.8833333333333333 0.24458333333333335 0.008333333333333333 0.029166666666666667
0 0.7763020833333333 0.22625 0.008854166666666666 0.024166666666666666
0 0.9838541666666667 0.2725 0.009375 0.02666666666666667
1 0.953125 0.3333333333333333 0.022916666666666665 0.056666666666666664
1 0.9015625 0.30333333333333334 0.017708333333333333 0.05
1 0.8166666666666667 0.27291666666666664 0.017708333333333333 0.0425
1 0.840625 0.24166666666666667 0.010416666666666666 0.028333333333333332
1 0.9049479166666666 0.25708333333333333 0.009895833333333333 0.030833333333333334
1 0.9526041666666667 0.275 0.013541666666666667 0.03166666666666667
1 0.9794270833333333 0.29 0.013020833333333334 0.03166666666666667
