0 0.2682291666666667 0.7170833333333333 0.10208333333333333 0.2625
0 0.6721354166666667 0.3525 0.03177083333333333 0.085
0 0.78671875 0.29541666666666666 0.0203125 0.05416666666666667
0 0.8184895833333333 0.2675 0.013020833333333334 0.035
0 0.8455729166666667 0.2554166666666667 0.008854166666666666 0.034166666666666665
0 0.853125 0.24625 0.00625 0.0225
1 0.9802083333333333 0.30416666666666664 0.015625 0.041666666666666664
1 0.9692708333333333 0.28041666666666665 0.010416666666666666 0.0325
1 0.9622395833333334 0.2675 0.009895833333333333 0.03
1 0.9440104166666666 0.25833333333333336 0.0109375 0.025
1 0.9028645833333333 0.2475 0.009895833333333333 0.025
