0 0.4661458333333333 0.33375 0.03958333333333333 0.0925
0 0.11276041666666667 0.7833333333333333 0.10572916666666667 0.2733333333333333
0 0.5091145833333334 0.28875 0.024479166666666666 0.0575
0 0.5096354166666667 0.25416666666666665 0.018229166666666668 0.05
0 0.5013020833333334 0.22083333333333333 0.0203125 0.04666666666666667
0 0.6169270833333333 0.2075 0.0140625 0.035
1 0.9692708333333333 0.4091666666666667 0.03958333333333333 0.09833333333333333
1 0.8703125 0.3254166666666667 0.028125 0.0725
1 0.7885416666666667 0.28583333333333333 0.023958333333333335 0.058333333333333334
1 0.7408854166666666 0.25916666666666666 0.021354166666666667 0.051666666666666666
1 0.7721354166666666 0.245 0.021354166666666667 0.045
1 0.8341145833333333 0.25166666666666665 0.015104166666666667 0.041666666666666664
1 0.9174479166666667 0.2633333333333333 0.016145833333333335 0.03833333333333333
0 0.7231770833333333 0.21375 0.0109375 0.034166666666666665
0 0.8567708333333334 0.23541666666666666 0.011458333333333333 0.034166666666666665
2 0.1515625 0.6433333333333333 0.11875 0.3933333333333333
