0 0.18489583333333334 0.6575 0.08645833333333333 0.21333333333333335
0 0.6375 0.34125 0.027083333333333334 0.0775
0 0.7033854166666667 0.28 0.0171875 0.04833333333333333
0 0.6645833333333333 0.2629166666666667 0.0125 0.04083333333333333
0 0.5294270833333333 0.23208333333333334 0.009895833333333333 0.034166666666666665
0 0.8822916666666667 0.24166666666666667 0.010416666666666666 0.028333333333333332
0 0.77578125 0.2225 0.0078125 0.02
0 0.9822916666666667 0.26958333333333334 0.008333333333333333 0.025833333333333333
1 0.9502604166666667 0.3279166666666667 0.022395833333333334 0.060833333333333336
1 0.90078125 0.29625 0.018229166666666668 0.049166666666666664
1 0.8169270833333333 0.26916666666666667 0.0171875 0.043333333333333335
1 0.8401041666666667 0.23916666666666667 0.014583333333333334 0.03333333333333333
1 0.9026041666666667 0.2554166666666667 0.009375 0.030833333333333334
1 0.9510416666666667 0.2704166666666667 0.013541666666666667 0.030833333333333334
1 0.9778645833333334 0.285 0.013020833333333334 0.03333333333333333
