0 0.3671875 0.535 0.06458333333333334 0.16666666666666666
0 0.6356770833333333 0.32958333333333334 0.0234375 0.07083333333333333
0 0.5942708333333333 0.30041666666666667 0.01875 0.05583333333333333
0 0.42682291666666666 0.25166666666666665 0.015104166666666667 0.045
0 0.31927083333333334 0.21625 0.011458333333333333 0.0325
0 0.303125 0.19666666666666666 0.009375 0.03
0 0.35833333333333334 0.18666666666666668 0.010416666666666666 0.041666666666666664
0 0.8971354166666666 0.25666666666666665 0.0078125 0.03
0 0.7755208333333333 0.23208333333333334 0.008333333333333333 0.0275
1 0.9278645833333333 0.3466666666666667 0.028645833333333332 0.06666666666666667
1 0.8138020833333334 0.30041666666666667 0.0296875 0.059166666666666666
1 0.8486979166666667 0.25458333333333333 0.0140625 0.0325
1 0.9221354166666667 0.27291666666666664 0.016145833333333335 0.04083333333333333
1 0.9807291666666667 0.29333333333333333 0.016666666666666666 0.03666666666666667
