0 0.38203125 0.48083333333333333 0.05677083333333333 0.135
0 0.39348958333333334 0.3770833333333333 0.0328125 0.0975
0 0.19765625 0.29333333333333333 0.027604166666666666 0.06666666666666667
0 0.10989583333333333 0.23708333333333334 0.015625 0.050833333333333335
0 0.1390625 0.20666666666666667 0.0125 0.045
0 0.23932291666666666 0.19375 0.0109375 0.0375
0 0.3528645833333333 0.19291666666666665 0.009895833333333333 0.030833333333333334
0 0.4921875 0.19666666666666666 0.007291666666666667 0.03166666666666667
0 0.6197916666666666 0.21083333333333334 0.009375 0.03
0 0.7588541666666667 0.23375 0.011458333333333333 0.0325
0 0.9026041666666667 0.26208333333333333 0.0125 0.034166666666666665
1 0.9690104166666667 0.44916666666666666 0.04635416666666667 0.1
1 0.7828125 0.35083333333333333 0.03333333333333333 0.08666666666666667
1 0.5067708333333333 0.28208333333333335 0.021875 0.05416666666666667
1 0.38984375 0.25166666666666665 0.0203125 0.056666666666666664
1 0.36822916666666666 0.23333333333333334 0.013541666666666667 0.045
1 0.40078125 0.22041666666666668 0.011979166666666667 0.034166666666666665
1 0.46770833333333334 0.21625 0.011458333333333333 0.0325
1 0.55078125 0.22083333333333333 0.013020833333333334 0.03166666666666667
1 0.64765625 0.23041666666666666 0.013020833333333334 0.035833333333333335
1 0.7458333333333333 0.24333333333333335 0.011458333333333333 0.028333333333333332
1 0.8421875 0.25916666666666666 0.015625 0.041666666666666664
1 0.934375 0.2841666666666667 0.019791666666666666 0.041666666666666664
