0 0.37526041666666665 0.545 0.06197916666666667 0.17333333333333334
0 0.67109375 0.33 0.025520833333333333 0.07166666666666667
0 0.6744791666666666 0.2704166666666667 0.015625 0.04416666666666667
1 0.7424479166666667 0.25125 0.019270833333333334 0.0425
1 0.8841145833333334 0.30375 0.021354166666666667 0.049166666666666664
1 0.7997395833333333 0.2708333333333333 0.015104166666666667 0.03666666666666667
0 0.6299479166666667 0.2529166666666667 0.015104166666666667 0.04416666666666667
0 0.49166666666666664 0.2075 0.009375 0.023333333333333334
1 0.69921875 0.23708333333333334 0.0171875 0.03916666666666667
0 0.4510416666666667 0.195 0.0125 0.025
0 0.4703125 0.18458333333333332 0.009375 0.029166666666666667
0 0.5932291666666667 0.19208333333333333 0.007291666666666667 0.024166666666666666
0 0.7645833333333333 0.21291666666666667 0.008333333333333333 0.020833333333333332
0 0.6885416666666667 0.20208333333333334 0.008333333333333333 0.020833333333333332
1 0.65 0.22125 0.0125 0.0325
1 0.6044270833333333 0.21416666666666667 0.013020833333333334 0.02666666666666667
0 0.85859375 0.23541666666666666 0.009895833333333333 0.019166666666666665
0 0.92890625 0.25 0.0109375 0.025
0 0.9947916666666666 0.27166666666666667 0.007291666666666667 0.021666666666666667
1 0.7505208333333333 0.21791666666666668 0.010416666666666666 0.025833333333333333
1 0.8072916666666666 0.2275 0.010416666666666666 0.035
1 0.88984375 0.24916666666666668 0.0109375 0.028333333333333332
1 0.8989583333333333 0.2529166666666667 0.010416666666666666 0.029166666666666667
1 0.9861979166666667 0.3045833333333333 0.0171875 0.03916666666666667
1 0.9359375 0.2704166666666667 0.014583333333333334 0.034166666666666665
1 0.6359375 0.20166666666666666 0.011458333333333333 0.025
2 0.6388020833333333 0.24625 0.015104166666666667 0.0575
2 0.6223958333333334 0.23791666666666667 0.014583333333333334 0.059166666666666666
2 0.8135416666666667 0.26375 0.019791666666666666 0.060833333333333336
2 0.7924479166666667 0.25833333333333336 0.019270833333333334 0.06333333333333334
1 0.8546875 0.23916666666666667 0.009375 0.025
