0 0.509375 0.4483333333333333 0.046875 0.13
0 0.6098958333333333 0.30375 0.01875 0.0625
1 0.7299479166666667 0.2629166666666667 0.021354166666666667 0.04583333333333333
0 0.4864583333333333 0.23166666666666666 0.014583333333333334 0.035
0 0.4934895833333333 0.18 0.009895833333333333 0.02666666666666667
0 0.5794270833333334 0.18583333333333332 0.009895833333333333 0.023333333333333334
1 0.9153645833333334 0.34208333333333335 0.0265625 0.06583333333333333
1 0.8010416666666667 0.2891666666666667 0.023958333333333335 0.05333333333333334
0 0.6880208333333333 0.19625 0.009375 0.0275
0 0.7744791666666667 0.2075 0.008333333333333333 0.023333333333333334
0 0.8794270833333333 0.23 0.0109375 0.028333333333333332
0 0.9611979166666667 0.24958333333333332 0.0078125 0.030833333333333334
1 0.6796875 0.24333333333333335 0.017708333333333333 0.04
1 0.6263020833333334 0.22291666666666668 0.016145833333333335 0.035833333333333335
1 0.5755208333333334 0.21541666666666667 0.015625 0.030833333333333334
1 0.5364583333333334 0.20375 0.0125 0.0275
1 0.5432291666666667 0.1975 0.0125 0.03
1 0.7565104166666666 0.2125 0.011979166666666667 0.03
1 0.8205729166666667 0.225 0.0109375 0.02666666666666667
1 0.9174479166666667 0.25125 0.0109375 0.0275
1 0.8760416666666667 0.23791666666666667 0.011458333333333333 0.029166666666666667
1 0.6260416666666667 0.19791666666666666 0.0125 0.0275
1 0.9752604166666666 0.2825 0.0171875 0.04
1 0.9270833333333334 0.25708333333333333 0.0125 0.029166666666666667
2 0.5736979166666667 0.26375 0.024479166666666666 0.0825
2 0.55625 0.25958333333333333 0.026041666666666668 0.08416666666666667
2 0.8169270833333333 0.27958333333333335 0.024479166666666666 0.07916666666666666
2 0.7927083333333333 0.2725 0.022916666666666665 0.07833333333333334
