0 0.58984375 0.3754166666666667 0.03697916666666667 0.0975
0 0.6893229166666667 0.29125 0.018229166666666668 0.0525
0 0.6484375 0.26916666666666667 0.015625 0.04666666666666667
0 0.5028645833333333 0.23291666666666666 0.013020833333333334 0.04416666666666667
0 0.88828125 0.24333333333333335 0.0109375 0.025
0 0.7778645833333333 0.22375 0.009895833333333333 0.0275
0 0.9921875 0.2775 0.009375 0.03333333333333333
1 0.965625 0.3466666666666667 0.030208333333333334 0.06333333333333334
1 0.9080729166666667 0.3070833333333333 0.025520833333333333 0.05583333333333333
1 0.81875 0.275 0.01875 0.04666666666666667
1 0.8424479166666666 0.24125 0.0109375 0.030833333333333334
1 0.9104166666666667 0.25833333333333336 0.014583333333333334 0.035
1 0.9614583333333333 0.2758333333333333 0.013541666666666667 0.03333333333333333
1 0.98984375 0.29125 0.015104166666666667 0.034166666666666665
