0 0.5153645833333333 0.3925 0.0453125 0.10833333333333334
0 0.5934895833333333 0.32375 0.0265625 0.0725
0 0.6046875 0.2925 0.021875 0.06333333333333334
0 0.60546875 0.24958333333333332 0.019270833333333334 0.04416666666666667
0 0.7395833333333334 0.24083333333333334 0.013541666666666667 0.03833333333333333
0 0.8552083333333333 0.24958333333333332 0.014583333333333334 0.0375
1 0.9252604166666667 0.33625 0.0296875 0.0625
1 0.8721354166666667 0.30125 0.0203125 0.0525
1 0.9075520833333334 0.28541666666666665 0.0203125 0.04583333333333333
1 0.97578125 0.295 0.0171875 0.041666666666666664
