0 0.10807291666666667 0.7416666666666667 0.09947916666666666 0.23666666666666666
0 0.29140625 0.47458333333333336 0.0515625 0.1425
0 0.125 0.3304166666666667 0.030208333333333334 0.08583333333333333
0 0.07994791666666666 0.24875 0.0171875 0.050833333333333335
0 0.14817708333333332 0.21333333333333335 0.0140625 0.04833333333333333
0 0.2765625 0.19666666666666666 0.010416666666666666 0.045
0 0.8598958333333333 0.25416666666666665 0.015625 0.03333333333333333
1 0.8833333333333333 0.42833333333333334 0.046875 0.11
1 0.5348958333333333 0.3095833333333333 0.026041666666666668 0.07083333333333333
1 0.9567708333333333 0.28791666666666665 0.019791666666666666 0.0475
