0 0.3619791666666667 0.48625 0.04791666666666667 0.1475
1 0.76015625 0.32 0.030729166666666665 0.06833333333333333
0 0.4036458333333333 0.25875 0.01875 0.0475
0 0.4 0.23166666666666666 0.01875 0.041666666666666664
0 0.3854166666666667 0.22083333333333333 0.016666666666666666 0.04
0 0.35911458333333335 0.19791666666666666 0.015104166666666667 0.034166666666666665
0 0.4315104166666667 0.18291666666666667 0.011979166666666667 0.034166666666666665
0 0.5127604166666667 0.18208333333333335 0.009895833333333333 0.030833333333333334
0 0.6200520833333333 0.19208333333333333 0.0109375 0.029166666666666667
0 0.8549479166666667 0.22791666666666666 0.009895833333333333 0.020833333333333332
1 0.6981770833333333 0.27666666666666667 0.0296875 0.06333333333333334
1 0.6380208333333334 0.24625 0.022916666666666665 0.049166666666666664
1 0.5799479166666667 0.22875 0.019270833333333334 0.0375
1 0.53984375 0.21375 0.0171875 0.034166666666666665
1 0.5578125 0.20541666666666666 0.014583333333333334 0.0325
1 0.603125 0.205 0.013541666666666667 0.03
1 0.6716145833333333 0.2075 0.016145833333333335 0.035
1 0.83125 0.23166666666666666 0.0125 0.028333333333333332
1 0.9130208333333333 0.2520833333333333 0.013541666666666667 0.035833333333333335
1 0.9807291666666667 0.2733333333333333 0.013541666666666667 0.03333333333333333
1 0.8734375 0.3879166666666667 0.029166666666666667 0.08916666666666667
2 0.42161458333333335 0.34375 0.049479166666666664 0.14583333333333334
2 0.9 0.37583333333333335 0.04583333333333333 0.14
2 0.8588541666666667 0.3575 0.040625 0.13333333333333333
1 0.7502604166666667 0.21958333333333332 0.011979166666666667 0.025833333333333333
0 0.9846354166666667 0.26 0.0109375 0.028333333333333332
