0 0.6231770833333333 0.35541666666666666 0.0328125 0.08083333333333333
0 0.6479166666666667 0.28291666666666665 0.017708333333333333 0.0525
1 0.7307291666666667 0.25375 0.017708333333333333 0.0425
1 0.8848958333333333 0.315 0.021875 0.055
1 0.79453125 0.27666666666666667 0.018229166666666668 0.04666666666666667
0 0.60078125 0.2579166666666667 0.0140625 0.049166666666666664
1 0.6841145833333333 0.23916666666666667 0.018229166666666668 0.04
0 0.4244791666666667 0.19416666666666665 0.010416666666666666 0.028333333333333332
0 0.759375 0.21333333333333335 0.008333333333333333 0.025
1 0.63359375 0.22416666666666665 0.015104166666666667 0.03333333333333333
1 0.5861979166666667 0.215 0.015104166666666667 0.03
0 0.8572916666666667 0.23333333333333334 0.007291666666666667 0.021666666666666667
0 0.9315104166666667 0.25125 0.0078125 0.025833333333333333
1 0.7440104166666667 0.215 0.009895833333333333 0.03
1 0.8036458333333333 0.22708333333333333 0.010416666666666666 0.025833333333333333
1 0.890625 0.24916666666666668 0.0125 0.028333333333333332
1 0.8546875 0.24 0.009375 0.02666666666666667
1 0.8989583333333333 0.2529166666666667 0.010416666666666666 0.029166666666666667
1 0.9411458333333333 0.27375 0.013541666666666667 0.034166666666666665
1 0.6236979166666666 0.2 0.011979166666666667 0.028333333333333332
2 0.6106770833333334 0.2520833333333333 0.021354166666666667 0.06916666666666667
2 0.59375 0.24708333333333332 0.017708333333333333 0.06916666666666667
2 0.8052083333333333 0.2679166666666667 0.019791666666666666 0.0675
2 0.78359375 0.2625 0.019270833333333334 0.06333333333333334
