0 0.4661458333333333 0.2991666666666667 0.03125 0.07666666666666666
0 0.33229166666666665 0.5604166666666667 0.05520833333333333 0.16583333333333333
0 0.490625 0.25833333333333336 0.022916666666666665 0.058333333333333334
0 0.48489583333333336 0.22916666666666666 0.015625 0.056666666666666664
0 0.46640625 0.20458333333333334 0.016145833333333335 0.04416666666666667
0 0.5684895833333333 0.19083333333333333 0.011979166666666667 0.035
1 0.890625 0.35083333333333333 0.030208333333333334 0.08166666666666667
1 0.8052083333333333 0.28625 0.025 0.0625
1 0.73203125 0.25458333333333333 0.0203125 0.05416666666666667
1 0.6864583333333333 0.23125 0.016666666666666666 0.0475
1 0.7138020833333333 0.22291666666666668 0.0203125 0.04416666666666667
1 0.7708333333333334 0.22625 0.015625 0.0375
1 0.8497395833333333 0.23416666666666666 0.015104166666666667 0.03666666666666667
1 0.9434895833333333 0.24958333333333332 0.013020833333333334 0.0375
0 0.66484375 0.19583333333333333 0.011979166666666667 0.03
0 0.7916666666666666 0.21166666666666667 0.0125 0.03166666666666667
2 0.3046875 0.5558333333333333 0.10416666666666667 0.3233333333333333
2 0.33984375 0.47541666666666665 0.07239583333333334 0.2658333333333333
