0 0.6015625 0.38458333333333333 0.040625 0.09416666666666666
0 0.72578125 0.30125 0.021354166666666667 0.0575
0 0.7143229166666667 0.2633333333333333 0.0140625 0.03833333333333333
1 0.9744791666666667 0.35583333333333333 0.025 0.06166666666666667
1 0.8903645833333333 0.29041666666666666 0.018229166666666668 0.04416666666666667
1 0.7653645833333333 0.24958333333333332 0.015104166666666667 0.0375
0 0.5390625 0.20791666666666667 0.009375 0.020833333333333332
0 0.4953125 0.2 0.0125 0.025
0 0.5096354166666667 0.18916666666666668 0.008854166666666666 0.021666666666666667
0 0.55078125 0.19125 0.0109375 0.019166666666666665
0 0.7078125 0.20666666666666667 0.00625 0.015
0 0.7796875 0.21958333333333332 0.00625 0.0225
0 0.9330729166666667 0.25166666666666665 0.0109375 0.023333333333333334
0 0.9927083333333333 0.2733333333333333 0.009375 0.025
1 0.72421875 0.23875 0.016145833333333335 0.034166666666666665
1 0.6809895833333334 0.22708333333333333 0.0109375 0.034166666666666665
1 0.6609375 0.20541666666666666 0.010416666666666666 0.025833333333333333
1 0.7122395833333334 0.21333333333333335 0.0078125 0.025
1 0.8200520833333333 0.23125 0.008854166666666666 0.0225
1 0.8966145833333333 0.25166666666666665 0.011979166666666667 0.02666666666666667
1 0.9046875 0.25458333333333333 0.011458333333333333 0.0325
1 0.9791666666666666 0.2966666666666667 0.016666666666666666 0.03833333333333333
1 0.9372395833333333 0.27208333333333334 0.0109375 0.029166666666666667
0 0.56484375 0.21625 0.0109375 0.025833333333333333
