0 0.18489583333333334 0.8379166666666666 0.11666666666666667 0.2891666666666667
0 0.4734375 0.27875 0.026041666666666668 0.06583333333333333
0 0.48125 0.24833333333333332 0.01875 0.058333333333333334
0 0.46927083333333336 0.22958333333333333 0.020833333333333332 0.050833333333333335
0 0.44765625 0.20208333333333334 0.015104166666666667 0.04083333333333333
0 0.534375 0.1875 0.0125 0.03333333333333333
0 0.6244791666666667 0.19208333333333333 0.011458333333333333 0.029166666666666667
0 0.7424479166666667 0.20291666666666666 0.0109375 0.030833333333333334
0 0.8872395833333333 0.23041666666666666 0.0109375 0.029166666666666667
1 0.9192708333333334 0.38666666666666666 0.03854166666666667 0.09
1 0.834375 0.31666666666666665 0.030208333333333334 0.075
1 0.7596354166666667 0.27 0.0234375 0.056666666666666664
1 0.6924479166666667 0.24541666666666667 0.021354166666666667 0.04416666666666667
1 0.6484375 0.225 0.017708333333333333 0.045
1 0.6716145833333333 0.215 0.015104166666666667 0.03833333333333333
1 0.72421875 0.21791666666666668 0.015104166666666667 0.034166666666666665
1 0.7966145833333333 0.22458333333333333 0.016145833333333335 0.034166666666666665
1 0.8838541666666667 0.24041666666666667 0.014583333333333334 0.030833333333333334
1 0.9736979166666667 0.25875 0.015104166666666667 0.034166666666666665
2 0.43046875 0.4320833333333333 0.07552083333333333 0.2325
