0 0.47161458333333334 0.4583333333333333 0.049479166666666664 0.13333333333333333
0 0.6822916666666666 0.31125 0.021875 0.0625
0 0.7223958333333333 0.26875 0.016666666666666666 0.04083333333333333
0 0.6841145833333333 0.2529166666666667 0.011979166666666667 0.0375
0 0.5627604166666667 0.22875 0.008854166666666666 0.0275
1 0.9838541666666667 0.37583333333333335 0.029166666666666667 0.075
0 0.7778645833333333 0.22166666666666668 0.0067708333333333336 0.021666666666666667
0 0.8786458333333333 0.2375 0.009375 0.028333333333333332
0 0.9708333333333333 0.2629166666666667 0.007291666666666667 0.0225
1 0.9356770833333333 0.30666666666666664 0.0203125 0.05
1 0.89296875 0.2825 0.018229166666666668 0.043333333333333335
1 0.8177083333333334 0.25708333333333333 0.015625 0.04083333333333333
1 0.83828125 0.23541666666666666 0.009895833333333333 0.025833333333333333
1 0.8981770833333333 0.24625 0.011979166666666667 0.025833333333333333
1 0.9408854166666667 0.26416666666666666 0.013020833333333334 0.03
1 0.965625 0.27458333333333335 0.0125 0.030833333333333334
