0 0.55234375 0.4 0.04114583333333333 0.10666666666666667
0 0.7002604166666667 0.3 0.021354166666666667 0.056666666666666664
0 0.7322916666666667 0.26375 0.013541666666666667 0.03916666666666667
0 0.6950520833333333 0.2520833333333333 0.0078125 0.029166666666666667
0 0.57890625 0.22666666666666666 0.009895833333333333 0.03
1 0.9713541666666666 0.3595833333333333 0.029166666666666667 0.07083333333333333
0 0.8765625 0.2375 0.008333333333333333 0.025
1 0.8216145833333334 0.25833333333333336 0.016145833333333335 0.04
0 0.9674479166666666 0.2633333333333333 0.008854166666666666 0.028333333333333332
1 0.9296875 0.3016666666666667 0.017708333333333333 0.045
1 0.8908854166666667 0.28375 0.0171875 0.04083333333333333
1 0.8393229166666667 0.23583333333333334 0.009895833333333333 0.018333333333333333
1 0.8973958333333333 0.24791666666666667 0.013541666666666667 0.029166666666666667
1 0.9380208333333333 0.26458333333333334 0.0125 0.029166666666666667
1 0.9598958333333333 0.275 0.011458333333333333 0.03166666666666667
1 0.9895833333333334 0.29541666666666666 0.015625 0.034166666666666665
