0 0.28932291666666665 0.5975 0.07135416666666666 0.17833333333333334
0 0.5200520833333333 0.315 0.030729166666666665 0.075
0 0.553125 0.27416666666666667 0.020833333333333332 0.051666666666666666
0 0.55078125 0.24625 0.021354166666666667 0.0425
0 0.54140625 0.21625 0.015104166666666667 0.0375
0 0.6486979166666667 0.20708333333333334 0.011979166666666667 0.035833333333333335
0 0.75 0.20791666666666667 0.0125 0.030833333333333334
0 0.8807291666666667 0.23291666666666666 0.009375 0.029166666666666667
1 0.9674479166666666 0.38416666666666666 0.03802083333333333 0.08666666666666667
1 0.8830729166666667 0.31416666666666665 0.03177083333333333 0.06833333333333333
1 0.8106770833333333 0.2775 0.025520833333333333 0.055
1 0.7661458333333333 0.2520833333333333 0.019791666666666666 0.04416666666666667
1 0.79453125 0.23875 0.018229166666666668 0.0375
1 0.8559895833333333 0.245 0.018229166666666668 0.04
1 0.9385416666666667 0.25708333333333333 0.016666666666666666 0.0375
2 0.25703125 0.58875 0.10572916666666667 0.35083333333333333
2 0.3190104166666667 0.5054166666666666 0.08489583333333334 0.2825
