0 0.09010416666666667 0.8058333333333333 0.09895833333333333 0.25833333333333336
0 0.465625 0.33708333333333335 0.034375 0.08583333333333333
0 0.5119791666666667 0.29291666666666666 0.019791666666666666 0.059166666666666666
0 0.5138020833333333 0.26 0.0171875 0.05333333333333334
0 0.5057291666666667 0.22291666666666668 0.016666666666666666 0.04416666666666667
0 0.6216145833333333 0.20958333333333334 0.009895833333333333 0.034166666666666665
0 0.7265625 0.215 0.013541666666666667 0.03666666666666667
0 0.8609375 0.23791666666666667 0.0125 0.030833333333333334
1 0.978125 0.41541666666666666 0.0375 0.0925
1 0.8763020833333334 0.33 0.0296875 0.06666666666666667
1 0.79453125 0.28791666666666665 0.0234375 0.05416666666666667
1 0.74375 0.2629166666666667 0.022916666666666665 0.04416666666666667
1 0.7760416666666666 0.24791666666666667 0.015625 0.04416666666666667
1 0.8395833333333333 0.25125 0.015625 0.034166666666666665
1 0.9231770833333334 0.2675 0.0171875 0.03833333333333333
