0 0.6510416666666666 0.3975 0.0375 0.105
0 0.75234375 0.29583333333333334 0.018229166666666668 0.055
0 0.8020833333333334 0.26416666666666666 0.010416666666666666 0.03833333333333333
0 0.81328125 0.24875 0.008854166666666666 0.0275
0 0.9268229166666667 0.23541666666666666 0.0046875 0.019166666666666665
1 0.9932291666666667 0.25875 0.007291666666666667 0.0275
1 0.9752604166666666 0.2529166666666667 0.011979166666666667 0.024166666666666666
1 0.9411458333333333 0.24458333333333335 0.010416666666666666 0.024166666666666666
1 0.89140625 0.23375 0.009895833333333333 0.0275
1 0.8768229166666667 0.24666666666666667 0.013020833333333334 0.03333333333333333
1 0.9325520833333333 0.26 0.011979166666666667 0.028333333333333332
1 0.9580729166666667 0.27416666666666667 0.0109375 0.03333333333333333
1 0.97734375 0.29833333333333334 0.019270833333333334 0.03833333333333333
0 0.7841145833333333 0.24291666666666667 0.0078125 0.0275
0 0.6903645833333333 0.22375 0.0078125 0.0225
