0 0.60625 0.3829166666666667 0.034375 0.09583333333333334
0 0.72578125 0.30083333333333334 0.0203125 0.05333333333333334
0 0.7153645833333333 0.26125 0.016145833333333335 0.0375
1 0.9734375 0.3516666666666667 0.022916666666666665 0.06166666666666667
1 0.8880208333333334 0.29 0.017708333333333333 0.045
1 0.7661458333333333 0.24875 0.016666666666666666 0.03916666666666667
0 0.5395833333333333 0.20958333333333334 0.009375 0.025833333333333333
0 0.4981770833333333 0.19916666666666666 0.0109375 0.03
0 0.5098958333333333 0.18958333333333333 0.008333333333333333 0.0225
0 0.5526041666666667 0.1925 0.008333333333333333 0.025
0 0.7083333333333334 0.20583333333333334 0.00625 0.016666666666666666
0 0.9333333333333333 0.25083333333333335 0.009375 0.02666666666666667
0 0.98984375 0.2725 0.008854166666666666 0.018333333333333333
1 0.7263020833333333 0.23625 0.013020833333333334 0.0325
1 0.6822916666666666 0.22458333333333333 0.011458333333333333 0.035833333333333335
1 0.6619791666666667 0.20541666666666666 0.011458333333333333 0.025833333333333333
1 0.71328125 0.21166666666666667 0.008854166666666666 0.023333333333333334
1 0.8208333333333333 0.23083333333333333 0.010416666666666666 0.021666666666666667
1 0.8966145833333333 0.25 0.009895833333333333 0.03
1 0.9046875 0.25458333333333333 0.008333333333333333 0.0275
1 0.9776041666666667 0.29541666666666666 0.016666666666666666 0.03916666666666667
1 0.9369791666666667 0.26916666666666667 0.010416666666666666 0.03166666666666667
0 0.5669270833333333 0.21666666666666667 0.0109375 0.02666666666666667
