0 0.47421875 0.28458333333333335 0.028645833333333332 0.06416666666666666
0 0.48671875 0.25166666666666665 0.016145833333333335 0.05333333333333334
0 0.47265625 0.22958333333333333 0.019270833333333334 0.03916666666666667
0 0.45416666666666666 0.20166666666666666 0.015625 0.04666666666666667
0 0.5440104166666667 0.18875 0.0109375 0.030833333333333334
1 0.9372395833333333 0.39875 0.0328125 0.09083333333333334
1 0.84921875 0.3254166666666667 0.027604166666666666 0.0775
1 0.7703125 0.27458333333333335 0.028125 0.059166666666666666
1 0.7046875 0.24708333333333332 0.017708333333333333 0.049166666666666664
1 0.6609375 0.22916666666666666 0.01875 0.045
1 0.6830729166666667 0.21625 0.0171875 0.0375
1 0.7361979166666667 0.22041666666666668 0.0171875 0.04083333333333333
1 0.8122395833333333 0.225 0.015104166666666667 0.03333333333333333
1 0.89921875 0.24083333333333334 0.011979166666666667 0.03166666666666667
1 0.9911458333333333 0.26208333333333333 0.0125 0.03916666666666667
0 0.63671875 0.19083333333333333 0.009895833333333333 0.03333333333333333
0 0.7559895833333333 0.20541666666666666 0.011979166666666667 0.0275
2 0.40859375 0.4583333333333333 0.08177083333333333 0.245
