0 0.36953125 0.5220833333333333 0.06614583333333333 0.1575
0 0.6630208333333333 0.3204166666666667 0.026041666666666668 0.0675
0 0.7135416666666666 0.26958333333333334 0.016666666666666666 0.0475
0 0.6755208333333333 0.25416666666666665 0.013541666666666667 0.04
0 0.5471354166666667 0.22416666666666665 0.009895833333333333 0.035
0 0.8807291666666667 0.23333333333333334 0.009375 0.03
0 0.778125 0.21708333333333332 0.007291666666666667 0.024166666666666666
0 0.9760416666666667 0.2608333333333333 0.007291666666666667 0.023333333333333334
1 0.9424479166666667 0.31166666666666665 0.022395833333333334 0.051666666666666666
1 0.8971354166666666 0.2825 0.018229166666666668 0.045
1 0.8166666666666667 0.2579166666666667 0.017708333333333333 0.0425
1 0.8388020833333333 0.22958333333333333 0.009895833333333333 0.029166666666666667
1 0.9 0.24416666666666667 0.009375 0.021666666666666667
1 0.9458333333333333 0.26375 0.014583333333333334 0.0325
1 0.97109375 0.27375 0.011979166666666667 0.034166666666666665
