0 0.6190104166666667 0.35208333333333336 0.028645833333333332 0.08416666666666667
0 0.6986979166666667 0.28291666666666665 0.016145833333333335 0.0525
0 0.6559895833333333 0.26666666666666666 0.0171875 0.045
0 0.5190104166666667 0.22958333333333333 0.009895833333333333 0.035833333333333335
0 0.8856770833333333 0.24 0.008854166666666666 0.025
0 0.7778645833333333 0.21958333333333332 0.0078125 0.025833333333333333
0 0.9880208333333333 0.26916666666666667 0.008333333333333333 0.025
1 0.9575520833333333 0.3325 0.0265625 0.06166666666666667
1 0.9041666666666667 0.2966666666666667 0.026041666666666668 0.051666666666666666
1 0.8166666666666667 0.2675 0.01875 0.04666666666666667
1 0.8432291666666667 0.23333333333333334 0.0125 0.03666666666666667
1 0.9078125 0.2525 0.010416666666666666 0.028333333333333332
1 0.95546875 0.26958333333333334 0.0140625 0.0325
1 0.9838541666666667 0.2841666666666667 0.014583333333333334 0.03333333333333333
