0 0.6315104166666666 0.38625 0.03802083333333333 0.0975
0 0.7807291666666667 0.30125 0.019791666666666666 0.060833333333333336
0 0.81875 0.27 0.013541666666666667 0.041666666666666664
0 0.84765625 0.25416666666666665 0.009895833333333333 0.03333333333333333
0 0.8565104166666667 0.24541666666666667 0.008854166666666666 0.029166666666666667
1 0.9927083333333333 0.30916666666666665 0.0125 0.045
1 0.9807291666666667 0.28458333333333335 0.013541666666666667 0.034166666666666665
1 0.97265625 0.2679166666666667 0.0109375 0.029166666666666667
0 0.95390625 0.2375 0.0078125 0.02
1 0.9080729166666667 0.24625 0.008854166666666666 0.025833333333333333
1 0.9520833333333333 0.2604166666666667 0.014583333333333334 0.030833333333333334
1 0.92265625 0.24041666666666667 0.0109375 0.0225
