0 0.36770833333333336 0.48083333333333333 0.052083333333333336 0.15166666666666667
0 0.40234375 0.2554166666666667 0.015104166666666667 0.05583333333333333
0 0.4015625 0.23208333333333334 0.016666666666666666 0.0475
0 0.38203125 0.21916666666666668 0.016145833333333335 0.03833333333333333
0 0.35651041666666666 0.19708333333333333 0.0140625 0.034166666666666665
0 0.42864583333333334 0.18416666666666667 0.0125 0.03
0 0.5088541666666667 0.185 0.008333333333333333 0.03166666666666667
0 0.6158854166666666 0.18958333333333333 0.0078125 0.0225
0 0.7481770833333333 0.20791666666666667 0.0067708333333333336 0.029166666666666667
0 0.85 0.225 0.007291666666666667 0.025
0 0.9799479166666667 0.25916666666666666 0.0078125 0.03333333333333333
1 0.86640625 0.3829166666666667 0.025520833333333333 0.09083333333333334
1 0.7578125 0.3154166666666667 0.023958333333333335 0.06583333333333333
1 0.6953125 0.27625 0.022916666666666665 0.0575
1 0.6315104166666666 0.2425 0.019270833333333334 0.04833333333333333
1 0.5770833333333333 0.2225 0.017708333333333333 0.03833333333333333
1 0.5354166666666667 0.20958333333333334 0.014583333333333334 0.03916666666666667
1 0.5533854166666666 0.19833333333333333 0.013020833333333334 0.03333333333333333
1 0.5989583333333334 0.20208333333333334 0.015625 0.034166666666666665
1 0.6651041666666667 0.20458333333333334 0.0125 0.030833333333333334
1 0.7455729166666667 0.21541666666666667 0.0140625 0.029166666666666667
1 0.8268229166666666 0.22958333333333333 0.013020833333333334 0.029166666666666667
1 0.9059895833333333 0.24708333333333332 0.0109375 0.025833333333333333
1 0.9734375 0.26916666666666667 0.010416666666666666 0.028333333333333332
