0 0.09427083333333333 0.8579166666666667 0.12291666666666666 0.2725
0 0.63515625 0.35333333333333333 0.034895833333333334 0.09
0 0.7380208333333333 0.28 0.016666666666666666 0.05
0 0.76015625 0.2529166666666667 0.011979166666666667 0.0375
1 0.97421875 0.3325 0.025520833333333333 0.06166666666666667
0 0.89375 0.23125 0.008333333333333333 0.025833333333333333
1 0.8411458333333334 0.24916666666666668 0.013541666666666667 0.03666666666666667
0 0.9802083333333333 0.25583333333333336 0.008333333333333333 0.021666666666666667
1 0.9403645833333333 0.28625 0.019270833333333334 0.04416666666666667
1 0.9046875 0.27166666666666667 0.016666666666666666 0.03833333333333333
1 0.8565104166666667 0.22916666666666666 0.008854166666666666 0.021666666666666667
1 0.9111979166666667 0.24333333333333335 0.0109375 0.03166666666666667
1 0.9513020833333333 0.25375 0.013020833333333334 0.034166666666666665
1 0.97265625 0.26458333333333334 0.0109375 0.030833333333333334
