0 0.5450520833333333 0.4241666666666667 0.04739583333333333 0.12
0 0.7088541666666667 0.3075 0.021875 0.06333333333333334
0 0.70078125 0.26375 0.0140625 0.03916666666666667
0 0.5236979166666667 0.20916666666666667 0.0109375 0.03333333333333333
0 0.48125 0.19625 0.0125 0.0275
0 0.49765625 0.18625 0.009895833333333333 0.025833333333333333
0 0.5388020833333333 0.18625 0.0067708333333333336 0.019166666666666665
0 0.7010416666666667 0.20375 0.007291666666666667 0.0175
0 0.775 0.21458333333333332 0.007291666666666667 0.020833333333333332
0 0.86484375 0.23208333333333334 0.0067708333333333336 0.0175
0 0.9328125 0.24875 0.011458333333333333 0.020833333333333332
0 0.99375 0.2679166666666667 0.004166666666666667 0.0225
1 0.9841145833333333 0.36 0.0203125 0.06333333333333334
1 0.8908854166666667 0.29041666666666666 0.018229166666666668 0.0375
1 0.8119791666666667 0.2625 0.0125 0.035
1 0.7575520833333333 0.24791666666666667 0.015104166666666667 0.0375
1 0.7177083333333333 0.23333333333333334 0.014583333333333334 0.03666666666666667
1 0.6723958333333333 0.21833333333333332 0.0125 0.03
1 0.6528645833333333 0.20083333333333334 0.011979166666666667 0.021666666666666667
1 0.6247395833333333 0.21041666666666667 0.009895833333333333 0.029166666666666667
1 0.70703125 0.20541666666666666 0.0078125 0.0175
1 0.7596354166666667 0.21333333333333335 0.0078125 0.02
1 0.8161458333333333 0.22166666666666668 0.007291666666666667 0.02666666666666667
1 0.8609375 0.23583333333333334 0.00625 0.016666666666666666
1 0.8953125 0.24541666666666667 0.007291666666666667 0.024166666666666666
1 0.9026041666666667 0.25 0.009375 0.02666666666666667
1 0.9375 0.26458333333333334 0.010416666666666666 0.0225
1 0.9809895833333333 0.2966666666666667 0.013020833333333334 0.03666666666666667
