0 0.4713541666666667 0.28583333333333333 0.03125 0.06666666666666667
0 0.4901041666666667 0.25166666666666665 0.021875 0.056666666666666664
0 0.47890625 0.23 0.019270833333333334 0.045
0 0.4627604166666667 0.19708333333333333 0.0171875 0.049166666666666664
0 0.5583333333333333 0.18583333333333332 0.0125 0.03333333333333333
0 0.6536458333333334 0.18875 0.010416666666666666 0.0325
0 0.77734375 0.20375 0.011979166666666667 0.0275
1 0.97265625 0.4225 0.0453125 0.10666666666666667
1 0.8729166666666667 0.33708333333333335 0.03229166666666667 0.0775
1 0.79140625 0.27875 0.028645833333333332 0.060833333333333336
1 0.7205729166666667 0.24833333333333332 0.025520833333333333 0.051666666666666666
1 0.67578125 0.22666666666666666 0.019270833333333334 0.043333333333333335
1 0.7020833333333333 0.21708333333333332 0.016666666666666666 0.03916666666666667
1 0.75546875 0.22041666666666668 0.016145833333333335 0.034166666666666665
1 0.8330729166666667 0.22458333333333333 0.015104166666666667 0.0325
1 0.9252604166666667 0.24375 0.0140625 0.0275
0 0.928125 0.2325 0.011458333333333333 0.03333333333333333
