0 0.3494791666666667 0.4979166666666667 0.051041666666666666 0.14583333333333334
1 0.7674479166666667 0.32125 0.030729166666666665 0.0725
0 0.40520833333333334 0.26 0.021875 0.051666666666666666
0 0.4036458333333333 0.23333333333333334 0.01875 0.043333333333333335
0 0.3880208333333333 0.22166666666666668 0.016666666666666666 0.041666666666666664
0 0.36171875 0.19791666666666666 0.016145833333333335 0.034166666666666665
0 0.4356770833333333 0.185 0.011979166666666667 0.03
0 0.5184895833333333 0.18416666666666667 0.009895833333333333 0.03333333333333333
0 0.6265625 0.19 0.011458333333333333 0.02666666666666667
0 0.86328125 0.22875 0.009895833333333333 0.025833333333333333
1 0.7036458333333333 0.2825 0.029166666666666667 0.06
1 0.64140625 0.24666666666666667 0.024479166666666666 0.05
1 0.5828125 0.2275 0.021875 0.041666666666666664
1 0.5442708333333334 0.21333333333333335 0.017708333333333333 0.04
1 0.5627604166666667 0.20458333333333334 0.015104166666666667 0.034166666666666665
1 0.61015625 0.20541666666666666 0.0171875 0.034166666666666665
1 0.6765625 0.20958333333333334 0.016666666666666666 0.0325
1 0.8393229166666667 0.23333333333333334 0.013020833333333334 0.03166666666666667
1 0.9208333333333333 0.2504166666666667 0.015625 0.0325
1 0.9885416666666667 0.2758333333333333 0.0125 0.03
1 0.8841145833333334 0.39416666666666667 0.028645833333333332 0.09
2 0.4200520833333333 0.3491666666666667 0.050520833333333334 0.15666666666666668
2 0.9080729166666667 0.3825 0.04739583333333333 0.14166666666666666
2 0.86484375 0.3645833333333333 0.043229166666666666 0.14083333333333334
1 0.75625 0.22041666666666668 0.010416666666666666 0.0275
0 0.9916666666666667 0.2633333333333333 0.010416666666666666 0.028333333333333332
