0 0.4203125 0.58375 0.078125 0.18416666666666667
0 0.7 0.3383333333333333 0.030208333333333334 0.07666666666666666
0 0.7989583333333333 0.2920833333333333 0.017708333333333333 0.050833333333333335
0 0.828125 0.26666666666666666 0.0125 0.03833333333333333
0 0.85390625 0.25416666666666665 0.008854166666666666 0.025
0 0.8614583333333333 0.24625 0.007291666666666667 0.0275
1 0.9825520833333333 0.3025 0.016145833333333335 0.041666666666666664
1 0.9747395833333333 0.27958333333333335 0.009895833333333333 0.030833333333333334
1 0.96875 0.26958333333333334 0.010416666666666666 0.0275
1 0.9510416666666667 0.2604166666666667 0.013541666666666667 0.029166666666666667
1 0.9104166666666667 0.24875 0.0125 0.029166666666666667
