0 0.5575520833333333 0.40041666666666664 0.04635416666666667 0.1025
0 0.70234375 0.29875 0.021354166666666667 0.05583333333333333
0 0.7333333333333333 0.26625 0.013541666666666667 0.04083333333333333
0 0.6971354166666667 0.2579166666666667 0.011979166666666667 0.034166666666666665
0 0.5809895833333333 0.22791666666666666 0.0109375 0.0325
0 0.8768229166666667 0.23833333333333334 0.009895833333333333 0.02666666666666667
0 0.9677083333333333 0.2629166666666667 0.009375 0.0225
1 0.9888020833333333 0.29375 0.016145833333333335 0.0425
1 0.9604166666666667 0.2733333333333333 0.011458333333333333 0.03333333333333333
1 0.9369791666666667 0.265 0.011458333333333333 0.025
1 0.8955729166666667 0.24916666666666668 0.011979166666666667 0.03
1 0.8375 0.23583333333333334 0.008333333333333333 0.025
1 0.8200520833333333 0.25833333333333336 0.016145833333333335 0.04
1 0.8893229166666666 0.28041666666666665 0.018229166666666668 0.03916666666666667
1 0.9291666666666667 0.30041666666666667 0.01875 0.04416666666666667
1 0.9700520833333334 0.3575 0.0265625 0.06166666666666667
