0 0.50859375 0.36583333333333334 0.033854166666666664 0.1
1 0.7276041666666667 0.27875 0.027083333333333334 0.060833333333333336
0 0.43046875 0.23666666666666666 0.015104166666666667 0.051666666666666666
0 0.41432291666666665 0.22 0.015104166666666667 0.041666666666666664
0 0.39088541666666665 0.20875 0.015104166666666667 0.0375
0 0.35885416666666664 0.18958333333333333 0.014583333333333334 0.0375
0 0.4122395833333333 0.17583333333333334 0.011979166666666667 0.035
0 0.48151041666666666 0.17625 0.008854166666666666 0.0225
0 0.58046875 0.18208333333333335 0.009895833333333333 0.025833333333333333
0 0.7963541666666667 0.21 0.010416666666666666 0.02666666666666667
0 0.9143229166666667 0.23541666666666666 0.011979166666666667 0.0275
1 0.9760416666666667 0.41625 0.04375 0.09416666666666666
1 0.8166666666666667 0.32125 0.025 0.06916666666666667
1 0.6705729166666666 0.25125 0.0234375 0.0525
1 0.6119791666666666 0.22541666666666665 0.019791666666666666 0.04583333333333333
1 0.5578125 0.21458333333333332 0.017708333333333333 0.035833333333333335
1 0.5184895833333333 0.20166666666666666 0.015104166666666667 0.03333333333333333
1 0.5299479166666666 0.19416666666666665 0.013020833333333334 0.028333333333333332
1 0.5705729166666667 0.19083333333333333 0.0109375 0.03166666666666667
1 0.62890625 0.19333333333333333 0.0140625 0.03
1 0.7752604166666667 0.21416666666666667 0.011979166666666667 0.02666666666666667
1 0.8466145833333333 0.22958333333333333 0.0140625 0.030833333333333334
1 0.9096354166666667 0.24666666666666667 0.013020833333333334 0.02666666666666667
1 0.9572916666666667 0.26 0.011458333333333333 0.03166666666666667
1 0.9674479166666666 0.26666666666666666 0.013020833333333334 0.03333333333333333
1 0.70078125 0.2025 0.0109375 0.02666666666666667
2 0.49921875 0.28958333333333336 0.03697916666666667 0.11416666666666667
2 0.48098958333333336 0.27416666666666667 0.0296875 0.105
2 0.8359375 0.3104166666666667 0.035416666666666666 0.10583333333333333
2 0.8033854166666666 0.2975 0.0296875 0.09833333333333333
