0 0.54609375 0.4425 0.0484375 0.12666666666666668
0 0.7078125 0.30666666666666664 0.021875 0.065
0 0.7604166666666666 0.27 0.013541666666666667 0.041666666666666664
1 0.9463541666666667 0.3070833333333333 0.019791666666666666 0.049166666666666664
1 0.8838541666666667 0.26916666666666667 0.015625 0.041666666666666664
1 0.7796875 0.24 0.013541666666666667 0.03
0 0.7432291666666667 0.2529166666666667 0.0125 0.03916666666666667
0 0.6044270833333333 0.2125 0.0140625 0.02666666666666667
0 0.5388020833333333 0.19708333333333333 0.009895833333333333 0.025833333333333333
0 0.5442708333333334 0.19166666666666668 0.007291666666666667 0.02666666666666667
0 0.58046875 0.185 0.008854166666666666 0.023333333333333334
0 0.71953125 0.20375 0.0067708333333333336 0.0175
0 0.7861979166666667 0.21541666666666667 0.0078125 0.0225
0 0.8666666666666667 0.22958333333333333 0.00625 0.020833333333333332
0 0.9260416666666667 0.2425 0.009375 0.018333333333333333
0 0.9791666666666666 0.26125 0.007291666666666667 0.019166666666666665
0 0.9934895833333334 0.2658333333333333 0.005729166666666666 0.018333333333333333
1 0.7450520833333333 0.22708333333333333 0.013020833333333334 0.030833333333333334
1 0.82421875 0.22541666666666665 0.0078125 0.0225
1 0.98984375 0.2970833333333333 0.0140625 0.035833333333333335
1 0.9611979166666667 0.2758333333333333 0.011979166666666667 0.03
1 0.9278645833333333 0.25625 0.009895833333333333 0.0275
