0 0.47239583333333335 0.28583333333333333 0.03333333333333333 0.075
0 0.40729166666666666 0.48791666666666667 0.04479166666666667 0.14916666666666667
0 0.48828125 0.25083333333333335 0.021354166666666667 0.04833333333333333
0 0.4791666666666667 0.22875 0.017708333333333333 0.0475
0 0.459375 0.20375 0.017708333333333333 0.03916666666666667
0 0.55234375 0.18541666666666667 0.011979166666666667 0.035833333333333335
1 0.9541666666666667 0.41 0.0375 0.09833333333333333
1 0.8606770833333334 0.32958333333333334 0.0265625 0.07916666666666666
1 0.7825520833333334 0.27458333333333335 0.0234375 0.059166666666666666
1 0.71328125 0.24791666666666667 0.021354166666666667 0.0525
1 0.6684895833333333 0.22666666666666666 0.0171875 0.043333333333333335
1 0.6934895833333333 0.21541666666666667 0.016145833333333335 0.035833333333333335
1 0.7463541666666667 0.21791666666666668 0.016666666666666666 0.0375
1 0.8229166666666666 0.22458333333333333 0.013541666666666667 0.03916666666666667
1 0.9122395833333333 0.24125 0.011979166666666667 0.0325
0 0.6442708333333333 0.18916666666666668 0.0125 0.03166666666666667
0 0.76640625 0.205 0.009895833333333333 0.02666666666666667
2 0.38723958333333336 0.47541666666666665 0.09010416666666667 0.26416666666666666
2 0.40546875 0.42375 0.0578125 0.22416666666666665
