0 0.5953125 0.3725 0.036458333333333336 0.09666666666666666
0 0.6325520833333333 0.2875 0.0171875 0.04833333333333333
1 0.7263020833333333 0.255 0.021354166666666667 0.04833333333333333
1 0.8903645833333333 0.31916666666666665 0.025520833333333333 0.058333333333333334
1 0.7921875 0.2775 0.01875 0.045
0 0.5861979166666667 0.2625 0.015104166666666667 0.045
1 0.68046875 0.23708333333333334 0.0171875 0.03916666666666667
0 0.7596354166666667 0.2075 0.0067708333333333336 0.02
1 0.6278645833333333 0.22125 0.016145833333333335 0.034166666666666665
1 0.57890625 0.21041666666666667 0.011979166666666667 0.0375
0 0.8596354166666667 0.22666666666666666 0.008854166666666666 0.023333333333333334
0 0.93671875 0.2475 0.008854166666666666 0.02666666666666667
1 0.53984375 0.20291666666666666 0.011979166666666667 0.029166666666666667
1 0.74296875 0.21041666666666667 0.009895833333333333 0.029166666666666667
1 0.8046875 0.22208333333333333 0.010416666666666666 0.029166666666666667
1 0.8958333333333334 0.245 0.0125 0.03
1 0.8567708333333334 0.23708333333333334 0.009375 0.024166666666666666
1 0.6200520833333333 0.19875 0.0109375 0.0225
1 0.9041666666666667 0.25166666666666665 0.010416666666666666 0.03
1 0.9466145833333334 0.27125 0.015104166666666667 0.035833333333333335
2 0.59609375 0.25416666666666665 0.021354166666666667 0.07166666666666667
2 0.5786458333333333 0.25125 0.016666666666666666 0.0625
2 0.8057291666666667 0.26916666666666667 0.019791666666666666 0.07166666666666667
2 0.7815104166666667 0.2608333333333333 0.019270833333333334 0.06833333333333333
