0 0.6263020833333334 0.43041666666666667 0.044270833333333336 0.11583333333333333
0 0.7458333333333333 0.3075 0.021875 0.06666666666666667
0 0.8010416666666667 0.27166666666666667 0.013541666666666667 0.04666666666666667
0 0.8140625 0.25375 0.0125 0.034166666666666665
1 0.9833333333333333 0.30833333333333335 0.019791666666666666 0.051666666666666666
0 0.9283854166666666 0.23708333333333334 0.0078125 0.0225
1 0.8802083333333334 0.25083333333333335 0.013541666666666667 0.03333333333333333
1 0.9638020833333333 0.27875 0.013020833333333334 0.03916666666666667
1 0.9361979166666666 0.2675 0.013020833333333334 0.03166666666666667
1 0.8942708333333333 0.23833333333333334 0.009375 0.02666666666666667
1 0.9432291666666667 0.24791666666666667 0.009375 0.025833333333333333
1 0.9802083333333333 0.2575 0.011458333333333333 0.03
