0 0.3015625 0.6425 0.071875 0.21666666666666667
0 0.6630208333333333 0.33875 0.028125 0.08083333333333333
0 0.7434895833333334 0.28541666666666665 0.0171875 0.049166666666666664
0 0.7268229166666667 0.25333333333333335 0.0067708333333333336 0.02666666666666667
1 0.9575520833333333 0.3304166666666667 0.022395833333333334 0.050833333333333335
1 0.8841145833333334 0.28208333333333335 0.0171875 0.0375
1 0.7713541666666667 0.24625 0.0125 0.034166666666666665
0 0.5833333333333334 0.21625 0.011458333333333333 0.0325
0 0.5145833333333333 0.2025 0.010416666666666666 0.025
0 0.52421875 0.19166666666666668 0.008854166666666666 0.021666666666666667
0 0.56328125 0.19083333333333333 0.008854166666666666 0.02
0 0.71328125 0.20583333333333334 0.0067708333333333336 0.02
0 0.7817708333333333 0.22041666666666668 0.007291666666666667 0.019166666666666665
0 0.86484375 0.23333333333333334 0.0067708333333333336 0.016666666666666666
0 0.9276041666666667 0.25 0.010416666666666666 0.018333333333333333
0 0.9846354166666667 0.2683333333333333 0.0078125 0.023333333333333334
1 0.7338541666666667 0.23541666666666666 0.015625 0.0325
1 0.66796875 0.20458333333333334 0.0109375 0.025833333333333333
1 0.7174479166666666 0.21291666666666667 0.008854166666666666 0.020833333333333332
1 0.8197916666666667 0.22666666666666666 0.007291666666666667 0.023333333333333334
1 0.8934895833333333 0.2520833333333333 0.008854166666666666 0.024166666666666666
1 0.9674479166666666 0.2891666666666667 0.013020833333333334 0.02666666666666667
1 0.9302083333333333 0.26458333333333334 0.011458333333333333 0.025833333333333333
