0 0.5171875 0.3616666666666667 0.03333333333333333 0.09666666666666666
1 0.725 0.27625 0.023958333333333335 0.05583333333333333
0 0.43203125 0.23541666666666666 0.0171875 0.0475
0 0.41640625 0.21875 0.013020833333333334 0.03916666666666667
0 0.3932291666666667 0.2075 0.013541666666666667 0.04
0 0.35963541666666665 0.18791666666666668 0.013020833333333334 0.034166666666666665
0 0.4122395833333333 0.17458333333333334 0.0109375 0.029166666666666667
0 0.48203125 0.17416666666666666 0.009895833333333333 0.03
0 0.57890625 0.18125 0.0078125 0.0225
0 0.7934895833333333 0.20833333333333334 0.009895833333333333 0.02666666666666667
0 0.9111979166666667 0.23208333333333334 0.009895833333333333 0.025833333333333333
1 0.97265625 0.4075 0.034895833333333334 0.095
1 0.81484375 0.3179166666666667 0.025520833333333333 0.0625
1 0.6700520833333333 0.24875 0.021354166666666667 0.050833333333333335
1 0.6135416666666667 0.225 0.01875 0.041666666666666664
1 0.5578125 0.21208333333333335 0.01875 0.0375
1 0.5200520833333333 0.20208333333333334 0.015104166666666667 0.034166666666666665
1 0.5302083333333333 0.19166666666666668 0.0125 0.03333333333333333
1 0.5703125 0.19125 0.0125 0.0325
1 0.628125 0.1925 0.015625 0.035
1 0.7736979166666667 0.21291666666666667 0.009895833333333333 0.0275
1 0.8458333333333333 0.2275 0.013541666666666667 0.03
1 0.9536458333333333 0.2579166666666667 0.013541666666666667 0.034166666666666665
1 0.9651041666666667 0.26416666666666666 0.0125 0.03666666666666667
1 0.7 0.2025 0.011458333333333333 0.025
1 0.9072916666666667 0.24583333333333332 0.0125 0.023333333333333334
2 0.5013020833333334 0.28625 0.0328125 0.11416666666666667
2 0.4861979166666667 0.27291666666666664 0.0296875 0.1025
2 0.8346354166666666 0.3070833333333333 0.0328125 0.10083333333333333
2 0.8020833333333334 0.2945833333333333 0.029166666666666667 0.0975
