0 0.4505208333333333 0.57625 0.07083333333333333 0.1775
0 0.7013020833333333 0.32916666666666666 0.022395833333333334 0.07333333333333333
0 0.7760416666666666 0.275 0.015625 0.05
0 0.7927083333333333 0.2504166666666667 0.0125 0.04083333333333333
0 0.759375 0.24333333333333335 0.007291666666666667 0.03333333333333333
0 0.65703125 0.22375 0.0078125 0.0325
0 0.9177083333333333 0.23458333333333334 0.008333333333333333 0.0225
1 0.9864583333333333 0.3204166666666667 0.020833333333333332 0.0525
1 0.9596354166666666 0.28458333333333335 0.015104166666666667 0.04083333333333333
1 0.990625 0.26458333333333334 0.011458333333333333 0.029166666666666667
1 0.9716145833333333 0.25625 0.0109375 0.0275
1 0.93359375 0.24583333333333332 0.0109375 0.023333333333333334
1 0.88203125 0.2325 0.0109375 0.025
1 0.8671875 0.24916666666666668 0.016666666666666666 0.03166666666666667
1 0.9270833333333334 0.26916666666666667 0.015625 0.03333333333333333
