0 0.10572916666666667 0.7808333333333334 0.09270833333333334 0.27666666666666667
0 0.5309895833333333 0.3475 0.025520833333333333 0.09333333333333334
1 0.7263020833333333 0.27541666666666664 0.024479166666666666 0.05416666666666667
0 0.43984375 0.23291666666666666 0.0171875 0.04583333333333333
0 0.421875 0.21833333333333332 0.0125 0.03833333333333333
0 0.39895833333333336 0.20833333333333334 0.0125 0.03666666666666667
0 0.36354166666666665 0.1875 0.014583333333333334 0.03333333333333333
0 0.41458333333333336 0.17541666666666667 0.011458333333333333 0.0275
0 0.48411458333333335 0.17583333333333334 0.009895833333333333 0.02666666666666667
0 0.7903645833333334 0.20375 0.008854166666666666 0.024166666666666666
0 0.57890625 0.17958333333333334 0.009895833333333333 0.0275
0 0.9072916666666667 0.23458333333333334 0.011458333333333333 0.025833333333333333
0 0.99375 0.25375 0.00625 0.0325
1 0.9640625 0.3933333333333333 0.035416666666666666 0.09
1 0.8127604166666667 0.31333333333333335 0.024479166666666666 0.06333333333333334
1 0.6713541666666667 0.2475 0.023958333333333335 0.04833333333333333
1 0.6138020833333333 0.2225 0.019270833333333334 0.043333333333333335
1 0.5591145833333333 0.2125 0.018229166666666668 0.035
1 0.52109375 0.20083333333333334 0.0140625 0.03333333333333333
1 0.53046875 0.19291666666666665 0.0140625 0.029166666666666667
1 0.5697916666666667 0.19083333333333333 0.0125 0.03166666666666667
1 0.628125 0.1925 0.014583333333333334 0.03166666666666667
1 0.7705729166666667 0.20916666666666667 0.0109375 0.03166666666666667
1 0.8411458333333334 0.22375 0.0125 0.0325
1 0.9484375 0.25625 0.0125 0.0325
1 0.69765625 0.20125 0.013020833333333334 0.025833333333333333
1 0.9604166666666667 0.2629166666666667 0.011458333333333333 0.034166666666666665
1 0.9015625 0.24208333333333334 0.0125 0.029166666666666667
2 0.5111979166666667 0.2791666666666667 0.030729166666666665 0.10833333333333334
2 0.49609375 0.26708333333333334 0.03177083333333333 0.09916666666666667
2 0.8338541666666667 0.30083333333333334 0.03125 0.09833333333333333
2 0.7979166666666667 0.2925 0.028125 0.09666666666666666
