0 0.6598958333333333 0.3929166666666667 0.0375 0.10916666666666666
0 0.7552083333333334 0.29875 0.020833333333333332 0.05583333333333333
0 0.8018229166666667 0.26625 0.0140625 0.04083333333333333
0 0.8140625 0.24875 0.009375 0.029166666666666667
1 0.9768229166666667 0.30041666666666667 0.018229166666666668 0.049166666666666664
0 0.9265625 0.23791666666666667 0.010416666666666666 0.0225
1 0.8783854166666667 0.24833333333333332 0.015104166666666667 0.03166666666666667
1 0.9583333333333334 0.27541666666666664 0.011458333333333333 0.035833333333333335
1 0.93203125 0.265 0.015104166666666667 0.03333333333333333
1 0.8919270833333334 0.23791666666666667 0.008854166666666666 0.020833333333333332
1 0.9411458333333333 0.24416666666666667 0.009375 0.02666666666666667
1 0.9763020833333333 0.25666666666666665 0.0109375 0.028333333333333332
