0 0.20807291666666666 0.7045833333333333 0.10260416666666666 0.2475
0 0.70859375 0.3620833333333333 0.03177083333333333 0.0925
0 0.7786458333333334 0.28875 0.016666666666666666 0.05583333333333333
0 0.8205729166666667 0.2658333333333333 0.011979166666666667 0.04
0 0.8286458333333333 0.25083333333333335 0.005208333333333333 0.02666666666666667
1 0.9809895833333333 0.30041666666666667 0.013020833333333334 0.04083333333333333
0 0.9364583333333333 0.24333333333333335 0.009375 0.02
1 0.8903645833333333 0.2529166666666667 0.0140625 0.029166666666666667
1 0.965625 0.2791666666666667 0.013541666666666667 0.03166666666666667
1 0.9403645833333333 0.2679166666666667 0.011979166666666667 0.030833333333333334
1 0.9041666666666667 0.24041666666666667 0.009375 0.0225
1 0.9515625 0.25125 0.009375 0.0275
1 0.9838541666666667 0.26375 0.011458333333333333 0.0275
