0 0.40729166666666666 0.46125 0.05416666666666667 0.12416666666666666
0 0.40651041666666665 0.36583333333333334 0.034895833333333334 0.08666666666666667
0 0.21536458333333333 0.29 0.0234375 0.07
0 0.121875 0.235 0.011458333333333333 0.05
0 0.14817708333333332 0.20666666666666667 0.0109375 0.03833333333333333
0 0.24375 0.195 0.011458333333333333 0.035
0 0.8971354166666666 0.26166666666666666 0.011979166666666667 0.03166666666666667
0 0.7546875 0.23416666666666666 0.009375 0.03
1 0.959375 0.43916666666666665 0.04375 0.105
1 0.778125 0.3458333333333333 0.0375 0.08
1 0.5122395833333333 0.2816666666666667 0.0203125 0.07166666666666667
1 0.8380208333333333 0.26 0.014583333333333334 0.04
1 0.9276041666666667 0.2841666666666667 0.017708333333333333 0.04
