0 0.26276041666666666 0.6079166666666667 0.07760416666666667 0.20083333333333334
0 0.6171875 0.33708333333333335 0.029166666666666667 0.0775
0 0.575 0.30291666666666667 0.020833333333333332 0.0625
0 0.4036458333333333 0.25625 0.016666666666666666 0.0475
0 0.2947916666666667 0.21541666666666667 0.008333333333333333 0.04416666666666667
0 0.2838541666666667 0.19625 0.010416666666666666 0.035833333333333335
0 0.34401041666666665 0.18791666666666668 0.008854166666666666 0.025833333333333333
0 0.8984375 0.25583333333333336 0.009375 0.028333333333333332
0 0.7731770833333333 0.23375 0.0109375 0.029166666666666667
1 0.9328125 0.35541666666666666 0.030208333333333334 0.06916666666666667
1 0.809375 0.30625 0.026041666666666668 0.05416666666666667
1 0.8458333333333333 0.25333333333333335 0.013541666666666667 0.041666666666666664
1 0.9231770833333334 0.27625 0.0171875 0.0375
1 0.9841145833333333 0.2975 0.016145833333333335 0.035
