0 0.65078125 0.37166666666666665 0.03802083333333333 0.09833333333333333
0 0.7822916666666667 0.30083333333333334 0.016666666666666666 0.058333333333333334
0 0.8171875 0.2683333333333333 0.0125 0.03833333333333333
0 0.8471354166666667 0.2554166666666667 0.013020833333333334 0.029166666666666667
0 0.8546875 0.245 0.008333333333333333 0.03
1 0.9869791666666666 0.30916666666666665 0.016666666666666666 0.043333333333333335
1 0.9755208333333333 0.28458333333333335 0.011458333333333333 0.034166666666666665
1 0.9669270833333333 0.2704166666666667 0.0109375 0.029166666666666667
1 0.946875 0.2608333333333333 0.013541666666666667 0.02666666666666667
1 0.9057291666666667 0.24708333333333332 0.009375 0.0275
1 0.9192708333333334 0.23958333333333334 0.009375 0.020833333333333332
