0 0.5682291666666667 0.4083333333333333 0.042708333333333334 0.10166666666666667
0 0.7140625 0.30541666666666667 0.022916666666666665 0.060833333333333336
0 0.70625 0.2629166666666667 0.013541666666666667 0.0375
1 0.98125 0.3616666666666667 0.028125 0.06833333333333333
1 0.8885416666666667 0.29083333333333333 0.016666666666666666 0.045
1 0.7604166666666666 0.24875 0.016666666666666666 0.0375
1 0.8140625 0.26458333333333334 0.0125 0.030833333333333334
0 0.52890625 0.20625 0.008854166666666666 0.0275
0 0.4856770833333333 0.19625 0.008854166666666666 0.024166666666666666
0 0.5010416666666667 0.185 0.008333333333333333 0.02
0 0.5442708333333334 0.18791666666666668 0.007291666666666667 0.019166666666666665
0 0.7755208333333333 0.2175 0.007291666666666667 0.015
0 0.8669270833333333 0.23291666666666666 0.0078125 0.0225
0 0.9333333333333333 0.24958333333333332 0.007291666666666667 0.0225
0 0.9942708333333333 0.27208333333333334 0.007291666666666667 0.019166666666666665
1 0.7208333333333333 0.23666666666666666 0.013541666666666667 0.03333333333333333
1 0.6736979166666667 0.22166666666666668 0.011979166666666667 0.03
1 0.6299479166666667 0.21666666666666667 0.0109375 0.025
1 0.65625 0.2025 0.010416666666666666 0.02666666666666667
1 0.7091145833333333 0.21083333333333334 0.009895833333333333 0.023333333333333334
1 0.8171875 0.22875 0.009375 0.025833333333333333
1 0.8963541666666667 0.24875 0.011458333333333333 0.024166666666666666
1 0.9049479166666666 0.25416666666666665 0.013020833333333334 0.025
1 0.98046875 0.29583333333333334 0.0171875 0.035
1 0.9380208333333333 0.2683333333333333 0.0125 0.03
