0 0.38828125 0.45708333333333334 0.04635416666666667 0.13916666666666666
1 0.7497395833333333 0.31375 0.028645833333333332 0.06416666666666666
0 0.40260416666666665 0.255 0.021875 0.045
0 0.3963541666666667 0.23208333333333334 0.015625 0.0425
0 0.37942708333333336 0.22 0.015104166666666667 0.04
0 0.35442708333333334 0.19708333333333333 0.0140625 0.034166666666666665
0 0.42239583333333336 0.1825 0.0125 0.03
0 0.5015625 0.1825 0.011458333333333333 0.02666666666666667
0 0.6078125 0.19041666666666668 0.011458333333333333 0.0275
0 0.8401041666666667 0.225 0.009375 0.025
1 0.6875 0.27416666666666667 0.028125 0.06333333333333334
1 0.6270833333333333 0.24166666666666667 0.019791666666666666 0.051666666666666666
1 0.56875 0.22458333333333333 0.020833333333333332 0.03916666666666667
1 0.5296875 0.21125 0.015625 0.0375
1 0.5463541666666667 0.20125 0.014583333333333334 0.034166666666666665
1 0.5916666666666667 0.20125 0.015625 0.0325
1 0.6578125 0.20583333333333334 0.014583333333333334 0.035
1 0.815625 0.2275 0.0125 0.03333333333333333
1 0.89609375 0.2475 0.015104166666666667 0.03333333333333333
1 0.8567708333333334 0.3725 0.03229166666666667 0.08333333333333333
2 0.42994791666666665 0.33166666666666667 0.049479166666666664 0.14166666666666666
2 0.8833333333333333 0.36583333333333334 0.04479166666666667 0.13166666666666665
2 0.8377604166666667 0.3475 0.043229166666666666 0.13
1 0.7356770833333334 0.21458333333333332 0.0109375 0.029166666666666667
1 0.9638020833333333 0.26916666666666667 0.013020833333333334 0.028333333333333332
0 0.9658854166666667 0.2575 0.009895833333333333 0.025
