0 0.19036458333333334 0.8279166666666666 0.13697916666666668 0.30416666666666664
0 0.47369791666666666 0.27958333333333335 0.027604166666666666 0.06416666666666666
0 0.48385416666666664 0.2504166666666667 0.021875 0.0575
0 0.46927083333333336 0.22833333333333333 0.020833333333333332 0.05
0 0.4466145833333333 0.20125 0.0140625 0.030833333333333334
0 0.5346354166666667 0.18625 0.011979166666666667 0.030833333333333334
0 0.6252604166666667 0.18958333333333333 0.015104166666666667 0.030833333333333334
0 0.7434895833333334 0.20458333333333334 0.013020833333333334 0.030833333333333334
1 0.9236979166666667 0.38375 0.03802083333333333 0.0925
1 0.8393229166666667 0.3175 0.028645833333333332 0.07333333333333333
1 0.76171875 0.2708333333333333 0.027604166666666666 0.06
1 0.6958333333333333 0.24541666666666667 0.023958333333333335 0.04583333333333333
1 0.6497395833333334 0.22291666666666668 0.016145833333333335 0.04583333333333333
1 0.67265625 0.21541666666666667 0.0140625 0.034166666666666665
1 0.7268229166666667 0.21458333333333332 0.016145833333333335 0.0325
1 0.79765625 0.22458333333333333 0.018229166666666668 0.0325
1 0.9752604166666666 0.2579166666666667 0.013020833333333334 0.0275
