0 0.43020833333333336 0.50375 0.06041666666666667 0.15583333333333332
0 0.6828125 0.32083333333333336 0.025 0.07166666666666667
0 0.6815104166666667 0.27208333333333334 0.015104166666666667 0.049166666666666664
0 0.5015625 0.21125 0.0125 0.030833333333333334
0 0.46015625 0.19666666666666666 0.013020833333333334 0.028333333333333332
0 0.47734375 0.18416666666666667 0.0109375 0.018333333333333333
0 0.7697916666666667 0.21125 0.008333333333333333 0.0225
0 0.9325520833333333 0.2504166666666667 0.011979166666666667 0.024166666666666666
0 0.9950520833333333 0.2704166666666667 0.0078125 0.019166666666666665
1 0.9908854166666666 0.3883333333333333 0.015104166666666667 0.07
1 0.88671875 0.2966666666666667 0.0171875 0.04833333333333333
1 0.8059895833333334 0.2675 0.013020833333333334 0.03666666666666667
1 0.7484375 0.2504166666666667 0.015625 0.04083333333333333
1 0.7052083333333333 0.23666666666666666 0.014583333333333334 0.03666666666666667
1 0.65625 0.22 0.014583333333333334 0.035
1 0.6114583333333333 0.2125 0.016666666666666666 0.03333333333333333
1 0.6416666666666667 0.2 0.010416666666666666 0.023333333333333334
1 0.6971354166666667 0.20541666666666666 0.005729166666666666 0.019166666666666665
1 0.7544270833333333 0.21416666666666667 0.005729166666666666 0.023333333333333334
1 0.8111979166666666 0.22625 0.0078125 0.024166666666666666
1 0.85625 0.23666666666666666 0.005208333333333333 0.021666666666666667
1 0.8921875 0.24666666666666667 0.007291666666666667 0.028333333333333332
1 0.9 0.25166666666666665 0.010416666666666666 0.021666666666666667
1 0.9380208333333333 0.2675 0.013541666666666667 0.03166666666666667
1 0.9856770833333334 0.2975 0.013020833333333334 0.03666666666666667
