0 0.14088541666666668 0.7654166666666666 0.1140625 0.26916666666666667
0 0.70078125 0.36916666666666664 0.034895833333333334 0.09333333333333334
0 0.7736979166666667 0.2941666666666667 0.0171875 0.051666666666666666
0 0.8177083333333334 0.27208333333333334 0.0125 0.034166666666666665
0 0.8260416666666667 0.2579166666666667 0.008333333333333333 0.0275
1 0.9791666666666666 0.30333333333333334 0.016666666666666666 0.041666666666666664
0 0.9348958333333334 0.24458333333333335 0.008333333333333333 0.020833333333333332
1 0.8877604166666667 0.25666666666666665 0.0140625 0.03166666666666667
1 0.9645833333333333 0.28291666666666665 0.014583333333333334 0.0375
1 0.9403645833333333 0.26958333333333334 0.009895833333333333 0.0275
1 0.9013020833333333 0.24375 0.008854166666666666 0.025833333333333333
1 0.9484375 0.25458333333333333 0.009375 0.025833333333333333
1 0.9825520833333333 0.2658333333333333 0.0109375 0.02666666666666667
