0 0.34661458333333334 0.5283333333333333 0.0453125 0.15333333333333332
0 0.50234375 0.2970833333333333 0.0296875 0.07416666666666667
0 0.5299479166666666 0.25958333333333333 0.0203125 0.050833333333333335
0 0.5265625 0.23583333333333334 0.019791666666666666 0.043333333333333335
0 0.5127604166666667 0.20875 0.016145833333333335 0.0375
0 0.6140625 0.19708333333333333 0.013541666666666667 0.030833333333333334
0 0.7127604166666667 0.20166666666666666 0.011979166666666667 0.035
0 0.8385416666666666 0.21958333333333332 0.011458333333333333 0.025833333333333333
0 0.99140625 0.25333333333333335 0.013020833333333334 0.03
1 0.9177083333333333 0.35541666666666666 0.03958333333333333 0.08416666666666667
1 0.84140625 0.29541666666666666 0.025520833333333333 0.06583333333333333
1 0.77421875 0.2625 0.0265625 0.05
1 0.7294270833333333 0.23833333333333334 0.019270833333333334 0.045
1 0.7575520833333333 0.23 0.0171875 0.03666666666666667
1 0.8166666666666667 0.23333333333333334 0.01875 0.03666666666666667
1 0.89609375 0.24125 0.0171875 0.0425
1 0.9901041666666667 0.2629166666666667 0.014583333333333334 0.0375
2 0.32109375 0.515 0.0921875 0.29333333333333333
2 0.36015625 0.4554166666666667 0.07135416666666666 0.2475
