0 0.27786458333333336 0.5895833333333333 0.07552083333333333 0.18916666666666668
0 0.6497395833333334 0.32625 0.025520833333333333 0.07416666666666667
0 0.7072916666666667 0.27416666666666667 0.014583333333333334 0.04833333333333333
0 0.6697916666666667 0.25375 0.014583333333333334 0.049166666666666664
0 0.5372395833333333 0.23041666666666666 0.008854166666666666 0.029166666666666667
0 0.88203125 0.23375 0.0067708333333333336 0.0275
0 0.7768229166666667 0.21916666666666668 0.0078125 0.023333333333333334
0 0.9802083333333333 0.2625 0.008333333333333333 0.025
1 0.9471354166666667 0.31666666666666665 0.024479166666666666 0.05333333333333334
1 0.9010416666666666 0.28875 0.020833333333333332 0.0475
1 0.8177083333333334 0.26125 0.017708333333333333 0.04083333333333333
1 0.8385416666666666 0.23291666666666666 0.011458333333333333 0.030833333333333334
1 0.9020833333333333 0.24875 0.014583333333333334 0.035833333333333335
1 0.9489583333333333 0.26416666666666666 0.0125 0.03166666666666667
1 0.9755208333333333 0.275 0.0125 0.035
