0 0.14583333333333334 0.77 0.10416666666666667 0.23833333333333334
0 0.14296875 0.39916666666666667 0.04739583333333333 0.11666666666666667
0 0.18776041666666668 0.275 0.022395833333333334 0.06833333333333333
0 0.30885416666666665 0.23083333333333333 0.017708333333333333 0.05333333333333334
0 0.4765625 0.21916666666666668 0.013541666666666667 0.045
0 0.6315104166666666 0.23708333333333334 0.011979166666666667 0.04583333333333333
0 0.8114583333333333 0.25833333333333336 0.008333333333333333 0.03166666666666667
0 0.9763020833333333 0.28458333333333335 0.011979166666666667 0.03916666666666667
1 0.878125 0.28833333333333333 0.013541666666666667 0.04
1 0.76171875 0.27291666666666664 0.0109375 0.03916666666666667
1 0.6638020833333333 0.2704166666666667 0.011979166666666667 0.04416666666666667
1 0.5963541666666666 0.2833333333333333 0.01875 0.03666666666666667
1 0.5924479166666666 0.3145833333333333 0.018229166666666668 0.0475
1 0.7307291666666667 0.40458333333333335 0.03125 0.08583333333333333
