0 0.6018229166666667 0.36916666666666664 0.0421875 0.09333333333333334
0 0.6375 0.28291666666666665 0.016666666666666666 0.0525
1 0.7265625 0.25333333333333335 0.022916666666666665 0.045
1 0.88984375 0.31333333333333335 0.022395833333333334 0.056666666666666664
1 0.79375 0.27875 0.015625 0.0375
0 0.5901041666666667 0.25708333333333333 0.014583333333333334 0.04083333333333333
1 0.6809895833333334 0.23666666666666666 0.018229166666666668 0.03833333333333333
0 0.4161458333333333 0.19166666666666668 0.010416666666666666 0.02666666666666667
0 0.76015625 0.20791666666666667 0.008854166666666666 0.0225
1 0.6307291666666667 0.22041666666666668 0.015625 0.035833333333333335
1 0.5799479166666667 0.21083333333333334 0.013020833333333334 0.03
0 0.8588541666666667 0.2275 0.010416666666666666 0.025
0 0.9346354166666667 0.24708333333333332 0.008854166666666666 0.024166666666666666
1 0.5424479166666667 0.20375 0.009895833333333333 0.024166666666666666
1 0.74453125 0.21041666666666667 0.008854166666666666 0.025833333333333333
1 0.8052083333333333 0.22375 0.010416666666666666 0.0275
1 0.89375 0.24458333333333335 0.009375 0.030833333333333334
1 0.8552083333333333 0.23375 0.010416666666666666 0.029166666666666667
1 0.6223958333333334 0.1975 0.011458333333333333 0.025
1 0.9020833333333333 0.25166666666666665 0.011458333333333333 0.02666666666666667
1 0.94453125 0.27166666666666667 0.015104166666666667 0.03666666666666667
2 0.6013020833333333 0.25166666666666665 0.019270833333333334 0.07166666666666667
2 0.58359375 0.24625 0.0171875 0.0625
2 0.8052083333333333 0.26708333333333334 0.020833333333333332 0.06916666666666667
2 0.7838541666666666 0.2633333333333333 0.019791666666666666 0.06666666666666667
