0 0.4088541666666667 0.5066666666666667 0.06041666666666667 0.15
0 0.6442708333333333 0.3254166666666667 0.026041666666666668 0.07083333333333333
0 0.6020833333333333 0.29791666666666666 0.01875 0.059166666666666666
0 0.43776041666666665 0.24875 0.0140625 0.0475
0 0.32838541666666665 0.21458333333333332 0.008854166666666666 0.030833333333333334
0 0.30963541666666666 0.19333333333333333 0.0109375 0.03
0 0.3640625 0.18708333333333332 0.010416666666666666 0.0325
0 0.896875 0.25583333333333336 0.008333333333333333 0.028333333333333332
0 0.7763020833333333 0.23333333333333334 0.008854166666666666 0.028333333333333332
1 0.9252604166666667 0.3425 0.028645833333333332 0.065
1 0.8140625 0.29791666666666666 0.025 0.05416666666666667
1 0.8489583333333334 0.2525 0.016666666666666666 0.035
1 0.9205729166666666 0.27166666666666667 0.016145833333333335 0.03666666666666667
1 0.9791666666666666 0.29125 0.015625 0.0425
