0 0.30104166666666665 0.54875 0.065625 0.18083333333333335
1 0.7924479166666667 0.33666666666666667 0.027604166666666666 0.07166666666666667
0 0.4153645833333333 0.26375 0.019270833333333334 0.0475
0 0.41692708333333334 0.2375 0.018229166666666668 0.04666666666666667
0 0.40182291666666664 0.2225 0.0171875 0.03833333333333333
0 0.3796875 0.20083333333333334 0.013541666666666667 0.03666666666666667
0 0.45651041666666664 0.18625 0.011979166666666667 0.0325
0 0.5403645833333334 0.18541666666666667 0.013020833333333334 0.029166666666666667
0 0.6526041666666667 0.195 0.0125 0.02666666666666667
0 0.8942708333333333 0.23375 0.010416666666666666 0.024166666666666666
1 0.7247395833333333 0.28791666666666665 0.034895833333333334 0.06583333333333333
1 0.6645833333333333 0.2520833333333333 0.025 0.050833333333333335
1 0.60546875 0.23208333333333334 0.022395833333333334 0.0425
1 0.5658854166666667 0.2175 0.016145833333333335 0.041666666666666664
1 0.5864583333333333 0.20833333333333334 0.015625 0.03666666666666667
1 0.634375 0.20791666666666667 0.014583333333333334 0.0375
1 0.7041666666666667 0.21375 0.016666666666666666 0.034166666666666665
1 0.7841145833333333 0.22291666666666668 0.0109375 0.029166666666666667
1 0.8697916666666666 0.23875 0.0125 0.0325
1 0.9528645833333333 0.2604166666666667 0.015104166666666667 0.029166666666666667
1 0.91640625 0.4170833333333333 0.03177083333333333 0.09583333333333334
2 0.41015625 0.36625 0.05677083333333333 0.16083333333333333
2 0.9466145833333334 0.4083333333333333 0.049479166666666664 0.155
2 0.89453125 0.38208333333333333 0.043229166666666666 0.14416666666666667
