0 0.6138020833333333 0.39791666666666664 0.03697916666666667 0.10416666666666667
0 0.7315104166666667 0.3 0.019270833333333334 0.055
0 0.7747395833333334 0.26625 0.0140625 0.0375
1 0.94921875 0.30125 0.016145833333333335 0.0475
1 0.9877604166666667 0.34791666666666665 0.0171875 0.07583333333333334
1 0.8911458333333333 0.26958333333333334 0.013541666666666667 0.035833333333333335
1 0.7921875 0.24041666666666667 0.013541666666666667 0.030833333333333334
0 0.75859375 0.2504166666666667 0.013020833333333334 0.034166666666666665
0 0.55625 0.19583333333333333 0.009375 0.021666666666666667
0 0.5604166666666667 0.19125 0.00625 0.0225
0 0.5950520833333334 0.18875 0.0067708333333333336 0.020833333333333332
0 0.7322916666666667 0.20625 0.00625 0.0175
0 0.7963541666666667 0.2175 0.005208333333333333 0.015
0 0.8747395833333333 0.23125 0.0067708333333333336 0.0175
0 0.9325520833333333 0.24458333333333335 0.0067708333333333336 0.020833333333333332
0 0.984375 0.2625 0.007291666666666667 0.018333333333333333
1 0.75859375 0.2275 0.011979166666666667 0.02666666666666667
1 0.9911458333333333 0.29375 0.013541666666666667 0.035833333333333335
1 0.965625 0.27666666666666667 0.011458333333333333 0.03166666666666667
1 0.9346354166666667 0.25708333333333333 0.011979166666666667 0.025833333333333333
