0 0.4635416666666667 0.5683333333333334 0.06979166666666667 0.18
0 0.7044270833333334 0.3283333333333333 0.0296875 0.07166666666666667
0 0.7776041666666667 0.27875 0.014583333333333334 0.04583333333333333
0 0.79453125 0.25458333333333333 0.011979166666666667 0.035833333333333335
1 0.98671875 0.32125 0.0203125 0.05416666666666667
0 0.9174479166666667 0.23708333333333334 0.0067708333333333336 0.0225
1 0.8674479166666667 0.2529166666666667 0.0140625 0.035833333333333335
1 0.959375 0.28791666666666665 0.017708333333333333 0.04083333333333333
1 0.9283854166666666 0.27125 0.015104166666666667 0.0375
1 0.934375 0.24625 0.010416666666666666 0.019166666666666665
1 0.8822916666666667 0.2375 0.011458333333333333 0.03166666666666667
1 0.9736979166666667 0.2579166666666667 0.011979166666666667 0.0325
1 0.99296875 0.27 0.011979166666666667 0.03
