0 0.3997395833333333 0.5245833333333333 0.0546875 0.1675
0 0.6739583333333333 0.32708333333333334 0.026041666666666668 0.06583333333333333
0 0.6765625 0.2733333333333333 0.01875 0.04666666666666667
1 0.7458333333333333 0.25166666666666665 0.017708333333333333 0.045
1 0.8848958333333333 0.3020833333333333 0.01875 0.04416666666666667
1 0.8015625 0.2708333333333333 0.016666666666666666 0.03666666666666667
0 0.63046875 0.2529166666666667 0.016145833333333335 0.04416666666666667
0 0.49557291666666664 0.21 0.0109375 0.025
1 0.7010416666666667 0.2375 0.017708333333333333 0.03833333333333333
0 0.45364583333333336 0.195 0.011458333333333333 0.02666666666666667
0 0.4734375 0.18583333333333332 0.010416666666666666 0.021666666666666667
0 0.5942708333333333 0.19166666666666668 0.010416666666666666 0.02666666666666667
0 0.6903645833333333 0.20375 0.008854166666666666 0.020833333333333332
0 0.7651041666666667 0.21583333333333332 0.008333333333333333 0.023333333333333334
0 0.8591145833333333 0.23541666666666666 0.008854166666666666 0.020833333333333332
0 0.9296875 0.25333333333333335 0.009375 0.021666666666666667
0 0.9940104166666667 0.27416666666666667 0.008854166666666666 0.02666666666666667
1 0.6518229166666667 0.22125 0.013020833333333334 0.0325
1 0.6065104166666667 0.21416666666666667 0.013020833333333334 0.03
1 0.7518229166666667 0.2175 0.011979166666666667 0.025
1 0.8075520833333333 0.22625 0.0109375 0.0225
1 0.8916666666666667 0.2504166666666667 0.010416666666666666 0.025833333333333333
1 0.8997395833333334 0.2554166666666667 0.009895833333333333 0.025833333333333333
1 0.9864583333333333 0.3045833333333333 0.015625 0.03916666666666667
1 0.9369791666666667 0.27375 0.014583333333333334 0.0325
1 0.6377604166666667 0.20166666666666666 0.009895833333333333 0.02666666666666667
2 0.6408854166666667 0.24875 0.016145833333333335 0.060833333333333336
2 0.6247395833333333 0.24125 0.015104166666666667 0.060833333333333336
2 0.8130208333333333 0.2633333333333333 0.017708333333333333 0.06
2 0.7934895833333333 0.25833333333333336 0.018229166666666668 0.056666666666666664
1 0.85546875 0.24 0.009895833333333333 0.02666666666666667
