0 0.13645833333333332 0.6920833333333334 0.1 0.23583333333333334
0 0.634375 0.34833333333333333 0.03333333333333333 0.08
0 0.70078125 0.28208333333333335 0.019270833333333334 0.050833333333333335
0 0.6614583333333334 0.26708333333333334 0.019791666666666666 0.0375
0 0.5260416666666666 0.23083333333333333 0.016666666666666666 0.03833333333333333
0 0.9833333333333333 0.2708333333333333 0.0125 0.028333333333333332
0 0.8841145833333334 0.24333333333333335 0.009895833333333333 0.025
1 0.97890625 0.2841666666666667 0.011979166666666667 0.028333333333333332
1 0.9513020833333333 0.2733333333333333 0.011979166666666667 0.028333333333333332
1 0.9018229166666667 0.25833333333333336 0.015104166666666667 0.028333333333333332
1 0.83984375 0.24125 0.011979166666666667 0.029166666666666667
1 0.9505208333333334 0.33 0.026041666666666668 0.06
1 0.90234375 0.2995833333333333 0.0203125 0.049166666666666664
1 0.81640625 0.27125 0.019270833333333334 0.03916666666666667
