0 0.20989583333333334 0.6504166666666666 0.07395833333333333 0.22416666666666665
1 0.8463541666666666 0.3625 0.0375 0.08666666666666667
0 0.4375 0.2733333333333333 0.023958333333333335 0.06166666666666667
0 0.4473958333333333 0.24541666666666667 0.01875 0.050833333333333335
0 0.4348958333333333 0.22875 0.019791666666666666 0.0475
0 0.41380208333333335 0.20291666666666666 0.015104166666666667 0.04083333333333333
0 0.49895833333333334 0.19083333333333333 0.0125 0.03333333333333333
0 0.5864583333333333 0.1925 0.0125 0.03166666666666667
0 0.70234375 0.20291666666666666 0.0109375 0.025833333333333333
0 0.8421875 0.22708333333333333 0.011458333333333333 0.029166666666666667
0 0.9526041666666667 0.24833333333333332 0.013541666666666667 0.03166666666666667
1 0.7768229166666667 0.30833333333333335 0.0296875 0.06833333333333333
1 0.7104166666666667 0.26375 0.028125 0.05416666666666667
1 0.64921875 0.24125 0.0234375 0.04583333333333333
1 0.6088541666666667 0.22333333333333333 0.017708333333333333 0.041666666666666664
1 0.63125 0.21458333333333332 0.016666666666666666 0.0375
1 0.6828125 0.21625 0.017708333333333333 0.034166666666666665
1 0.7546875 0.22083333333333333 0.014583333333333334 0.03333333333333333
1 0.8393229166666667 0.23541666666666666 0.011979166666666667 0.0275
1 0.9270833333333334 0.25333333333333335 0.0125 0.03666666666666667
2 0.39765625 0.3908333333333333 0.06197916666666667 0.19333333333333333
2 0.96171875 0.41333333333333333 0.04739583333333333 0.15
