0 0.4609375 0.37916666666666665 0.04583333333333333 0.105
0 0.5322916666666667 0.31666666666666665 0.028125 0.075
0 0.5411458333333333 0.28041666666666665 0.020833333333333332 0.0575
0 0.5411458333333333 0.2375 0.01875 0.055
0 0.66953125 0.22666666666666666 0.016145833333333335 0.03666666666666667
1 0.9440104166666666 0.3720833333333333 0.030729166666666665 0.0825
1 0.8526041666666667 0.31875 0.022916666666666665 0.0625
1 0.8002604166666667 0.2841666666666667 0.021354166666666667 0.055
1 0.8359375 0.2683333333333333 0.017708333333333333 0.045
1 0.90078125 0.27458333333333335 0.019270833333333334 0.0375
1 0.9908854166666666 0.2875 0.009895833333333333 0.045
0 0.7815104166666667 0.23541666666666666 0.015104166666666667 0.034166666666666665
0 0.9268229166666667 0.25916666666666666 0.013020833333333334 0.03833333333333333
