0 0.45546875 0.3975 0.044270833333333336 0.10833333333333334
0 0.5388020833333333 0.32625 0.0328125 0.0825
0 0.5520833333333334 0.28833333333333333 0.020833333333333332 0.06333333333333334
0 0.55390625 0.24541666666666667 0.021354166666666667 0.050833333333333335
0 0.6901041666666666 0.23208333333333334 0.015625 0.04083333333333333
1 0.9739583333333334 0.39 0.036458333333333336 0.08666666666666667
1 0.8763020833333334 0.32916666666666666 0.028645833333333332 0.065
1 0.8231770833333333 0.29375 0.0203125 0.05416666666666667
1 0.8604166666666667 0.2775 0.017708333333333333 0.04833333333333333
1 0.928125 0.28833333333333333 0.017708333333333333 0.043333333333333335
0 0.80625 0.24125 0.013541666666666667 0.04416666666666667
0 0.95234375 0.26958333333333334 0.0140625 0.035833333333333335
