0 0.4596354166666667 0.3858333333333333 0.044270833333333336 0.1
0 0.5338541666666666 0.31916666666666665 0.030208333333333334 0.07833333333333334
0 0.5442708333333334 0.285 0.020833333333333332 0.06
0 0.5447916666666667 0.24208333333333334 0.019791666666666666 0.049166666666666664
0 0.6765625 0.22666666666666666 0.015625 0.045
1 0.9544270833333334 0.375 0.033854166666666664 0.07833333333333334
1 0.8611979166666667 0.32125 0.025520833333333333 0.06416666666666666
1 0.8075520833333333 0.28625 0.019270833333333334 0.059166666666666666
1 0.84296875 0.2733333333333333 0.018229166666666668 0.04833333333333333
1 0.9114583333333334 0.2816666666666667 0.01875 0.041666666666666664
0 0.79140625 0.23833333333333334 0.013020833333333334 0.03666666666666667
0 0.9356770833333333 0.2625 0.0140625 0.035
