0 0.39765625 0.6120833333333333 0.09010416666666667 0.21083333333333334
0 0.6947916666666667 0.34041666666666665 0.03125 0.0775
0 0.79609375 0.2920833333333333 0.016145833333333335 0.050833333333333335
0 0.825 0.2658333333333333 0.0125 0.03333333333333333
0 0.8505208333333333 0.25625 0.008333333333333333 0.0275
0 0.8588541666666667 0.24875 0.007291666666666667 0.0225
1 0.9822916666666667 0.3025 0.013541666666666667 0.045
1 0.9729166666666667 0.2825 0.010416666666666666 0.03166666666666667
1 0.9666666666666667 0.26916666666666667 0.008333333333333333 0.028333333333333332
1 0.94921875 0.26166666666666666 0.013020833333333334 0.02666666666666667
1 0.9067708333333333 0.24875 0.010416666666666666 0.024166666666666666
