0 0.6375 0.3858333333333333 0.041666666666666664 0.09333333333333334
0 0.78359375 0.3025 0.021354166666666667 0.06166666666666667
0 0.8203125 0.26916666666666667 0.017708333333333333 0.043333333333333335
0 0.84921875 0.2579166666666667 0.0109375 0.0275
0 0.85703125 0.245 0.009895833333333333 0.023333333333333334
0 0.95234375 0.245 0.0078125 0.021666666666666667
1 0.99140625 0.31125 0.011979166666666667 0.04416666666666667
1 0.9794270833333333 0.2841666666666667 0.0140625 0.028333333333333332
1 0.9721354166666667 0.26958333333333334 0.011979166666666667 0.025833333333333333
1 0.9513020833333333 0.2604166666666667 0.011979166666666667 0.020833333333333332
1 0.90703125 0.24833333333333332 0.011979166666666667 0.028333333333333332
1 0.92265625 0.23708333333333334 0.011979166666666667 0.0225
1 0.96328125 0.24541666666666667 0.0109375 0.0225
1 0.99296875 0.26 0.009895833333333333 0.023333333333333334
