0 0.44583333333333336 0.4325 0.05 0.11833333333333333
0 0.4309895833333333 0.35208333333333336 0.0265625 0.08583333333333333
0 0.23958333333333334 0.28291666666666665 0.022916666666666665 0.0675
0 0.1421875 0.23291666666666666 0.0125 0.04583333333333333
0 0.16171875 0.20666666666666667 0.013020833333333334 0.03833333333333333
0 0.2520833333333333 0.19208333333333333 0.008333333333333333 0.035833333333333335
0 0.8919270833333334 0.25875 0.0109375 0.0375
0 0.7510416666666667 0.2325 0.011458333333333333 0.02666666666666667
1 0.9479166666666666 0.42125 0.04583333333333333 0.09916666666666667
1 0.7778645833333333 0.3375 0.0296875 0.075
1 0.8338541666666667 0.25833333333333336 0.014583333333333334 0.04
1 0.9216145833333333 0.2816666666666667 0.018229166666666668 0.041666666666666664
