0 0.21484375 0.7720833333333333 0.10989583333333333 0.26916666666666667
0 0.6544270833333333 0.34375 0.03177083333333333 0.07916666666666666
0 0.7497395833333333 0.2791666666666667 0.016145833333333335 0.045
0 0.7684895833333333 0.2520833333333333 0.0140625 0.035833333333333335
0 0.9859375 0.25416666666666665 0.009375 0.02
0 0.9010416666666666 0.23208333333333334 0.009375 0.025833333333333333
0 0.7354166666666667 0.24166666666666667 0.009375 0.028333333333333332
0 0.62734375 0.2175 0.0078125 0.03
1 0.9763020833333333 0.2633333333333333 0.009895833333333333 0.028333333333333332
1 0.95703125 0.255 0.009895833333333333 0.02666666666666667
1 0.9166666666666666 0.24083333333333334 0.011458333333333333 0.028333333333333332
1 0.8625 0.23083333333333333 0.0125 0.02666666666666667
1 0.8466145833333333 0.24875 0.015104166666666667 0.0375
1 0.91171875 0.2679166666666667 0.016145833333333335 0.0375
1 0.9442708333333333 0.28125 0.017708333333333333 0.0425
1 0.9786458333333333 0.32875 0.020833333333333332 0.05416666666666667
