0 0.46640625 0.3416666666666667 0.03697916666666667 0.08833333333333333
0 0.04895833333333333 0.8491666666666666 0.09583333333333334 0.2733333333333333
0 0.51328125 0.2925 0.024479166666666666 0.06333333333333334
0 0.5169270833333334 0.26125 0.021354166666666667 0.0525
0 0.5109375 0.22541666666666665 0.019791666666666666 0.049166666666666664
0 0.6278645833333333 0.21083333333333334 0.0140625 0.03833333333333333
1 0.9838541666666667 0.42541666666666667 0.027083333333333334 0.10583333333333333
1 0.8854166666666666 0.33541666666666664 0.029166666666666667 0.07083333333333333
1 0.8020833333333334 0.2920833333333333 0.026041666666666668 0.0575
1 0.7533854166666667 0.26416666666666666 0.018229166666666668 0.051666666666666666
1 0.7854166666666667 0.2504166666666667 0.020833333333333332 0.0475
1 0.8481770833333333 0.25833333333333336 0.015104166666666667 0.04
1 0.934375 0.2683333333333333 0.01875 0.03333333333333333
0 0.7361979166666667 0.21875 0.011979166666666667 0.035833333333333335
0 0.871875 0.24291666666666667 0.014583333333333334 0.034166666666666665
2 0.09244791666666667 0.6954166666666667 0.1265625 0.4191666666666667
