0 0.5111979166666667 0.3958333333333333 0.04635416666666667 0.11
0 0.5908854166666667 0.32875 0.0296875 0.07916666666666666
0 0.6036458333333333 0.29583333333333334 0.023958333333333335 0.058333333333333334
0 0.6057291666666667 0.24916666666666668 0.017708333333333333 0.045
0 0.7401041666666667 0.24083333333333334 0.013541666666666667 0.03833333333333333
0 0.8559895833333333 0.25166666666666665 0.0140625 0.03833333333333333
1 0.9286458333333333 0.34125 0.029166666666666667 0.0675
1 0.8744791666666667 0.30291666666666667 0.021875 0.05583333333333333
1 0.9091145833333333 0.29 0.019270833333333334 0.043333333333333335
1 0.9776041666666667 0.2975 0.019791666666666666 0.04
