0 0.2598958333333333 0.5920833333333333 0.075 0.17583333333333334
0 0.33958333333333335 0.4245833333333333 0.041666666666666664 0.1125
0 0.15130208333333334 0.31 0.030729166666666665 0.08
0 0.08515625 0.24416666666666667 0.015104166666666667 0.05333333333333334
0 0.13515625 0.20916666666666667 0.0140625 0.04666666666666667
0 0.25078125 0.19333333333333333 0.0140625 0.03833333333333333
0 0.95859375 0.2733333333333333 0.013020833333333334 0.03333333333333333
0 0.8057291666666667 0.24208333333333334 0.0125 0.030833333333333334
1 0.82421875 0.38666666666666666 0.03697916666666667 0.09
1 0.5161458333333333 0.2920833333333333 0.019791666666666666 0.06416666666666666
1 0.8942708333333333 0.2733333333333333 0.016666666666666666 0.041666666666666664
1 0.9901041666666667 0.2991666666666667 0.017708333333333333 0.04666666666666667
