0 0.4661458333333333 0.34541666666666665 0.036458333333333336 0.0975
0 0.04010416666666667 0.85875 0.08020833333333334 0.25416666666666665
0 0.5145833333333333 0.29583333333333334 0.027083333333333334 0.06166666666666667
0 0.5177083333333333 0.2625 0.021875 0.055
0 0.5119791666666667 0.22625 0.020833333333333332 0.0475
0 0.6317708333333333 0.215 0.013541666666666667 0.03666666666666667
1 0.8903645833333333 0.33916666666666667 0.0296875 0.075
1 0.8052083333333333 0.2925 0.029166666666666667 0.06333333333333334
1 0.7559895833333333 0.26666666666666666 0.0171875 0.051666666666666666
1 0.7893229166666667 0.25583333333333336 0.019270833333333334 0.043333333333333335
1 0.8533854166666667 0.2604166666666667 0.016145833333333335 0.03916666666666667
1 0.9388020833333334 0.27125 0.016145833333333335 0.03916666666666667
0 0.7403645833333333 0.22041666666666668 0.011979166666666667 0.03916666666666667
0 0.8763020833333334 0.24375 0.013020833333333334 0.034166666666666665
2 0.07942708333333333 0.7095833333333333 0.1359375 0.42916666666666664
