0 0.41796875 0.5295833333333333 0.06822916666666666 0.1775
0 0.73515625 0.32625 0.030729166666666665 0.07916666666666666
0 0.79453125 0.2704166666666667 0.016145833333333335 0.04583333333333333
0 0.8315104166666667 0.24875 0.011979166666666667 0.03916666666666667
0 0.8403645833333333 0.23833333333333334 0.0067708333333333336 0.02666666666666667
1 0.98359375 0.28125 0.015104166666666667 0.04083333333333333
0 0.9442708333333333 0.22958333333333333 0.00625 0.0225
1 0.8984375 0.23958333333333334 0.013541666666666667 0.0275
1 0.9708333333333333 0.26416666666666666 0.0125 0.03166666666666667
1 0.9473958333333333 0.2529166666666667 0.011458333333333333 0.029166666666666667
1 0.9130208333333333 0.22791666666666666 0.009375 0.025833333333333333
1 0.9575520833333333 0.23875 0.0109375 0.025833333333333333
