0 0.6252604166666667 0.39166666666666666 0.033854166666666664 0.09833333333333333
0 0.7377604166666667 0.29875 0.0203125 0.0575
0 0.7799479166666666 0.26625 0.016145833333333335 0.0375
1 0.9513020833333333 0.3025 0.018229166666666668 0.04833333333333333
1 0.89453125 0.26916666666666667 0.016145833333333335 0.03333333333333333
1 0.7955729166666666 0.23916666666666667 0.0140625 0.03166666666666667
0 0.76328125 0.25375 0.011979166666666667 0.034166666666666665
0 0.5638020833333334 0.1925 0.009895833333333333 0.023333333333333334
0 0.5989583333333334 0.19166666666666668 0.008333333333333333 0.021666666666666667
0 0.7364583333333333 0.20375 0.007291666666666667 0.0175
0 0.7994791666666666 0.2125 0.00625 0.015
0 0.8783854166666667 0.23125 0.005729166666666666 0.0225
0 0.9356770833333333 0.245 0.0067708333333333336 0.015
0 0.98828125 0.2625 0.0067708333333333336 0.018333333333333333
1 0.7614583333333333 0.22916666666666666 0.013541666666666667 0.03
1 0.99375 0.2941666666666667 0.008333333333333333 0.03833333333333333
1 0.96796875 0.27875 0.009895833333333333 0.029166666666666667
1 0.9369791666666667 0.25875 0.009375 0.0225
