0 0.14869791666666668 0.7395833333333334 0.0859375 0.24916666666666668
0 0.5380208333333333 0.3441666666666667 0.028125 0.08833333333333333
1 0.72734375 0.27375 0.0234375 0.0575
0 0.4427083333333333 0.235 0.019791666666666666 0.04833333333333333
0 0.42473958333333334 0.21833333333333332 0.013020833333333334 0.03666666666666667
0 0.40208333333333335 0.20791666666666667 0.013541666666666667 0.03916666666666667
0 0.365625 0.19125 0.011458333333333333 0.034166666666666665
0 0.4166666666666667 0.17666666666666667 0.010416666666666666 0.023333333333333334
0 0.48359375 0.17666666666666667 0.0109375 0.02666666666666667
0 0.7895833333333333 0.20833333333333334 0.008333333333333333 0.023333333333333334
0 0.5794270833333334 0.18125 0.0078125 0.0225
0 0.9919270833333333 0.25916666666666666 0.011979166666666667 0.023333333333333334
1 0.9609375 0.39166666666666666 0.036458333333333336 0.08666666666666667
1 0.8111979166666666 0.3075 0.0203125 0.06
1 0.6713541666666667 0.24833333333333332 0.022916666666666665 0.051666666666666666
1 0.6145833333333334 0.22458333333333333 0.019791666666666666 0.0425
1 0.5606770833333333 0.21166666666666667 0.019270833333333334 0.03666666666666667
1 0.5216145833333333 0.20166666666666666 0.013020833333333334 0.03333333333333333
1 0.5330729166666667 0.19333333333333333 0.013020833333333334 0.03
1 0.57109375 0.1925 0.0109375 0.03
1 0.6270833333333333 0.1925 0.014583333333333334 0.03166666666666667
1 0.7692708333333333 0.21208333333333335 0.010416666666666666 0.030833333333333334
1 0.840625 0.22333333333333333 0.0125 0.03
1 0.9463541666666667 0.25416666666666665 0.0125 0.03166666666666667
1 0.6973958333333333 0.20041666666666666 0.010416666666666666 0.029166666666666667
1 0.9583333333333334 0.26375 0.013541666666666667 0.030833333333333334
1 0.9 0.2425 0.011458333333333333 0.02666666666666667
2 0.5166666666666667 0.2791666666666667 0.03333333333333333 0.10833333333333334
2 0.49921875 0.2675 0.027604166666666666 0.09833333333333333
2 0.8325520833333333 0.2991666666666667 0.030729166666666665 0.10166666666666667
2 0.7989583333333333 0.2891666666666667 0.026041666666666668 0.09
0 0.9041666666666667 0.23208333333333334 0.009375 0.0275
