0 0.38046875 0.65625 0.06927083333333334 0.2625
0 0.7278645833333334 0.34291666666666665 0.0328125 0.07583333333333334
0 0.7984375 0.2816666666666667 0.016666666666666666 0.04833333333333333
0 0.8302083333333333 0.26166666666666666 0.013541666666666667 0.035
0 0.8458333333333333 0.21583333333333332 0.008333333333333333 0.018333333333333333
1 0.9830729166666666 0.2945833333333333 0.015104166666666667 0.04083333333333333
1 0.9338541666666667 0.2683333333333333 0.013541666666666667 0.03
1 0.8822916666666667 0.2504166666666667 0.010416666666666666 0.025833333333333333
1 0.8432291666666667 0.23916666666666667 0.0125 0.03333333333333333
1 0.8072916666666666 0.2325 0.011458333333333333 0.03
1 0.97421875 0.25666666666666665 0.008854166666666666 0.021666666666666667
1 0.9466145833333334 0.24666666666666667 0.011979166666666667 0.02666666666666667
