0 0.45703125 0.40458333333333335 0.0390625 0.10916666666666666
0 0.4119791666666667 0.24875 0.020833333333333332 0.04583333333333333
0 0.40182291666666664 0.22625 0.0109375 0.04416666666666667
0 0.38203125 0.21541666666666667 0.013020833333333334 0.0375
0 0.35052083333333334 0.19625 0.014583333333333334 0.035833333333333335
0 0.4127604166666667 0.17958333333333334 0.008854166666666666 0.024166666666666666
0 0.4875 0.17958333333333334 0.010416666666666666 0.024166666666666666
0 0.5893229166666667 0.18875 0.011979166666666667 0.0275
0 0.7145833333333333 0.20083333333333334 0.010416666666666666 0.02666666666666667
0 0.8111979166666666 0.21458333333333332 0.008854166666666666 0.024166666666666666
0 0.9346354166666667 0.24291666666666667 0.008854166666666666 0.019166666666666665
1 0.8317708333333333 0.34458333333333335 0.023958333333333335 0.0775
1 0.7309895833333333 0.2945833333333333 0.0234375 0.059166666666666666
1 0.67265625 0.2625 0.021354166666666667 0.04833333333333333
1 0.6135416666666667 0.23416666666666666 0.021875 0.045
1 0.5588541666666667 0.21958333333333332 0.01875 0.0375
1 0.5171875 0.20625 0.013541666666666667 0.034166666666666665
1 0.534375 0.19625 0.014583333333333334 0.035833333333333335
1 0.57578125 0.19833333333333333 0.015104166666666667 0.02666666666666667
1 0.63671875 0.20041666666666666 0.013020833333333334 0.029166666666666667
1 0.7106770833333333 0.20583333333333334 0.009895833333333333 0.028333333333333332
1 0.7890625 0.22041666666666668 0.010416666666666666 0.0275
1 0.8640625 0.23333333333333334 0.0125 0.03833333333333333
1 0.9283854166666666 0.25458333333333333 0.0140625 0.0325
1 0.9786458333333333 0.27416666666666667 0.0125 0.03833333333333333
1 0.99140625 0.27958333333333335 0.0109375 0.0375
