0 0.32890625 0.5575 0.0515625 0.16833333333333333
0 0.5096354166666667 0.30375 0.027604166666666666 0.07416666666666667
0 0.53984375 0.26708333333333334 0.019270833333333334 0.05416666666666667
0 0.5364583333333334 0.24125 0.021875 0.0425
0 0.5239583333333333 0.21291666666666667 0.015625 0.03916666666666667
0 0.6291666666666667 0.2 0.014583333333333334 0.03666666666666667
0 0.7299479166666667 0.20375 0.011979166666666667 0.035833333333333335
0 0.85625 0.22458333333333333 0.010416666666666666 0.035833333333333335
1 0.9401041666666666 0.36791666666666667 0.0375 0.08583333333333333
1 0.859375 0.30333333333333334 0.030208333333333334 0.065
1 0.7895833333333333 0.26958333333333334 0.026041666666666668 0.050833333333333335
1 0.7455729166666667 0.24375 0.019270833333333334 0.0475
1 0.7734375 0.23375 0.017708333333333333 0.0425
1 0.834375 0.23791666666666667 0.01875 0.03916666666666667
1 0.9143229166666667 0.24708333333333332 0.0171875 0.04083333333333333
2 0.2984375 0.5491666666666667 0.09791666666666667 0.31833333333333336
2 0.3484375 0.47333333333333333 0.071875 0.265
