0 0.5377604166666666 0.3591666666666667 0.033854166666666664 0.08833333333333333
0 0.5932291666666667 0.30666666666666664 0.023958333333333335 0.06166666666666667
0 0.5963541666666666 0.27708333333333335 0.022916666666666665 0.05583333333333333
0 0.5950520833333334 0.23708333333333334 0.015104166666666667 0.04416666666666667
0 0.7166666666666667 0.22833333333333333 0.013541666666666667 0.035
0 0.82578125 0.23708333333333334 0.013020833333333334 0.035833333333333335
0 0.9677083333333333 0.2654166666666667 0.013541666666666667 0.034166666666666665
1 0.9776041666666667 0.36541666666666667 0.03333333333333333 0.07416666666666667
1 0.8934895833333333 0.31625 0.027604166666666666 0.059166666666666666
1 0.8434895833333333 0.28458333333333335 0.021354166666666667 0.050833333333333335
1 0.8765625 0.27208333333333334 0.017708333333333333 0.04416666666666667
1 0.9421875 0.2808333333333333 0.017708333333333333 0.04
2 0.08984375 0.7333333333333333 0.13697916666666668 0.44
