0 0.23333333333333334 0.6316666666666667 0.07604166666666666 0.21333333333333335
1 0.8338541666666667 0.35541666666666666 0.036458333333333336 0.08083333333333333
0 0.4317708333333333 0.27125 0.021875 0.0575
0 0.44088541666666664 0.24333333333333335 0.019270833333333334 0.04833333333333333
0 0.4270833333333333 0.22791666666666666 0.01875 0.0425
0 0.40729166666666666 0.20375 0.013541666666666667 0.0375
0 0.48880208333333336 0.1875 0.011979166666666667 0.03333333333333333
0 0.5770833333333333 0.18916666666666668 0.011458333333333333 0.03
0 0.6911458333333333 0.20375 0.011458333333333333 0.0275
0 0.9395833333333333 0.24541666666666667 0.0125 0.030833333333333334
1 0.7640625 0.30083333333333334 0.03125 0.06833333333333333
1 0.7015625 0.2608333333333333 0.026041666666666668 0.051666666666666666
1 0.6401041666666667 0.23916666666666667 0.020833333333333332 0.04666666666666667
1 0.6 0.2225 0.01875 0.04
1 0.62265625 0.21291666666666667 0.016145833333333335 0.034166666666666665
1 0.6731770833333334 0.21416666666666667 0.0171875 0.03833333333333333
1 0.7434895833333334 0.21875 0.015104166666666667 0.030833333333333334
1 0.8265625 0.23208333333333334 0.0125 0.025833333333333333
1 0.9135416666666667 0.24791666666666667 0.014583333333333334 0.034166666666666665
2 0.4010416666666667 0.3854166666666667 0.058333333333333334 0.19083333333333333
2 0.9481770833333333 0.40375 0.04739583333333333 0.14416666666666667
0 0.8302083333333333 0.225 0.010416666666666666 0.02666666666666667
