0 0.09296875 0.855 0.13385416666666666 0.27166666666666667
0 0.65234375 0.36875 0.04010416666666667 0.09083333333333334
0 0.784375 0.30083333333333334 0.017708333333333333 0.051666666666666666
0 0.8182291666666667 0.26916666666666667 0.016666666666666666 0.04
0 0.8455729166666667 0.25375 0.0109375 0.0325
0 0.8528645833333334 0.24791666666666667 0.0067708333333333336 0.0225
0 0.9484375 0.24208333333333334 0.007291666666666667 0.0225
1 0.984375 0.30625 0.017708333333333333 0.0425
1 0.9723958333333333 0.28375 0.013541666666666667 0.0325
1 0.96640625 0.2679166666666667 0.011979166666666667 0.029166666666666667
1 0.9463541666666667 0.2629166666666667 0.013541666666666667 0.025833333333333333
1 0.90546875 0.24958333333333332 0.0109375 0.025833333333333333
1 0.91953125 0.23625 0.011979166666666667 0.025833333333333333
1 0.9606770833333333 0.24916666666666668 0.0078125 0.023333333333333334
1 0.9869791666666666 0.2575 0.007291666666666667 0.018333333333333333
