0 0.59609375 0.46208333333333335 0.0484375 0.12583333333333332
0 0.7385416666666667 0.31416666666666665 0.021875 0.06333333333333334
0 0.7984375 0.2758333333333333 0.015625 0.045
0 0.8119791666666667 0.25583333333333336 0.009375 0.03666666666666667
1 0.98828125 0.3120833333333333 0.018229166666666668 0.050833333333333335
0 0.9291666666666667 0.24125 0.007291666666666667 0.0225
1 0.88046875 0.25416666666666665 0.015104166666666667 0.03333333333333333
1 0.9671875 0.28041666666666665 0.015625 0.0425
1 0.93828125 0.2708333333333333 0.013020833333333334 0.03166666666666667
1 0.8947916666666667 0.23875 0.010416666666666666 0.0225
1 0.94453125 0.24958333333333332 0.0109375 0.025833333333333333
1 0.9817708333333334 0.2604166666666667 0.009375 0.030833333333333334
