0 0.5018229166666667 0.45666666666666667 0.044270833333333336 0.13
0 0.6080729166666666 0.30625 0.0234375 0.06416666666666666
1 0.7294270833333333 0.26166666666666666 0.021354166666666667 0.05
0 0.4859375 0.22875 0.0125 0.034166666666666665
0 0.4940104166666667 0.18125 0.009895833333333333 0.0275
0 0.5802083333333333 0.18541666666666667 0.009375 0.0225
1 0.91796875 0.34291666666666665 0.0296875 0.07083333333333333
1 0.8033854166666666 0.29 0.024479166666666666 0.051666666666666666
0 0.77578125 0.20875 0.009895833333333333 0.025833333333333333
0 0.88046875 0.23083333333333333 0.009895833333333333 0.021666666666666667
0 0.9619791666666667 0.25125 0.009375 0.0275
1 0.6796875 0.2425 0.019791666666666666 0.041666666666666664
1 0.6265625 0.22333333333333333 0.016666666666666666 0.03666666666666667
1 0.5755208333333334 0.21583333333333332 0.015625 0.03
1 0.5356770833333333 0.20416666666666666 0.011979166666666667 0.028333333333333332
1 0.5421875 0.195 0.010416666666666666 0.02666666666666667
1 0.6276041666666666 0.19791666666666666 0.011458333333333333 0.025833333333333333
1 0.75703125 0.21166666666666667 0.0109375 0.028333333333333332
1 0.8231770833333333 0.2275 0.009895833333333333 0.02666666666666667
1 0.9192708333333334 0.2504166666666667 0.0125 0.0325
1 0.8776041666666666 0.23791666666666667 0.010416666666666666 0.029166666666666667
1 0.9786458333333333 0.28208333333333335 0.014583333333333334 0.035833333333333335
1 0.9286458333333333 0.2554166666666667 0.011458333333333333 0.030833333333333334
2 0.5736979166666667 0.2654166666666667 0.024479166666666666 0.08083333333333333
2 0.55546875 0.2604166666666667 0.0234375 0.08416666666666667
2 0.8174479166666667 0.28125 0.025520833333333333 0.07916666666666666
2 0.7927083333333333 0.27291666666666664 0.023958333333333335 0.0775
