0 0.5765625 0.4825 0.051041666666666666 0.14
0 0.7330729166666666 0.32083333333333336 0.024479166666666666 0.06333333333333334
0 0.7942708333333334 0.28 0.015625 0.05
0 0.8083333333333333 0.25833333333333336 0.009375 0.035
1 0.9893229166666667 0.3179166666666667 0.019270833333333334 0.050833333333333335
0 0.9278645833333333 0.24125 0.008854166666666666 0.024166666666666666
1 0.878125 0.25583333333333336 0.0125 0.03166666666666667
1 0.9653645833333333 0.28625 0.016145833333333335 0.0375
1 0.9375 0.27166666666666667 0.015625 0.03166666666666667
1 0.89296875 0.23916666666666667 0.009895833333333333 0.02666666666666667
1 0.9434895833333333 0.25 0.008854166666666666 0.02666666666666667
1 0.9809895833333333 0.26125 0.0109375 0.0275
