0 0.46119791666666665 0.37958333333333333 0.0484375 0.10583333333333333
0 0.5328125 0.31666666666666665 0.03125 0.075
0 0.54375 0.28041666666666665 0.022916666666666665 0.06416666666666666
0 0.5440104166666667 0.24083333333333334 0.021354166666666667 0.051666666666666666
0 0.6739583333333333 0.2275 0.016666666666666666 0.04
1 0.94921875 0.3729166666666667 0.033854166666666664 0.08583333333333333
1 0.8565104166666667 0.31875 0.024479166666666666 0.0625
1 0.8033854166666666 0.2866666666666667 0.022395833333333334 0.051666666666666666
1 0.8393229166666667 0.2725 0.0203125 0.04833333333333333
1 0.90625 0.27708333333333335 0.01875 0.0425
0 0.7861979166666667 0.23708333333333334 0.015104166666666667 0.035833333333333335
0 0.9299479166666667 0.26125 0.013020833333333334 0.034166666666666665
