0 0.5981770833333333 0.36625 0.03697916666666667 0.09416666666666666
0 0.690625 0.28625 0.020833333333333332 0.059166666666666666
0 0.6510416666666666 0.2683333333333333 0.013541666666666667 0.045
0 0.5075520833333333 0.2325 0.0109375 0.041666666666666664
0 0.8872395833333333 0.24125 0.009895833333333333 0.0275
0 0.7776041666666667 0.2225 0.008333333333333333 0.03
0 0.9916666666666667 0.27458333333333335 0.009375 0.029166666666666667
1 0.96328125 0.3425 0.027604166666666666 0.065
1 0.9080729166666667 0.3045833333333333 0.0234375 0.0525
1 0.8158854166666667 0.27166666666666667 0.019270833333333334 0.051666666666666666
1 0.8419270833333333 0.23791666666666667 0.009895833333333333 0.030833333333333334
1 0.9088541666666666 0.25583333333333336 0.014583333333333334 0.03666666666666667
1 0.9604166666666667 0.27291666666666664 0.014583333333333334 0.035833333333333335
1 0.9880208333333333 0.28625 0.013541666666666667 0.0325
