0 0.05520833333333333 0.8179166666666666 0.08958333333333333 0.2758333333333333
1 0.9091145833333333 0.3929166666666667 0.04010416666666667 0.09583333333333334
0 0.39557291666666666 0.44333333333333336 0.033854166666666664 0.12
0 0.46510416666666665 0.28125 0.025 0.0675
0 0.48203125 0.2504166666666667 0.019270833333333334 0.05416666666666667
0 0.471875 0.22833333333333333 0.014583333333333334 0.04833333333333333
0 0.4552083333333333 0.2025 0.014583333333333334 0.041666666666666664
0 0.5455729166666666 0.19083333333333333 0.0109375 0.035
0 0.6395833333333333 0.19416666666666665 0.010416666666666666 0.03333333333333333
0 0.7583333333333333 0.20833333333333334 0.0125 0.03
0 0.9046875 0.23416666666666666 0.0125 0.03
1 0.8322916666666667 0.32625 0.035416666666666666 0.0775
1 0.7638020833333333 0.2758333333333333 0.027604166666666666 0.056666666666666664
1 0.6984375 0.24875 0.025 0.04583333333333333
1 0.6575520833333334 0.22958333333333333 0.019270833333333334 0.04583333333333333
1 0.6838541666666667 0.22083333333333333 0.016666666666666666 0.04
1 0.73828125 0.22416666666666665 0.016145833333333335 0.035
1 0.81171875 0.22666666666666666 0.018229166666666668 0.03833333333333333
1 0.8986979166666667 0.24333333333333335 0.011979166666666667 0.03166666666666667
1 0.990625 0.2679166666666667 0.014583333333333334 0.0375
2 0.3815104166666667 0.4266666666666667 0.0703125 0.22333333333333333
2 0.39817708333333335 0.39166666666666666 0.0484375 0.195
