0 0.33984375 0.6483333333333333 0.09947916666666666 0.22
0 0.68359375 0.3458333333333333 0.0328125 0.07666666666666666
0 0.7911458333333333 0.29333333333333333 0.020833333333333332 0.051666666666666666
0 0.8208333333333333 0.26375 0.0125 0.035833333333333335
0 0.8481770833333333 0.25375 0.009895833333333333 0.0325
0 0.8544270833333333 0.24666666666666667 0.0078125 0.025
1 0.9796875 0.30291666666666667 0.013541666666666667 0.0425
1 0.96953125 0.2808333333333333 0.009895833333333333 0.03166666666666667
1 0.9635416666666666 0.26916666666666667 0.00625 0.028333333333333332
1 0.9453125 0.2608333333333333 0.010416666666666666 0.02666666666666667
1 0.9041666666666667 0.24833333333333332 0.009375 0.023333333333333334
