0 0.19114583333333332 0.71 0.0875 0.225
0 0.4669270833333333 0.3258333333333333 0.034895833333333334 0.08
0 0.50234375 0.2808333333333333 0.025520833333333333 0.058333333333333334
0 0.5015625 0.24958333333333332 0.01875 0.04083333333333333
0 0.49166666666666664 0.21583333333333332 0.0125 0.041666666666666664
0 0.6026041666666667 0.20375 0.013541666666666667 0.029166666666666667
0 0.7046875 0.21 0.0125 0.03
0 0.8380208333333333 0.22708333333333333 0.009375 0.029166666666666667
1 0.9463541666666667 0.3954166666666667 0.03854166666666667 0.08583333333333333
1 0.8505208333333333 0.31375 0.03125 0.06416666666666666
1 0.7713541666666667 0.27708333333333335 0.023958333333333335 0.05416666666666667
1 0.7247395833333333 0.2529166666666667 0.0171875 0.04583333333333333
1 0.7546875 0.23791666666666667 0.015625 0.03916666666666667
1 0.815625 0.24375 0.016666666666666666 0.0375
1 0.8994791666666667 0.25416666666666665 0.013541666666666667 0.03166666666666667
