0 0.41067708333333336 0.49916666666666665 0.058854166666666666 0.15
0 0.66953125 0.31833333333333336 0.024479166666666666 0.06333333333333334
0 0.71640625 0.2725 0.015104166666666667 0.041666666666666664
0 0.67890625 0.25666666666666665 0.011979166666666667 0.03666666666666667
0 0.553125 0.23125 0.009375 0.034166666666666665
1 0.9872395833333333 0.3904166666666667 0.022395833333333334 0.07583333333333334
0 0.7763020833333333 0.22125 0.0078125 0.0225
0 0.8796875 0.2375 0.009375 0.025
0 0.97421875 0.26458333333333334 0.0078125 0.025833333333333333
1 0.9385416666666667 0.31375 0.022916666666666665 0.05583333333333333
1 0.89453125 0.28625 0.0171875 0.04416666666666667
1 0.8190104166666666 0.2625 0.019270833333333334 0.04
1 0.8390625 0.23458333333333334 0.010416666666666666 0.029166666666666667
1 0.9 0.24708333333333332 0.010416666666666666 0.0275
1 0.9442708333333333 0.2658333333333333 0.015625 0.03333333333333333
1 0.9690104166666667 0.27666666666666667 0.011979166666666667 0.035
