0 0.46484375 0.30083333333333334 0.034895833333333334 0.07666666666666666
0 0.32760416666666664 0.5658333333333333 0.051041666666666666 0.16833333333333333
0 0.490625 0.25958333333333333 0.022916666666666665 0.060833333333333336
0 0.4822916666666667 0.23666666666666666 0.017708333333333333 0.045
0 0.46770833333333334 0.20416666666666666 0.016666666666666666 0.04666666666666667
0 0.56875 0.19041666666666668 0.014583333333333334 0.035833333333333335
1 0.8924479166666667 0.35083333333333333 0.0296875 0.08166666666666667
1 0.80703125 0.29 0.028645833333333332 0.06666666666666667
1 0.7341145833333333 0.25708333333333333 0.021354166666666667 0.049166666666666664
1 0.6877604166666667 0.23458333333333334 0.018229166666666668 0.04416666666666667
1 0.7145833333333333 0.22125 0.016666666666666666 0.04083333333333333
1 0.7729166666666667 0.22625 0.016666666666666666 0.03916666666666667
1 0.85078125 0.23208333333333334 0.0171875 0.03916666666666667
1 0.9442708333333333 0.25125 0.011458333333333333 0.034166666666666665
0 0.6674479166666667 0.195 0.013020833333333334 0.03
0 0.7927083333333333 0.21125 0.011458333333333333 0.029166666666666667
2 0.2950520833333333 0.5658333333333333 0.10677083333333333 0.33666666666666667
2 0.33307291666666666 0.4791666666666667 0.0765625 0.2733333333333333
