0 0.42239583333333336 0.3625 0.0375 0.085
0 0.4270833333333333 0.44708333333333333 0.04895833333333333 0.1225
0 0.22734375 0.2841666666666667 0.025520833333333333 0.07
0 0.134375 0.23583333333333334 0.017708333333333333 0.05
0 0.15390625 0.20916666666666667 0.0171875 0.04666666666666667
0 0.24661458333333333 0.195 0.009895833333333333 0.035
0 0.35546875 0.19291666666666665 0.009895833333333333 0.029166666666666667
0 0.4921875 0.19833333333333333 0.009375 0.02666666666666667
0 0.6182291666666667 0.21416666666666667 0.008333333333333333 0.021666666666666667
0 0.75234375 0.23166666666666666 0.0109375 0.02666666666666667
0 0.89453125 0.25833333333333336 0.009895833333333333 0.03166666666666667
1 0.9924479166666667 0.3075 0.0109375 0.04
1 0.925 0.2825 0.015625 0.035
1 0.8346354166666666 0.25916666666666666 0.0140625 0.03833333333333333
1 0.7403645833333333 0.23916666666666667 0.011979166666666667 0.028333333333333332
1 0.6434895833333333 0.22416666666666665 0.013020833333333334 0.03333333333333333
1 0.5515625 0.21791666666666668 0.010416666666666666 0.030833333333333334
1 0.46953125 0.21666666666666667 0.013020833333333334 0.02666666666666667
1 0.40546875 0.21875 0.0109375 0.030833333333333334
1 0.3776041666666667 0.22583333333333333 0.013541666666666667 0.03
1 0.39869791666666665 0.24416666666666667 0.0171875 0.03666666666666667
1 0.5174479166666667 0.27208333333333334 0.0171875 0.04416666666666667
1 0.7799479166666666 0.3408333333333333 0.0328125 0.07833333333333334
1 0.9526041666666667 0.43083333333333335 0.03958333333333333 0.09333333333333334
