0 0.39869791666666665 0.45166666666666666 0.04114583333333333 0.13833333333333334
1 0.7424479166666667 0.30916666666666665 0.0234375 0.06333333333333334
0 0.403125 0.2525 0.017708333333333333 0.05
0 0.39739583333333334 0.23083333333333333 0.016666666666666666 0.045
0 0.378125 0.21958333333333332 0.013541666666666667 0.04083333333333333
0 0.35104166666666664 0.19791666666666666 0.013541666666666667 0.034166666666666665
0 0.41822916666666665 0.18375 0.011458333333333333 0.0325
0 0.4973958333333333 0.18125 0.011458333333333333 0.029166666666666667
0 0.603125 0.18833333333333332 0.010416666666666666 0.03
0 0.8325520833333333 0.22541666666666665 0.0109375 0.025833333333333333
1 0.6841145833333333 0.27541666666666664 0.024479166666666666 0.059166666666666666
1 0.6205729166666667 0.2425 0.024479166666666666 0.05
1 0.5651041666666666 0.22583333333333333 0.020833333333333332 0.045
1 0.5265625 0.21125 0.016666666666666666 0.03916666666666667
1 0.5432291666666667 0.20166666666666666 0.013541666666666667 0.03333333333333333
1 0.5885416666666666 0.20208333333333334 0.013541666666666667 0.035833333333333335
1 0.6528645833333333 0.20541666666666666 0.0140625 0.035833333333333335
1 0.8109375 0.22833333333333333 0.0125 0.03166666666666667
1 0.8888020833333333 0.24625 0.013020833333333334 0.0325
1 0.9546875 0.26666666666666666 0.013541666666666667 0.03
1 0.8526041666666667 0.3720833333333333 0.029166666666666667 0.08416666666666667
2 0.43463541666666666 0.3283333333333333 0.0484375 0.145
2 0.8760416666666667 0.36041666666666666 0.040625 0.1275
2 0.8354166666666667 0.3416666666666667 0.0375 0.12333333333333334
1 0.7296875 0.215 0.010416666666666666 0.028333333333333332
0 0.959375 0.2554166666666667 0.011458333333333333 0.025833333333333333
