0 0.40182291666666664 0.46375 0.05572916666666667 0.12916666666666668
0 0.403125 0.3695833333333333 0.035416666666666666 0.08916666666666667
0 0.20885416666666667 0.2920833333333333 0.025 0.0725
0 0.11848958333333333 0.23458333333333334 0.015104166666666667 0.04583333333333333
0 0.14427083333333332 0.20791666666666667 0.0125 0.04416666666666667
0 0.24166666666666667 0.19583333333333333 0.009375 0.03666666666666667
0 0.8981770833333333 0.26125 0.011979166666666667 0.0325
0 0.7552083333333334 0.23458333333333334 0.010416666666666666 0.030833333333333334
1 0.9606770833333333 0.4425 0.04739583333333333 0.10833333333333334
1 0.78125 0.34791666666666665 0.03229166666666667 0.0775
1 0.5109375 0.28708333333333336 0.020833333333333332 0.0675
1 0.8393229166666667 0.2579166666666667 0.015104166666666667 0.04083333333333333
1 0.9307291666666667 0.28541666666666665 0.017708333333333333 0.04083333333333333
