0 0.5760416666666667 0.4008333333333333 0.0375 0.11
0 0.7171875 0.30541666666666667 0.021875 0.059166666666666666
0 0.7083333333333334 0.2633333333333333 0.013541666666666667 0.043333333333333335
1 0.9796875 0.36083333333333334 0.026041666666666668 0.065
1 0.8890625 0.29333333333333333 0.017708333333333333 0.04666666666666667
1 0.7625 0.24916666666666668 0.016666666666666666 0.03666666666666667
1 0.8140625 0.26416666666666666 0.0125 0.03833333333333333
0 0.53125 0.20875 0.008333333333333333 0.025833333333333333
0 0.48880208333333336 0.19625 0.011979166666666667 0.030833333333333334
0 0.503125 0.1875 0.011458333333333333 0.025
0 0.54609375 0.18583333333333332 0.008854166666666666 0.021666666666666667
0 0.70546875 0.20375 0.0078125 0.0175
0 0.7783854166666667 0.21583333333333332 0.0078125 0.023333333333333334
0 0.9328125 0.2520833333333333 0.008333333333333333 0.0225
0 0.9924479166666667 0.2708333333333333 0.0078125 0.023333333333333334
1 0.721875 0.23666666666666666 0.014583333333333334 0.03333333333333333
1 0.6765625 0.2225 0.0125 0.03
1 0.6322916666666667 0.21708333333333332 0.0125 0.0275
1 0.6580729166666667 0.20291666666666666 0.009895833333333333 0.025833333333333333
1 0.709375 0.20958333333333334 0.010416666666666666 0.020833333333333332
1 0.8190104166666666 0.22958333333333333 0.0109375 0.024166666666666666
1 0.8958333333333334 0.24875 0.010416666666666666 0.024166666666666666
1 0.9041666666666667 0.25583333333333336 0.008333333333333333 0.03
1 0.9807291666666667 0.29625 0.013541666666666667 0.0375
1 0.9375 0.27 0.011458333333333333 0.03
