0 0.31328125 0.5358333333333334 0.06510416666666667 0.15333333333333332
0 0.35885416666666664 0.4041666666666667 0.03958333333333333 0.10333333333333333
0 0.16666666666666666 0.30333333333333334 0.027083333333333334 0.08
0 0.09036458333333333 0.24291666666666667 0.016145833333333335 0.05416666666666667
0 0.13229166666666667 0.20708333333333334 0.015625 0.04416666666666667
0 0.240625 0.19583333333333333 0.011458333333333333 0.03833333333333333
0 0.93046875 0.2683333333333333 0.009895833333333333 0.03666666666666667
0 0.7802083333333333 0.23833333333333334 0.0125 0.03
1 0.8013020833333333 0.37083333333333335 0.0421875 0.09166666666666666
1 0.5072916666666667 0.29333333333333333 0.023958333333333335 0.07666666666666666
1 0.8684895833333334 0.2658333333333333 0.0171875 0.043333333333333335
1 0.9625 0.2945833333333333 0.020833333333333332 0.04583333333333333
