0 0.5541666666666667 0.41583333333333333 0.042708333333333334 0.115
0 0.7114583333333333 0.30416666666666664 0.020833333333333332 0.06
0 0.7018229166666666 0.2625 0.0109375 0.04
1 0.9830729166666666 0.365 0.025520833333333333 0.06833333333333333
1 0.88828125 0.29125 0.0171875 0.0425
1 0.7596354166666667 0.24666666666666667 0.0203125 0.041666666666666664
1 0.8138020833333334 0.26625 0.015104166666666667 0.0375
0 0.52578125 0.20541666666666666 0.011979166666666667 0.034166666666666665
0 0.48203125 0.19583333333333333 0.0140625 0.03
0 0.49765625 0.18708333333333332 0.008854166666666666 0.024166666666666666
0 0.5419270833333333 0.185 0.0067708333333333336 0.023333333333333334
0 0.7010416666666667 0.2025 0.00625 0.02
0 0.775 0.21375 0.005208333333333333 0.0175
0 0.8651041666666667 0.23083333333333333 0.00625 0.021666666666666667
0 0.93203125 0.24958333333333332 0.005729166666666666 0.0225
0 0.9932291666666667 0.26708333333333334 0.00625 0.0225
1 0.7182291666666667 0.23541666666666666 0.015625 0.034166666666666665
1 0.6716145833333333 0.22 0.0140625 0.03333333333333333
1 0.6270833333333333 0.21291666666666667 0.0125 0.0325
1 0.6536458333333334 0.2 0.009375 0.025
1 0.70625 0.20666666666666667 0.008333333333333333 0.023333333333333334
1 0.8166666666666667 0.22791666666666666 0.011458333333333333 0.024166666666666666
1 0.8950520833333333 0.24791666666666667 0.0109375 0.025833333333333333
1 0.90390625 0.25125 0.009895833333333333 0.025833333333333333
1 0.9817708333333334 0.2945833333333333 0.016666666666666666 0.04083333333333333
1 0.9377604166666667 0.2675 0.011979166666666667 0.03166666666666667
