0 0.24192708333333332 0.67875 0.0734375 0.23083333333333333
0 0.55234375 0.3358333333333333 0.03177083333333333 0.09
1 0.7291666666666666 0.27166666666666667 0.023958333333333335 0.051666666666666666
0 0.45026041666666666 0.2325 0.018229166666666668 0.045
0 0.4322916666666667 0.21875 0.014583333333333334 0.0375
0 0.4078125 0.21083333333333334 0.0125 0.03833333333333333
0 0.41901041666666666 0.17833333333333334 0.009895833333333333 0.02666666666666667
0 0.4859375 0.17416666666666666 0.009375 0.03
0 0.7880208333333333 0.20708333333333334 0.009375 0.029166666666666667
0 0.58046875 0.18208333333333335 0.0109375 0.0225
0 0.9895833333333334 0.25625 0.011458333333333333 0.0275
1 0.9528645833333333 0.3804166666666667 0.04010416666666667 0.08916666666666667
1 0.8104166666666667 0.30666666666666664 0.023958333333333335 0.058333333333333334
1 0.6739583333333333 0.24666666666666667 0.021875 0.04833333333333333
1 0.6174479166666667 0.225 0.016145833333333335 0.04
1 0.56328125 0.21416666666666667 0.0203125 0.03333333333333333
1 0.5247395833333334 0.20291666666666666 0.0140625 0.034166666666666665
1 0.5341145833333333 0.19333333333333333 0.011979166666666667 0.03666666666666667
1 0.5713541666666667 0.1925 0.013541666666666667 0.03166666666666667
1 0.628125 0.19583333333333333 0.013541666666666667 0.03166666666666667
1 0.7684895833333333 0.21291666666666667 0.011979166666666667 0.0275
1 0.8372395833333334 0.22583333333333333 0.013020833333333334 0.03
1 0.9421875 0.255 0.0125 0.03
1 0.696875 0.20125 0.011458333333333333 0.025833333333333333
1 0.9536458333333333 0.26208333333333333 0.011458333333333333 0.034166666666666665
1 0.8971354166666666 0.24166666666666667 0.0109375 0.023333333333333334
0 0.9002604166666667 0.23125 0.011979166666666667 0.0275
2 0.5291666666666667 0.27791666666666665 0.030208333333333334 0.10083333333333333
2 0.5111979166666667 0.2675 0.025520833333333333 0.09833333333333333
2 0.8299479166666667 0.2975 0.030729166666666665 0.09166666666666666
2 0.79921875 0.2866666666666667 0.028645833333333332 0.08833333333333333
