0 0.21302083333333333 0.7575 0.109375 0.27
0 0.6651041666666667 0.3575 0.035416666666666666 0.08833333333333333
0 0.7846354166666667 0.2991666666666667 0.019270833333333334 0.055
0 0.8182291666666667 0.26916666666666667 0.011458333333333333 0.04
0 0.8450520833333334 0.25583333333333336 0.009895833333333333 0.03
0 0.8526041666666667 0.24833333333333332 0.00625 0.023333333333333334
1 0.9802083333333333 0.3070833333333333 0.014583333333333334 0.04083333333333333
1 0.9700520833333334 0.28458333333333335 0.0140625 0.0325
1 0.9625 0.27 0.009375 0.03
1 0.9440104166666666 0.26208333333333333 0.0109375 0.0275
1 0.9026041666666667 0.24916666666666668 0.011458333333333333 0.028333333333333332
