0 0.18177083333333333 0.7229166666666667 0.10520833333333333 0.25083333333333335
0 0.7036458333333333 0.36083333333333334 0.03229166666666667 0.09833333333333333
0 0.7770833333333333 0.2920833333333333 0.01875 0.050833333333333335
0 0.8190104166666666 0.26625 0.011979166666666667 0.04083333333333333
0 0.8276041666666667 0.25416666666666665 0.008333333333333333 0.02666666666666667
1 0.9799479166666667 0.3025 0.016145833333333335 0.041666666666666664
0 0.9348958333333334 0.24375 0.008333333333333333 0.019166666666666665
1 0.88984375 0.255 0.011979166666666667 0.03333333333333333
1 0.9651041666666667 0.28 0.014583333333333334 0.03333333333333333
1 0.9403645833333333 0.27 0.013020833333333334 0.03
1 0.9036458333333334 0.24458333333333335 0.009375 0.020833333333333332
1 0.9494791666666667 0.25416666666666665 0.008333333333333333 0.02666666666666667
1 0.9838541666666667 0.26458333333333334 0.009375 0.029166666666666667
