0 0.4635416666666667 0.36875 0.04375 0.10583333333333333
0 0.52578125 0.30833333333333335 0.030729166666666665 0.06833333333333333
0 0.5341145833333333 0.275 0.021354166666666667 0.058333333333333334
0 0.5322916666666667 0.23291666666666666 0.019791666666666666 0.04583333333333333
0 0.65625 0.21833333333333332 0.011458333333333333 0.043333333333333335
1 0.9263020833333333 0.3570833333333333 0.0296875 0.07583333333333334
1 0.83671875 0.30791666666666667 0.024479166666666666 0.059166666666666666
1 0.7856770833333333 0.27708333333333335 0.0203125 0.050833333333333335
1 0.81875 0.2629166666666667 0.019791666666666666 0.04583333333333333
1 0.884375 0.26958333333333334 0.016666666666666666 0.04083333333333333
1 0.9729166666666667 0.2825 0.016666666666666666 0.03833333333333333
0 0.7682291666666666 0.23041666666666666 0.0125 0.035833333333333335
0 0.9083333333333333 0.25375 0.0125 0.0325
