0 0.1890625 0.8245833333333333 0.12291666666666666 0.31083333333333335
0 0.47578125 0.27791666666666665 0.0359375 0.060833333333333336
0 0.48125 0.24791666666666667 0.020833333333333332 0.0475
0 0.46979166666666666 0.2275 0.021875 0.045
0 0.44817708333333334 0.20041666666666666 0.019270833333333334 0.03916666666666667
0 0.53515625 0.18625 0.013020833333333334 0.0375
0 0.6236979166666666 0.19041666666666668 0.0140625 0.029166666666666667
0 0.74453125 0.20208333333333334 0.0140625 0.0325
0 0.8877604166666667 0.23041666666666666 0.016145833333333335 0.030833333333333334
1 0.9231770833333334 0.3825 0.04114583333333333 0.105
1 0.83671875 0.31833333333333336 0.03177083333333333 0.08166666666666667
1 0.7598958333333333 0.2658333333333333 0.023958333333333335 0.06333333333333334
1 0.6932291666666667 0.24166666666666667 0.01875 0.04666666666666667
1 0.6497395833333334 0.22458333333333333 0.016145833333333335 0.04583333333333333
1 0.7252604166666666 0.21541666666666667 0.015104166666666667 0.0375
1 0.7981770833333334 0.22208333333333333 0.0171875 0.0375
1 0.97578125 0.25708333333333333 0.0140625 0.0325
