0 0.058854166666666666 0.8475 0.10625 0.2833333333333333
0 0.6393229166666666 0.36333333333333334 0.028645833333333332 0.08666666666666667
0 0.7356770833333334 0.29333333333333333 0.019270833333333334 0.04666666666666667
0 0.7229166666666667 0.2625 0.0125 0.04833333333333333
0 0.5763020833333333 0.2175 0.009895833333333333 0.03333333333333333
0 0.54921875 0.21125 0.009895833333333333 0.0225
0 0.50703125 0.2025 0.009895833333333333 0.03
0 0.5182291666666666 0.18708333333333332 0.007291666666666667 0.024166666666666666
0 0.5591145833333333 0.18708333333333332 0.005729166666666666 0.024166666666666666
0 0.71171875 0.20583333333333334 0.005729166666666666 0.018333333333333333
0 0.7807291666666667 0.2125 0.005208333333333333 0.015
0 0.9309895833333334 0.24875 0.0078125 0.0175
0 0.9885416666666667 0.2679166666666667 0.008333333333333333 0.0225
1 0.9671875 0.34208333333333335 0.019791666666666666 0.0575
1 0.8875 0.285 0.015625 0.041666666666666664
1 0.8190104166666666 0.26208333333333333 0.011979166666666667 0.0325
1 0.7684895833333333 0.24666666666666667 0.013020833333333334 0.03166666666666667
1 0.7307291666666667 0.23458333333333334 0.013541666666666667 0.029166666666666667
1 0.66484375 0.20333333333333334 0.0078125 0.023333333333333334
1 0.7158854166666667 0.20791666666666667 0.0067708333333333336 0.020833333333333332
1 0.7692708333333333 0.215 0.008333333333333333 0.016666666666666666
1 0.8950520833333333 0.24916666666666668 0.0036458333333333334 0.023333333333333334
1 0.9010416666666666 0.24666666666666667 0.007291666666666667 0.025
1 0.934375 0.26208333333333333 0.010416666666666666 0.024166666666666666
1 0.9736979166666667 0.28833333333333333 0.011979166666666667 0.028333333333333332
