0 0.30494791666666665 0.5854166666666667 0.05364583333333333 0.18083333333333335
0 0.5171875 0.3125 0.030208333333333334 0.075
0 0.5494791666666666 0.27125 0.017708333333333333 0.0525
0 0.5463541666666667 0.24541666666666667 0.01875 0.04583333333333333
0 0.53671875 0.21333333333333335 0.016145833333333335 0.043333333333333335
0 0.6434895833333333 0.20458333333333334 0.0140625 0.034166666666666665
0 0.7432291666666667 0.21125 0.011458333333333333 0.0325
0 0.8734375 0.23166666666666666 0.011458333333333333 0.03166666666666667
1 0.96015625 0.38083333333333336 0.03697916666666667 0.08666666666666667
1 0.8770833333333333 0.31166666666666665 0.03125 0.06666666666666667
1 0.8052083333333333 0.275 0.025 0.051666666666666666
1 0.7611979166666667 0.25125 0.019270833333333334 0.0525
1 0.7919270833333333 0.24125 0.018229166666666668 0.03916666666666667
1 0.8497395833333333 0.24708333333333332 0.018229166666666668 0.034166666666666665
1 0.9307291666666667 0.25375 0.019791666666666666 0.0425
2 0.26979166666666665 0.5779166666666666 0.11145833333333334 0.3425
2 0.3234375 0.49833333333333335 0.09166666666666666 0.285
