0 0.4348958333333333 0.4245833333333333 0.03854166666666667 0.11916666666666667
1 0.7361979166666667 0.30041666666666667 0.028645833333333332 0.0675
0 0.40729166666666666 0.24791666666666667 0.017708333333333333 0.049166666666666664
0 0.3997395833333333 0.22791666666666666 0.0171875 0.04083333333333333
0 0.37890625 0.21708333333333332 0.015104166666666667 0.04083333333333333
0 0.35 0.19458333333333333 0.014583333333333334 0.03916666666666667
0 0.4127604166666667 0.17958333333333334 0.011979166666666667 0.0325
0 0.4903645833333333 0.18083333333333335 0.0109375 0.028333333333333332
0 0.59375 0.18583333333333332 0.011458333333333333 0.03
0 0.8200520833333333 0.22041666666666668 0.009895833333333333 0.020833333333333332
1 0.6763020833333333 0.26666666666666666 0.025520833333333333 0.056666666666666664
1 0.61640625 0.23666666666666666 0.0203125 0.045
1 0.56015625 0.22083333333333333 0.0203125 0.043333333333333335
1 0.5208333333333334 0.20833333333333334 0.016666666666666666 0.03666666666666667
1 0.5359375 0.19958333333333333 0.011458333333333333 0.030833333333333334
1 0.5796875 0.19958333333333333 0.013541666666666667 0.030833333333333334
1 0.64375 0.20083333333333334 0.013541666666666667 0.03333333333333333
1 0.7966145833333333 0.22333333333333333 0.013020833333333334 0.03
1 0.8744791666666667 0.2425 0.013541666666666667 0.03
1 0.9890625 0.2775 0.014583333333333334 0.03333333333333333
1 0.9388020833333334 0.2604166666666667 0.011979166666666667 0.030833333333333334
1 0.8361979166666667 0.3545833333333333 0.027604166666666666 0.07916666666666666
2 0.4518229166666667 0.3129166666666667 0.04635416666666667 0.13583333333333333
2 0.8588541666666667 0.3441666666666667 0.04375 0.12166666666666667
2 0.81953125 0.32708333333333334 0.03802083333333333 0.1125
1 0.7182291666666667 0.21166666666666667 0.010416666666666666 0.023333333333333334
0 0.9424479166666667 0.25125 0.009895833333333333 0.0225
