0 0.228125 0.6308333333333334 0.08541666666666667 0.21666666666666667
0 0.61015625 0.3408333333333333 0.0328125 0.08
0 0.5705729166666667 0.30833333333333335 0.0265625 0.065
0 0.39765625 0.255 0.0203125 0.05
0 0.2890625 0.215 0.011458333333333333 0.04
0 0.27682291666666664 0.19708333333333333 0.008854166666666666 0.030833333333333334
0 0.33984375 0.1875 0.008854166666666666 0.03333333333333333
0 0.42734375 0.18666666666666668 0.0109375 0.04
0 0.8984375 0.25708333333333333 0.011458333333333333 0.030833333333333334
0 0.7721354166666666 0.23125 0.0109375 0.0275
0 0.6544270833333333 0.20875 0.011979166666666667 0.0325
1 0.984375 0.2970833333333333 0.015625 0.0375
1 0.9244791666666666 0.27375 0.015625 0.0325
1 0.8466145833333333 0.2520833333333333 0.013020833333333334 0.029166666666666667
1 0.9309895833333334 0.3570833333333333 0.030729166666666665 0.06916666666666667
1 0.8088541666666667 0.3045833333333333 0.022916666666666665 0.05416666666666667
1 0.6794270833333333 0.22625 0.008854166666666666 0.035833333333333335
1 0.59921875 0.21291666666666667 0.009895833333333333 0.0275
1 0.5307291666666667 0.21208333333333335 0.010416666666666666 0.019166666666666665
1 0.484375 0.21416666666666667 0.009375 0.023333333333333334
1 0.4669270833333333 0.22166666666666668 0.008854166666666666 0.021666666666666667
1 0.4973958333333333 0.23208333333333334 0.009375 0.025833333333333333
1 0.6002604166666666 0.25625 0.0109375 0.03916666666666667
