0 0.21692708333333333 0.6966666666666667 0.0984375 0.22833333333333333
0 0.5471354166666667 0.34125 0.0234375 0.0925
0 0.44895833333333335 0.23125 0.0125 0.0425
0 0.42916666666666664 0.21875 0.015625 0.0425
0 0.40703125 0.20666666666666667 0.015104166666666667 0.03833333333333333
0 0.41796875 0.17625 0.0109375 0.0275
0 0.48541666666666666 0.17708333333333334 0.011458333333333333 0.024166666666666666
0 0.5794270833333334 0.17958333333333334 0.009895833333333333 0.020833333333333332
0 0.7875 0.20333333333333334 0.009375 0.023333333333333334
0 0.9010416666666666 0.23 0.008333333333333333 0.02
0 0.9869791666666666 0.25625 0.009375 0.030833333333333334
1 0.953125 0.3825 0.034375 0.09333333333333334
1 0.8127604166666667 0.3104166666666667 0.024479166666666666 0.0575
1 0.7283854166666667 0.2733333333333333 0.0234375 0.055
1 0.6731770833333334 0.24666666666666667 0.018229166666666668 0.043333333333333335
1 0.6161458333333333 0.22458333333333333 0.021875 0.04083333333333333
1 0.5627604166666667 0.21625 0.018229166666666668 0.0375
1 0.5231770833333333 0.20208333333333334 0.016145833333333335 0.0325
1 0.5330729166666667 0.1925 0.0109375 0.028333333333333332
1 0.5700520833333333 0.19083333333333333 0.0140625 0.03166666666666667
1 0.6260416666666667 0.19375 0.0125 0.025833333333333333
1 0.6963541666666667 0.19916666666666666 0.010416666666666666 0.02666666666666667
1 0.7682291666666666 0.21375 0.010416666666666666 0.0275
1 0.8390625 0.22583333333333333 0.011458333333333333 0.03166666666666667
1 0.89765625 0.2425 0.0078125 0.03333333333333333
1 0.9432291666666667 0.25333333333333335 0.009375 0.03333333333333333
1 0.9544270833333334 0.2608333333333333 0.008854166666666666 0.03
