0 0.14375 0.8275 0.12395833333333334 0.28833333333333333
0 0.6416666666666667 0.3475 0.0375 0.085
0 0.7424479166666667 0.28041666666666665 0.0171875 0.0475
0 0.7627604166666667 0.25125 0.0109375 0.04083333333333333
1 0.9760416666666667 0.33166666666666667 0.022916666666666665 0.06333333333333334
0 0.8958333333333334 0.23375 0.008333333333333333 0.0275
1 0.8427083333333333 0.2504166666666667 0.0125 0.035833333333333335
0 0.9825520833333333 0.25625 0.0078125 0.0225
1 0.9432291666666667 0.28625 0.017708333333333333 0.04583333333333333
1 0.9075520833333334 0.26708333333333334 0.0140625 0.0375
1 0.8591145833333333 0.22916666666666666 0.008854166666666666 0.021666666666666667
1 0.9135416666666667 0.24416666666666667 0.011458333333333333 0.02666666666666667
1 0.9544270833333334 0.255 0.0140625 0.03333333333333333
1 0.9744791666666667 0.26375 0.0125 0.029166666666666667
