0 0.51484375 0.425 0.04739583333333333 0.12
0 0.6916666666666667 0.3070833333333333 0.022916666666666665 0.06416666666666666
0 0.7270833333333333 0.26875 0.013541666666666667 0.04083333333333333
0 0.690625 0.25125 0.013541666666666667 0.0375
0 0.56953125 0.22833333333333333 0.009895833333333333 0.028333333333333332
1 0.97890625 0.3675 0.030729166666666665 0.06833333333333333
0 0.778125 0.22291666666666668 0.009375 0.0225
0 0.8770833333333333 0.23708333333333334 0.008333333333333333 0.0225
0 0.9692708333333333 0.2625 0.009375 0.02666666666666667
1 0.93203125 0.305 0.0203125 0.05
1 0.8924479166666667 0.28208333333333335 0.016145833333333335 0.03916666666666667
1 0.8200520833333333 0.26125 0.0171875 0.034166666666666665
1 0.8377604166666667 0.23666666666666666 0.011979166666666667 0.03333333333333333
1 0.8963541666666667 0.24916666666666668 0.011458333333333333 0.03
1 0.9388020833333334 0.2654166666666667 0.0140625 0.0275
1 0.9625 0.27375 0.011458333333333333 0.0325
1 0.9916666666666667 0.2970833333333333 0.014583333333333334 0.035833333333333335
