0 0.15260416666666668 0.8579166666666667 0.12291666666666666 0.2808333333333333
0 0.4739583333333333 0.28125 0.027083333333333334 0.0675
0 0.484375 0.24916666666666668 0.020833333333333332 0.051666666666666666
0 0.4713541666666667 0.23375 0.016666666666666666 0.04416666666666667
0 0.44921875 0.20291666666666666 0.0140625 0.0375
0 0.53828125 0.18875 0.011979166666666667 0.030833333333333334
1 0.92734375 0.3933333333333333 0.03697916666666667 0.09
1 0.8401041666666667 0.32166666666666666 0.030208333333333334 0.07666666666666666
1 0.7638020833333333 0.27208333333333334 0.022395833333333334 0.060833333333333336
1 0.6984375 0.245 0.019791666666666666 0.04666666666666667
1 0.6536458333333334 0.2275 0.015625 0.041666666666666664
1 0.6763020833333333 0.21541666666666667 0.016145833333333335 0.0375
1 0.7283854166666667 0.21875 0.0171875 0.03916666666666667
1 0.8018229166666667 0.22708333333333333 0.018229166666666668 0.0375
1 0.8893229166666666 0.23875 0.009895833333333333 0.0325
1 0.98125 0.26 0.015625 0.03166666666666667
0 0.6296875 0.19125 0.011458333333333333 0.034166666666666665
0 0.74765625 0.20583333333333334 0.0109375 0.02666666666666667
2 0.4231770833333333 0.44458333333333333 0.07760416666666667 0.23583333333333334
