0 0.62109375 0.45208333333333334 0.0484375 0.1275
0 0.8033854166666666 0.3145833333333333 0.024479166666666666 0.06416666666666666
0 0.8559895833333333 0.27958333333333335 0.0140625 0.04583333333333333
0 0.884375 0.2625 0.013541666666666667 0.03333333333333333
0 0.89609375 0.22083333333333333 0.005729166666666666 0.02
1 0.98203125 0.26875 0.0140625 0.0275
1 0.9325520833333333 0.25375 0.0078125 0.025833333333333333
1 0.8942708333333333 0.24458333333333335 0.014583333333333334 0.029166666666666667
1 0.8622395833333333 0.23583333333333334 0.011979166666666667 0.02666666666666667
1 0.8427083333333333 0.2175 0.009375 0.02
