0 0.5083333333333333 0.43291666666666667 0.051041666666666666 0.12083333333333333
0 0.6903645833333333 0.3070833333333333 0.021354166666666667 0.0625
0 0.7255208333333333 0.2658333333333333 0.014583333333333334 0.04
0 0.6880208333333333 0.25166666666666665 0.011458333333333333 0.03833333333333333
0 0.5684895833333333 0.22791666666666666 0.0078125 0.0325
1 0.978125 0.36791666666666667 0.029166666666666667 0.07416666666666667
0 0.7776041666666667 0.22208333333333333 0.009375 0.024166666666666666
0 0.8770833333333333 0.23708333333333334 0.007291666666666667 0.024166666666666666
0 0.9700520833333334 0.2604166666666667 0.008854166666666666 0.024166666666666666
1 0.9309895833333334 0.30583333333333335 0.0203125 0.04833333333333333
1 0.8916666666666667 0.2833333333333333 0.016666666666666666 0.045
1 0.8197916666666667 0.26166666666666666 0.015625 0.04
1 0.8393229166666667 0.23541666666666666 0.009895833333333333 0.025833333333333333
1 0.8971354166666666 0.24958333333333332 0.011979166666666667 0.025833333333333333
1 0.9388020833333334 0.26416666666666666 0.013020833333333334 0.03
1 0.9630208333333333 0.27375 0.011458333333333333 0.0325
1 0.99296875 0.29625 0.011979166666666667 0.0375
