0 0.5294270833333333 0.44916666666666666 0.050520833333333334 0.13
0 0.7567708333333333 0.31166666666666665 0.028125 0.06833333333333333
0 0.8065104166666667 0.26625 0.015104166666666667 0.0425
0 0.8408854166666667 0.24666666666666667 0.009895833333333333 0.04
0 0.8489583333333334 0.23875 0.009375 0.0275
1 0.9841145833333333 0.28041666666666665 0.0140625 0.035833333333333335
0 0.9494791666666667 0.23208333333333334 0.008333333333333333 0.020833333333333332
1 0.9044270833333333 0.23875 0.013020833333333334 0.0275
1 0.9723958333333333 0.2625 0.013541666666666667 0.03333333333333333
1 0.9494791666666667 0.2554166666666667 0.013541666666666667 0.029166666666666667
1 0.9177083333333333 0.22833333333333333 0.009375 0.025
1 0.9627604166666667 0.23958333333333334 0.0109375 0.024166666666666666
