0 0.66328125 0.39 0.04010416666666667 0.09833333333333333
0 0.7557291666666667 0.29875 0.022916666666666665 0.0525
0 0.8052083333333333 0.2658333333333333 0.013541666666666667 0.041666666666666664
0 0.8166666666666667 0.25416666666666665 0.009375 0.02666666666666667
1 0.9776041666666667 0.3020833333333333 0.016666666666666666 0.04083333333333333
0 0.9270833333333334 0.23875 0.008333333333333333 0.0225
1 0.8791666666666667 0.24916666666666668 0.0125 0.03166666666666667
1 0.9596354166666666 0.2758333333333333 0.013020833333333334 0.03666666666666667
1 0.9322916666666666 0.265 0.014583333333333334 0.03333333333333333
1 0.8942708333333333 0.23666666666666666 0.011458333333333333 0.02666666666666667
1 0.9421875 0.24625 0.011458333333333333 0.0275
1 0.9770833333333333 0.2575 0.009375 0.025
