0 0.15677083333333333 0.85875 0.140625 0.2775
0 0.4744791666666667 0.2825 0.029166666666666667 0.065
0 0.4856770833333333 0.25083333333333335 0.021354166666666667 0.05
0 0.471875 0.2325 0.017708333333333333 0.045
0 0.4510416666666667 0.20375 0.016666666666666666 0.0375
0 0.5385416666666667 0.19083333333333333 0.0125 0.03166666666666667
0 0.6299479166666667 0.19291666666666665 0.008854166666666666 0.029166666666666667
0 0.74921875 0.20541666666666666 0.0109375 0.025833333333333333
0 0.8934895833333333 0.23333333333333334 0.0109375 0.028333333333333332
1 0.9270833333333334 0.3908333333333333 0.040625 0.09
1 0.8411458333333334 0.3225 0.03333333333333333 0.07
1 0.7651041666666667 0.27166666666666667 0.025 0.051666666666666666
1 0.6981770833333333 0.24583333333333332 0.022395833333333334 0.045
1 0.6536458333333334 0.22833333333333333 0.016666666666666666 0.041666666666666664
1 0.6763020833333333 0.21708333333333332 0.0171875 0.034166666666666665
1 0.7283854166666667 0.22083333333333333 0.0140625 0.03166666666666667
1 0.8028645833333333 0.22666666666666666 0.016145833333333335 0.03166666666666667
1 0.8919270833333334 0.2425 0.0140625 0.025
1 0.98203125 0.26125 0.015104166666666667 0.034166666666666665
