0 0.5424479166666667 0.5016666666666667 0.059895833333333336 0.15166666666666667
0 0.7421875 0.3258333333333333 0.029166666666666667 0.07
0 0.83125 0.28875 0.013541666666666667 0.049166666666666664
0 0.85859375 0.26416666666666666 0.011979166666666667 0.043333333333333335
0 0.8830729166666667 0.25333333333333335 0.008854166666666666 0.03
0 0.8903645833333333 0.24875 0.0067708333333333336 0.024166666666666666
0 0.98046875 0.24625 0.0067708333333333336 0.019166666666666665
1 0.9940104166666667 0.26916666666666667 0.008854166666666666 0.02666666666666667
1 0.9763020833333333 0.2654166666666667 0.011979166666666667 0.024166666666666666
1 0.9359375 0.2520833333333333 0.010416666666666666 0.024166666666666666
1 0.95078125 0.24416666666666667 0.008854166666666666 0.023333333333333334
