0 0.33177083333333335 0.5191666666666667 0.06666666666666667 0.15833333333333333
0 0.3658854166666667 0.395 0.0390625 0.10666666666666667
0 0.17526041666666667 0.30083333333333334 0.030729166666666665 0.07333333333333333
0 0.09453125 0.24208333333333334 0.0171875 0.049166666666666664
0 0.13098958333333333 0.20875 0.0171875 0.04083333333333333
0 0.2390625 0.19583333333333333 0.013541666666666667 0.03166666666666667
0 0.3572916666666667 0.18875 0.0125 0.029166666666666667
0 0.5 0.19541666666666666 0.010416666666666666 0.030833333333333334
0 0.6322916666666667 0.2125 0.010416666666666666 0.03
0 0.77265625 0.23541666666666666 0.008854166666666666 0.034166666666666665
0 0.9216145833333333 0.26458333333333334 0.013020833333333334 0.034166666666666665
1 0.9515625 0.29041666666666666 0.019791666666666666 0.03916666666666667
1 0.8591145833333333 0.26708333333333334 0.019270833333333334 0.0375
1 0.7580729166666667 0.245 0.016145833333333335 0.03833333333333333
1 0.6572916666666667 0.23 0.014583333333333334 0.023333333333333334
1 0.5565104166666667 0.21916666666666668 0.0109375 0.03166666666666667
1 0.4708333333333333 0.21333333333333335 0.013541666666666667 0.03166666666666667
1 0.40286458333333336 0.22125 0.011979166666666667 0.0325
1 0.3671875 0.22916666666666666 0.013541666666666667 0.041666666666666664
1 0.38619791666666664 0.25083333333333335 0.015104166666666667 0.041666666666666664
1 0.5052083333333334 0.28375 0.015625 0.0625
1 0.79296875 0.3620833333333333 0.043229166666666666 0.08916666666666667
1 0.9848958333333333 0.48 0.022916666666666665 0.10833333333333334
