0 0.5223958333333333 0.425 0.04791666666666667 0.11833333333333333
0 0.69296875 0.30333333333333334 0.0234375 0.056666666666666664
0 0.728125 0.2675 0.015625 0.04
0 0.6901041666666666 0.25458333333333333 0.013541666666666667 0.035833333333333335
0 0.9692708333333333 0.26375 0.008333333333333333 0.0275
0 0.8765625 0.23791666666666667 0.011458333333333333 0.029166666666666667
0 0.7796875 0.22416666666666665 0.008333333333333333 0.025
1 0.9919270833333333 0.29083333333333333 0.013020833333333334 0.03833333333333333
1 0.9622395833333334 0.27625 0.0109375 0.0275
1 0.9385416666666667 0.26208333333333333 0.011458333333333333 0.0325
1 0.8947916666666667 0.25 0.009375 0.025
1 0.83828125 0.23666666666666666 0.009895833333333333 0.023333333333333334
1 0.8197916666666667 0.26 0.017708333333333333 0.03666666666666667
1 0.8911458333333333 0.2808333333333333 0.017708333333333333 0.04
1 0.9309895833333334 0.30375 0.018229166666666668 0.04083333333333333
1 0.97734375 0.3616666666666667 0.0265625 0.06666666666666667
