0 0.5674479166666667 0.39375 0.043229166666666666 0.10083333333333333
0 0.6203125 0.2916666666666667 0.016666666666666666 0.06166666666666667
1 0.7239583333333334 0.25333333333333335 0.020833333333333332 0.045
0 0.4908854166666667 0.17583333333333334 0.008854166666666666 0.025
0 0.5752604166666667 0.18208333333333335 0.0078125 0.019166666666666665
1 0.89765625 0.3225 0.025520833333333333 0.056666666666666664
1 0.79296875 0.27875 0.022395833333333334 0.050833333333333335
0 0.5752604166666667 0.2633333333333333 0.015104166666666667 0.045
1 0.6763020833333333 0.23708333333333334 0.0171875 0.0375
0 0.7619791666666667 0.20458333333333334 0.007291666666666667 0.0225
1 0.625 0.21916666666666668 0.014583333333333334 0.03666666666666667
1 0.5744791666666667 0.21083333333333334 0.015625 0.028333333333333332
0 0.8643229166666667 0.22708333333333333 0.008854166666666666 0.0225
0 0.9411458333333333 0.245 0.009375 0.025
1 0.53515625 0.19875 0.0109375 0.025833333333333333
1 0.7450520833333333 0.20916666666666667 0.011979166666666667 0.028333333333333332
1 0.80703125 0.22041666666666668 0.008854166666666666 0.024166666666666666
1 0.9002604166666667 0.24416666666666667 0.011979166666666667 0.03
1 0.8598958333333333 0.23458333333333334 0.011458333333333333 0.025833333333333333
1 0.6208333333333333 0.19333333333333333 0.0125 0.02666666666666667
1 0.9088541666666666 0.25083333333333335 0.009375 0.028333333333333332
1 0.95390625 0.27125 0.016145833333333335 0.03916666666666667
2 0.58671875 0.255 0.021354166666666667 0.075
2 0.56796875 0.24875 0.016145833333333335 0.0675
2 0.8059895833333334 0.2675 0.0203125 0.07
2 0.7838541666666666 0.26416666666666666 0.019791666666666666 0.06666666666666667
