0 0.4744791666666667 0.28791666666666665 0.034375 0.07083333333333333
0 0.3971354166666667 0.49875 0.044270833333333336 0.14916666666666667
0 0.4903645833333333 0.24875 0.022395833333333334 0.05416666666666667
0 0.4796875 0.22875 0.015625 0.049166666666666664
0 0.4609375 0.1975 0.015625 0.041666666666666664
0 0.55546875 0.18416666666666667 0.0109375 0.03666666666666667
1 0.96328125 0.4166666666666667 0.034895833333333334 0.105
1 0.86640625 0.33375 0.03177083333333333 0.07916666666666666
1 0.7869791666666667 0.27666666666666667 0.022916666666666665 0.06333333333333334
1 0.7169270833333333 0.24583333333333332 0.0234375 0.051666666666666666
1 0.6721354166666667 0.22333333333333333 0.015104166666666667 0.04833333333333333
1 0.69765625 0.21458333333333332 0.018229166666666668 0.03916666666666667
1 0.7520833333333333 0.21708333333333332 0.016666666666666666 0.03916666666666667
1 0.8278645833333333 0.22583333333333333 0.013020833333333334 0.03666666666666667
1 0.9184895833333333 0.2425 0.011979166666666667 0.03333333333333333
0 0.6484375 0.18958333333333333 0.011458333333333333 0.030833333333333334
0 0.7723958333333333 0.20333333333333334 0.0125 0.03
2 0.37265625 0.4891666666666667 0.09427083333333333 0.2733333333333333
2 0.39375 0.43125 0.058333333333333334 0.22916666666666666
