0 0.44973958333333336 0.41125 0.033854166666666664 0.1175
1 0.7338541666666667 0.29541666666666666 0.026041666666666668 0.0625
0 0.4119791666666667 0.24791666666666667 0.019791666666666666 0.0525
0 0.3997395833333333 0.22541666666666665 0.011979166666666667 0.04416666666666667
0 0.3796875 0.21541666666666667 0.015625 0.03916666666666667
0 0.3502604166666667 0.19291666666666665 0.0140625 0.0375
0 0.4125 0.1825 0.011458333333333333 0.03333333333333333
0 0.4875 0.17958333333333334 0.009375 0.0275
0 0.5895833333333333 0.18666666666666668 0.009375 0.02666666666666667
0 0.8140625 0.21791666666666668 0.010416666666666666 0.029166666666666667
1 0.6744791666666666 0.26458333333333334 0.027083333333333334 0.05583333333333333
1 0.6151041666666667 0.23708333333333334 0.020833333333333332 0.04416666666666667
1 0.5591145833333333 0.22041666666666668 0.021354166666666667 0.03916666666666667
1 0.5205729166666667 0.20791666666666667 0.016145833333333335 0.0375
1 0.5338541666666666 0.19916666666666666 0.013541666666666667 0.03333333333333333
1 0.5770833333333333 0.19791666666666666 0.013541666666666667 0.0325
1 0.63984375 0.20166666666666666 0.015104166666666667 0.03166666666666667
1 0.7916666666666666 0.22041666666666668 0.011458333333333333 0.0325
1 0.86796875 0.24 0.011979166666666667 0.02666666666666667
1 0.9825520833333333 0.27291666666666664 0.0171875 0.034166666666666665
1 0.9328125 0.25708333333333333 0.0125 0.029166666666666667
1 0.8325520833333333 0.3458333333333333 0.024479166666666666 0.07333333333333333
2 0.46015625 0.3125 0.0453125 0.12666666666666668
2 0.44479166666666664 0.2975 0.03333333333333333 0.11833333333333333
2 0.8528645833333334 0.33666666666666667 0.0390625 0.115
2 0.8130208333333333 0.3225 0.035416666666666666 0.11166666666666666
1 0.7140625 0.21208333333333335 0.010416666666666666 0.0225
0 0.9359375 0.24875 0.011458333333333333 0.029166666666666667
