0 0.30494791666666665 0.5420833333333334 0.0671875 0.1525
0 0.35546875 0.405 0.04114583333333333 0.11333333333333333
0 0.16302083333333334 0.3020833333333333 0.030208333333333334 0.07916666666666666
0 0.08958333333333333 0.24291666666666667 0.016666666666666666 0.0575
0 0.13125 0.21 0.015625 0.04833333333333333
0 0.24192708333333332 0.19541666666666666 0.0109375 0.034166666666666665
0 0.93515625 0.2683333333333333 0.013020833333333334 0.03333333333333333
0 0.7830729166666667 0.23833333333333334 0.013020833333333334 0.03
1 0.8057291666666667 0.37375 0.03854166666666667 0.08583333333333333
1 0.5078125 0.29125 0.025 0.0675
1 0.8723958333333334 0.2683333333333333 0.016666666666666666 0.041666666666666664
1 0.96796875 0.29375 0.019270833333333334 0.04416666666666667
