0 0.3697916666666667 0.48791666666666667 0.06041666666666667 0.13583333333333333
0 0.3859375 0.37958333333333333 0.03854166666666667 0.09583333333333334
0 0.19401041666666666 0.2970833333333333 0.025520833333333333 0.07416666666666667
0 0.1046875 0.23916666666666667 0.015625 0.05
0 0.13645833333333332 0.20833333333333334 0.014583333333333334 0.045
0 0.23854166666666668 0.19583333333333333 0.011458333333333333 0.03666666666666667
0 0.9059895833333333 0.2633333333333333 0.0109375 0.03
0 0.7609375 0.23375 0.010416666666666666 0.030833333333333334
1 0.9760416666666667 0.45708333333333334 0.04375 0.10916666666666666
1 0.7848958333333333 0.3525 0.03229166666666667 0.085
1 0.5067708333333333 0.28625 0.021875 0.060833333333333336
1 0.8463541666666666 0.26375 0.015625 0.0425
1 0.9377604166666667 0.28625 0.018229166666666668 0.04416666666666667
