0 0.61875 0.3595833333333333 0.034375 0.08583333333333333
0 0.6450520833333333 0.28375 0.018229166666666668 0.049166666666666664
1 0.7294270833333333 0.2554166666666667 0.019270833333333334 0.04416666666666667
1 0.8856770833333333 0.3145833333333333 0.024479166666666666 0.05416666666666667
1 0.79296875 0.2783333333333333 0.0171875 0.045
0 0.59921875 0.26 0.0140625 0.04
1 0.6830729166666667 0.24 0.0171875 0.04
0 0.42291666666666666 0.19375 0.011458333333333333 0.0275
0 0.7596354166666667 0.21166666666666667 0.0078125 0.023333333333333334
1 0.6333333333333333 0.22291666666666668 0.014583333333333334 0.035833333333333335
1 0.5854166666666667 0.215 0.0125 0.03
0 0.8583333333333333 0.23291666666666666 0.008333333333333333 0.0225
0 0.9317708333333333 0.2525 0.009375 0.023333333333333334
1 0.5458333333333333 0.2075 0.011458333333333333 0.028333333333333332
1 0.7440104166666667 0.21458333333333332 0.009895833333333333 0.029166666666666667
1 0.8036458333333333 0.22541666666666665 0.010416666666666666 0.025833333333333333
1 0.8924479166666667 0.24958333333333332 0.008854166666666666 0.025833333333333333
1 0.8541666666666666 0.23958333333333334 0.010416666666666666 0.024166666666666666
1 0.5783854166666667 0.19916666666666666 0.009895833333333333 0.021666666666666667
1 0.9002604166666667 0.25375 0.009895833333333333 0.025833333333333333
1 0.9411458333333333 0.27458333333333335 0.014583333333333334 0.035833333333333335
1 0.6239583333333333 0.20083333333333334 0.011458333333333333 0.02666666666666667
2 0.6088541666666667 0.25333333333333335 0.017708333333333333 0.07166666666666667
2 0.5919270833333333 0.24708333333333332 0.018229166666666668 0.06583333333333333
2 0.8059895833333334 0.26916666666666667 0.0203125 0.065
2 0.7838541666666666 0.2633333333333333 0.019791666666666666 0.06666666666666667
