0 0.47265625 0.48875 0.059895833333333336 0.1575
0 0.74609375 0.3225 0.030729166666666665 0.07166666666666667
0 0.8002604166666667 0.26916666666666667 0.0171875 0.04666666666666667
0 0.8346354166666666 0.2504166666666667 0.013020833333333334 0.035833333333333335
0 0.84453125 0.24166666666666667 0.0067708333333333336 0.023333333333333334
1 0.98359375 0.28291666666666665 0.015104166666666667 0.03916666666666667
0 0.9466145833333334 0.22916666666666666 0.0078125 0.02666666666666667
1 0.9018229166666667 0.24083333333333334 0.011979166666666667 0.03166666666666667
1 0.9716145833333333 0.26416666666666666 0.0109375 0.03166666666666667
1 0.9484375 0.2529166666666667 0.0125 0.029166666666666667
1 0.91484375 0.23 0.009895833333333333 0.021666666666666667
1 0.959375 0.23958333333333334 0.011458333333333333 0.024166666666666666
