0 0.38046875 0.65 0.0984375 0.26166666666666666
0 0.6908854166666667 0.3425 0.030729166666666665 0.08166666666666667
0 0.79453125 0.29375 0.018229166666666668 0.0525
0 0.8244791666666667 0.2679166666666667 0.013541666666666667 0.035833333333333335
0 0.8510416666666667 0.25666666666666665 0.007291666666666667 0.03
0 0.8578125 0.24666666666666667 0.00625 0.02666666666666667
1 0.98125 0.3045833333333333 0.015625 0.04416666666666667
1 0.9721354166666667 0.2833333333333333 0.009895833333333333 0.03
1 0.96484375 0.2704166666666667 0.009895833333333333 0.029166666666666667
1 0.9479166666666666 0.26208333333333333 0.009375 0.0275
1 0.90625 0.24875 0.013541666666666667 0.0275
