0 0.6552083333333333 0.395 0.0375 0.105
0 0.7528645833333333 0.2975 0.021354166666666667 0.06
0 0.8013020833333333 0.2625 0.013020833333333334 0.04
0 0.8127604166666667 0.2475 0.008854166666666666 0.02666666666666667
1 0.9770833333333333 0.2991666666666667 0.017708333333333333 0.05
0 0.9260416666666667 0.23541666666666666 0.009375 0.019166666666666665
1 0.8778645833333333 0.24791666666666667 0.013020833333333334 0.030833333333333334
1 0.9588541666666667 0.27458333333333335 0.014583333333333334 0.0375
1 0.93203125 0.26416666666666666 0.016145833333333335 0.03166666666666667
1 0.8924479166666667 0.23583333333333334 0.0109375 0.025
1 0.94140625 0.245 0.008854166666666666 0.025
1 0.9765625 0.25458333333333333 0.009375 0.0275
