0 0.4640625 0.3695833333333333 0.04583333333333333 0.0975
0 0.5276041666666667 0.3095833333333333 0.029166666666666667 0.0675
0 0.5388020833333333 0.27625 0.019270833333333334 0.0575
0 0.5346354166666667 0.23583333333333334 0.018229166666666668 0.043333333333333335
0 0.6622395833333333 0.22291666666666668 0.013020833333333334 0.030833333333333334
0 0.7747395833333334 0.23375 0.013020833333333334 0.030833333333333334
0 0.91484375 0.25625 0.0109375 0.035833333333333335
1 0.9328125 0.36291666666666667 0.029166666666666667 0.0725
1 0.8440104166666667 0.31083333333333335 0.022395833333333334 0.055
1 0.7890625 0.27958333333333335 0.023958333333333335 0.04583333333333333
1 0.8236979166666667 0.26458333333333334 0.018229166666666668 0.04083333333333333
1 0.8903645833333333 0.27291666666666664 0.0171875 0.04083333333333333
1 0.9802083333333333 0.28625 0.015625 0.0375
