0 0.41848958333333336 0.45416666666666666 0.0484375 0.12
0 0.41328125 0.36125 0.034895833333333334 0.08916666666666667
0 0.22213541666666667 0.2891666666666667 0.025520833333333333 0.07166666666666667
0 0.12838541666666667 0.23458333333333334 0.015104166666666667 0.0525
0 0.15026041666666667 0.20583333333333334 0.013020833333333334 0.041666666666666664
0 0.24479166666666666 0.19708333333333333 0.011458333333333333 0.034166666666666665
0 0.8950520833333333 0.25833333333333336 0.009895833333333333 0.028333333333333332
0 0.7536458333333333 0.23458333333333334 0.011458333333333333 0.029166666666666667
1 0.9567708333333333 0.435 0.04583333333333333 0.09833333333333333
1 0.7799479166666666 0.3416666666666667 0.0328125 0.075
1 0.5130208333333334 0.27958333333333335 0.019791666666666666 0.060833333333333336
1 0.8356770833333333 0.2608333333333333 0.016145833333333335 0.03833333333333333
1 0.9239583333333333 0.28291666666666665 0.021875 0.04416666666666667
