0 0.6317708333333333 0.35833333333333334 0.03333333333333333 0.09
0 0.73515625 0.2841666666666667 0.016145833333333335 0.055
0 0.75625 0.25458333333333333 0.011458333333333333 0.04083333333333333
1 0.97265625 0.33708333333333335 0.0234375 0.0625
0 0.8916666666666667 0.23583333333333334 0.007291666666666667 0.025
1 0.8372395833333334 0.25125 0.0140625 0.034166666666666665
0 0.9776041666666667 0.2575 0.009375 0.02666666666666667
1 0.9377604166666667 0.29 0.019270833333333334 0.04
1 0.9041666666666667 0.2725 0.017708333333333333 0.04
1 0.8541666666666666 0.23041666666666666 0.011458333333333333 0.024166666666666666
1 0.9096354166666667 0.24625 0.013020833333333334 0.0275
1 0.9494791666666667 0.2579166666666667 0.0125 0.0275
1 0.9700520833333334 0.2654166666666667 0.011979166666666667 0.0325
