0 0.6768229166666667 0.37083333333333335 0.0359375 0.085
0 0.7640625 0.29541666666666666 0.019791666666666666 0.050833333333333335
0 0.8013020833333333 0.26666666666666666 0.013020833333333334 0.03666666666666667
1 0.9643229166666667 0.3020833333333333 0.016145833333333335 0.0375
1 0.91171875 0.27208333333333334 0.0140625 0.030833333333333334
1 0.9822916666666667 0.27875 0.011458333333333333 0.0275
1 0.8145833333333333 0.24333333333333335 0.009375 0.02666666666666667
1 0.7815104166666667 0.23208333333333334 0.013020833333333334 0.020833333333333332
1 0.8088541666666667 0.21833333333333332 0.008333333333333333 0.021666666666666667
1 0.92578125 0.24875 0.0046875 0.015833333333333335
1 0.92109375 0.24666666666666667 0.005729166666666666 0.016666666666666666
1 0.6734375 0.20833333333333334 0.007291666666666667 0.018333333333333333
1 0.6677083333333333 0.20416666666666666 0.008333333333333333 0.021666666666666667
1 0.7609375 0.21125 0.008333333333333333 0.0175
