0 0.46458333333333335 0.3325 0.034375 0.08666666666666667
0 0.14036458333333332 0.7633333333333333 0.0953125 0.25833333333333336
0 0.5083333333333333 0.28541666666666665 0.022916666666666665 0.06416666666666666
0 0.5067708333333333 0.25333333333333335 0.023958333333333335 0.056666666666666664
0 0.5010416666666667 0.22 0.01875 0.04833333333333333
0 0.6119791666666666 0.20666666666666667 0.013541666666666667 0.03833333333333333
1 0.9643229166666667 0.4033333333333333 0.03802083333333333 0.1
1 0.8645833333333334 0.3229166666666667 0.027083333333333334 0.07416666666666667
1 0.78359375 0.2833333333333333 0.022395833333333334 0.056666666666666664
1 0.7359375 0.25583333333333336 0.019791666666666666 0.05333333333333334
1 0.7669270833333334 0.2425 0.0203125 0.045
1 0.828125 0.24875 0.016666666666666666 0.04416666666666667
1 0.9111979166666667 0.25916666666666666 0.0171875 0.03833333333333333
0 0.7166666666666667 0.21375 0.0125 0.0325
0 0.85 0.23375 0.0125 0.0325
2 0.06875 0.7629166666666667 0.134375 0.4608333333333333
2 0.17135416666666667 0.62625 0.11666666666666667 0.37416666666666665
