0 0.18671875 0.8341666666666666 0.1140625 0.28833333333333333
0 0.47317708333333336 0.27875 0.0265625 0.06583333333333333
0 0.48125 0.24833333333333332 0.020833333333333332 0.051666666666666666
0 0.46927083333333336 0.22916666666666666 0.016666666666666666 0.041666666666666664
0 0.4471354166666667 0.20208333333333334 0.015104166666666667 0.03916666666666667
0 0.5341145833333333 0.18916666666666668 0.013020833333333334 0.03166666666666667
0 0.6239583333333333 0.1925 0.0125 0.028333333333333332
0 0.7416666666666667 0.20375 0.0125 0.029166666666666667
0 0.8856770833333333 0.23291666666666666 0.009895833333333333 0.030833333333333334
1 0.9177083333333333 0.3858333333333333 0.0375 0.09333333333333334
1 0.8328125 0.31875 0.034375 0.07083333333333333
1 0.7588541666666667 0.2725 0.027083333333333334 0.056666666666666664
1 0.6919270833333333 0.24458333333333335 0.022395833333333334 0.05416666666666667
1 0.6479166666666667 0.22541666666666665 0.023958333333333335 0.04416666666666667
1 0.6705729166666666 0.21416666666666667 0.015104166666666667 0.03666666666666667
1 0.7236979166666667 0.21666666666666667 0.0140625 0.035
1 0.7973958333333333 0.22291666666666668 0.014583333333333334 0.035833333333333335
1 0.8838541666666667 0.23833333333333334 0.0125 0.03333333333333333
1 0.975 0.25833333333333336 0.013541666666666667 0.03166666666666667
2 0.42994791666666665 0.43375 0.07447916666666667 0.23416666666666666
