0 0.4518229166666667 0.4058333333333333 0.0484375 0.11833333333333333
0 0.53984375 0.33208333333333334 0.03177083333333333 0.0825
0 0.5544270833333333 0.2920833333333333 0.0203125 0.0625
0 0.5609375 0.24583333333333332 0.021875 0.051666666666666666
0 0.69765625 0.23291666666666666 0.016145833333333335 0.04583333333333333
1 0.9859375 0.3958333333333333 0.021875 0.09
1 0.88828125 0.33375 0.0296875 0.0675
1 0.8330729166666667 0.2975 0.021354166666666667 0.058333333333333334
1 0.87109375 0.2825 0.0203125 0.04666666666666667
1 0.9395833333333333 0.28958333333333336 0.01875 0.04583333333333333
0 0.8169270833333333 0.24375 0.013020833333333334 0.0425
0 0.9643229166666667 0.27291666666666664 0.013020833333333334 0.034166666666666665
