0 0.44427083333333334 0.41041666666666665 0.05 0.12083333333333333
0 0.5403645833333334 0.33458333333333334 0.034895833333333334 0.08416666666666667
0 0.55625 0.29375 0.027083333333333334 0.0675
0 0.5653645833333333 0.24541666666666667 0.019270833333333334 0.050833333333333335
0 0.70546875 0.23458333333333334 0.018229166666666668 0.04083333333333333
1 0.89921875 0.33791666666666664 0.027604166666666666 0.06583333333333333
1 0.84375 0.29875 0.019791666666666666 0.0525
1 0.8791666666666667 0.28583333333333333 0.017708333333333333 0.04666666666666667
1 0.9494791666666667 0.2920833333333333 0.021875 0.04083333333333333
0 0.8265625 0.24541666666666667 0.014583333333333334 0.0375
0 0.9744791666666667 0.2733333333333333 0.013541666666666667 0.035
