0 0.47265625 0.2866666666666667 0.0328125 0.07333333333333333
0 0.41119791666666666 0.48583333333333334 0.043229166666666666 0.13833333333333334
0 0.48880208333333336 0.24916666666666668 0.0203125 0.058333333333333334
0 0.47552083333333334 0.22958333333333333 0.017708333333333333 0.04583333333333333
0 0.4578125 0.20125 0.016666666666666666 0.0425
0 0.5502604166666667 0.18708333333333332 0.011979166666666667 0.034166666666666665
1 0.9502604166666667 0.4091666666666667 0.0421875 0.09833333333333333
1 0.859375 0.33 0.028125 0.07833333333333334
1 0.78125 0.27625 0.023958333333333335 0.05583333333333333
1 0.7125 0.24791666666666667 0.021875 0.0525
1 0.66796875 0.22708333333333333 0.0171875 0.04083333333333333
1 0.690625 0.21708333333333332 0.016666666666666666 0.03916666666666667
1 0.7450520833333333 0.21958333333333332 0.0171875 0.034166666666666665
1 0.8205729166666667 0.2275 0.0140625 0.035
1 0.9091145833333333 0.24208333333333334 0.0109375 0.034166666666666665
0 0.6432291666666666 0.19125 0.013541666666666667 0.034166666666666665
0 0.76484375 0.205 0.0109375 0.02666666666666667
2 0.38958333333333334 0.47375 0.090625 0.2625
