0 0.46041666666666664 0.4658333333333333 0.053125 0.14
0 0.6783854166666666 0.30916666666666665 0.0234375 0.06666666666666667
0 0.721875 0.26916666666666667 0.016666666666666666 0.04
0 0.6841145833333333 0.25416666666666665 0.0109375 0.04
0 0.559375 0.22916666666666666 0.009375 0.03
1 0.98515625 0.3779166666666667 0.027604166666666666 0.07916666666666666
0 0.7776041666666667 0.21791666666666668 0.008333333333333333 0.019166666666666665
0 0.8786458333333333 0.23625 0.009375 0.025833333333333333
0 0.9716145833333333 0.2608333333333333 0.0078125 0.023333333333333334
1 0.9361979166666666 0.30541666666666667 0.0203125 0.050833333333333335
1 0.8932291666666666 0.28 0.016666666666666666 0.045
1 0.81796875 0.2579166666666667 0.0171875 0.0425
1 0.8380208333333333 0.23375 0.011458333333333333 0.029166666666666667
1 0.89765625 0.24708333333333332 0.011979166666666667 0.0275
1 0.9421875 0.26375 0.0125 0.030833333333333334
1 0.9653645833333333 0.2733333333333333 0.0109375 0.03166666666666667
