0 0.5760416666666667 0.3775 0.03958333333333333 0.1
0 0.6856770833333333 0.2891666666666667 0.019270833333333334 0.05333333333333334
0 0.6427083333333333 0.2679166666666667 0.013541666666666667 0.04416666666666667
0 0.49661458333333336 0.23 0.0109375 0.045
0 0.390625 0.20041666666666666 0.007291666666666667 0.035833333333333335
0 0.8901041666666667 0.23791666666666667 0.009375 0.029166666666666667
0 0.7770833333333333 0.21958333333333332 0.008333333333333333 0.025833333333333333
1 0.9708333333333333 0.3458333333333333 0.026041666666666668 0.065
1 0.9135416666666667 0.3070833333333333 0.021875 0.05583333333333333
1 0.8169270833333333 0.27125 0.022395833333333334 0.0475
1 0.8447916666666667 0.235 0.0125 0.03
1 0.9106770833333333 0.255 0.0109375 0.03333333333333333
1 0.9638020833333333 0.27 0.0140625 0.035
