0 0.5075520833333333 0.4675 0.0546875 0.13666666666666666
0 0.69609375 0.3125 0.0234375 0.06166666666666667
0 0.7541666666666667 0.2725 0.01875 0.045
1 0.9447916666666667 0.3095833333333333 0.020833333333333332 0.0525
1 0.8815104166666666 0.27125 0.0171875 0.0425
1 0.7752604166666667 0.23791666666666667 0.013020833333333334 0.030833333333333334
0 0.5958333333333333 0.21166666666666667 0.009375 0.03666666666666667
0 0.7369791666666666 0.24875 0.013541666666666667 0.030833333333333334
0 0.5286458333333334 0.19291666666666665 0.008333333333333333 0.0225
0 0.53828125 0.18833333333333332 0.008854166666666666 0.016666666666666666
0 0.5736979166666667 0.1875 0.009895833333333333 0.018333333333333333
0 0.7158854166666667 0.20125 0.008854166666666666 0.0175
0 0.7828125 0.21333333333333335 0.008333333333333333 0.018333333333333333
0 0.8635416666666667 0.22875 0.007291666666666667 0.0175
0 0.92265625 0.24416666666666667 0.0067708333333333336 0.018333333333333333
0 0.97734375 0.2604166666666667 0.008854166666666666 0.020833333333333332
0 0.9908854166666666 0.2679166666666667 0.0067708333333333336 0.015833333333333335
1 0.7395833333333334 0.22875 0.013541666666666667 0.034166666666666665
1 0.8205729166666667 0.225 0.0067708333333333336 0.02
1 0.9591145833333333 0.27791666666666665 0.011979166666666667 0.034166666666666665
1 0.9890625 0.29833333333333334 0.016666666666666666 0.041666666666666664
1 0.9255208333333333 0.2579166666666667 0.010416666666666666 0.025833333333333333
