0 0.5075520833333333 0.4454166666666667 0.0546875 0.12416666666666666
0 0.69921875 0.30875 0.019270833333333334 0.0575
0 0.6947916666666667 0.26666666666666666 0.013541666666666667 0.041666666666666664
1 0.98671875 0.37333333333333335 0.022395833333333334 0.07
1 0.8890625 0.29291666666666666 0.019791666666666666 0.04583333333333333
1 0.75390625 0.24708333333333332 0.0171875 0.04083333333333333
1 0.809375 0.26375 0.014583333333333334 0.030833333333333334
0 0.5153645833333333 0.20666666666666667 0.0109375 0.03
0 0.4734375 0.1925 0.009375 0.021666666666666667
0 0.4895833333333333 0.18125 0.007291666666666667 0.020833333333333332
0 0.6065104166666667 0.18791666666666668 0.0067708333333333336 0.019166666666666665
0 0.6989583333333333 0.2 0.00625 0.016666666666666666
0 0.77265625 0.2125 0.005729166666666666 0.018333333333333333
0 0.86328125 0.23208333333333334 0.0067708333333333336 0.019166666666666665
0 0.9317708333333333 0.24833333333333332 0.007291666666666667 0.023333333333333334
0 0.9958333333333333 0.2679166666666667 0.00625 0.0225
1 0.7125 0.235 0.014583333333333334 0.035
1 0.6653645833333334 0.22 0.0140625 0.03
1 0.61953125 0.21041666666666667 0.0140625 0.030833333333333334
1 0.6494791666666667 0.2 0.010416666666666666 0.025
1 0.7026041666666667 0.2075 0.007291666666666667 0.02
1 0.8151041666666666 0.22708333333333333 0.010416666666666666 0.025833333333333333
1 0.8955729166666667 0.24875 0.0078125 0.024166666666666666
1 0.9033854166666667 0.25166666666666665 0.009895833333333333 0.03
1 0.9838541666666667 0.2970833333333333 0.016666666666666666 0.03916666666666667
1 0.9388020833333334 0.26708333333333334 0.0140625 0.029166666666666667
1 0.75859375 0.21541666666666667 0.0078125 0.024166666666666666
