0 0.46432291666666664 0.295 0.0296875 0.07166666666666667
0 0.48984375 0.25833333333333336 0.022395833333333334 0.055
0 0.4822916666666667 0.23416666666666666 0.017708333333333333 0.043333333333333335
0 0.46458333333333335 0.20458333333333334 0.017708333333333333 0.04416666666666667
0 0.5651041666666666 0.18875 0.0125 0.030833333333333334
0 0.6611979166666667 0.19416666666666665 0.0140625 0.028333333333333332
0 0.78671875 0.20916666666666667 0.0109375 0.03166666666666667
0 0.9401041666666666 0.23958333333333334 0.010416666666666666 0.0275
1 0.98203125 0.43583333333333335 0.0328125 0.115
1 0.8848958333333333 0.345 0.03229166666666667 0.075
1 0.7989583333333333 0.28458333333333335 0.026041666666666668 0.0575
1 0.7296875 0.2520833333333333 0.021875 0.04583333333333333
1 0.6830729166666667 0.23166666666666666 0.016145833333333335 0.04833333333333333
1 0.71015625 0.21791666666666668 0.016145833333333335 0.04083333333333333
1 0.7661458333333333 0.22166666666666668 0.013541666666666667 0.03333333333333333
1 0.8434895833333333 0.23125 0.0171875 0.034166666666666665
