0 0.4669270833333333 0.34833333333333333 0.03802083333333333 0.09166666666666666
0 0.51796875 0.29875 0.0234375 0.06416666666666666
0 0.5205729166666667 0.2654166666666667 0.019270833333333334 0.0575
0 0.5161458333333333 0.22875 0.019791666666666666 0.049166666666666664
0 0.6359375 0.21583333333333332 0.015625 0.03833333333333333
1 0.8942708333333333 0.34291666666666665 0.028125 0.07416666666666667
1 0.8098958333333334 0.2966666666666667 0.023958333333333335 0.06
1 0.7609375 0.2679166666666667 0.019791666666666666 0.050833333333333335
1 0.7934895833333333 0.2520833333333333 0.019270833333333334 0.04583333333333333
1 0.8567708333333334 0.26125 0.016666666666666666 0.0425
1 0.9434895833333333 0.275 0.016145833333333335 0.043333333333333335
0 0.7434895833333334 0.22208333333333333 0.011979166666666667 0.035833333333333335
0 0.8799479166666667 0.245 0.0140625 0.035
2 0.06302083333333333 0.7295833333333334 0.12291666666666666 0.43916666666666665
