0 0.3390625 0.5033333333333333 0.053125 0.15666666666666668
1 0.7721354166666666 0.3258333333333333 0.0296875 0.07166666666666667
0 0.40703125 0.26125 0.018229166666666668 0.0475
0 0.40703125 0.23625 0.018229166666666668 0.049166666666666664
0 0.39036458333333335 0.22333333333333333 0.018229166666666668 0.041666666666666664
0 0.36640625 0.19958333333333333 0.013020833333333334 0.03916666666666667
0 0.4390625 0.18291666666666667 0.0125 0.0325
0 0.5229166666666667 0.18416666666666667 0.011458333333333333 0.03
0 0.63125 0.19125 0.010416666666666666 0.0275
0 0.8690104166666667 0.22916666666666666 0.013020833333333334 0.02666666666666667
1 0.70703125 0.28 0.030729166666666665 0.065
1 0.64609375 0.24708333333333332 0.0234375 0.049166666666666664
1 0.5875 0.23083333333333333 0.020833333333333332 0.03833333333333333
1 0.5489583333333333 0.21583333333333332 0.017708333333333333 0.03833333333333333
1 0.5677083333333334 0.20583333333333334 0.0125 0.03333333333333333
1 0.6138020833333333 0.20458333333333334 0.0171875 0.0375
1 0.68203125 0.21083333333333334 0.015104166666666667 0.03666666666666667
1 0.8450520833333334 0.23541666666666666 0.015104166666666667 0.0325
1 0.92734375 0.2554166666666667 0.015104166666666667 0.030833333333333334
1 0.88984375 0.39666666666666667 0.028645833333333332 0.08833333333333333
2 0.41744791666666664 0.35041666666666665 0.050520833333333334 0.1575
2 0.9171875 0.3858333333333333 0.04583333333333333 0.145
2 0.8700520833333333 0.3675 0.044270833333333336 0.14166666666666666
1 0.7619791666666667 0.22291666666666668 0.0125 0.0225
