0 0.39088541666666665 0.4708333333333333 0.0546875 0.13166666666666665
0 0.3953125 0.375 0.035416666666666666 0.09
0 0.20364583333333333 0.29333333333333333 0.026041666666666668 0.075
0 0.11354166666666667 0.23625 0.015625 0.049166666666666664
0 0.140625 0.20666666666666667 0.0125 0.041666666666666664
0 0.23932291666666666 0.19541666666666666 0.0109375 0.034166666666666665
0 0.9010416666666666 0.25916666666666666 0.010416666666666666 0.03
0 0.7565104166666666 0.23416666666666666 0.0109375 0.03
1 0.9653645833333333 0.4483333333333333 0.0515625 0.115
1 0.78125 0.3525 0.03125 0.08166666666666667
1 0.5075520833333333 0.2875 0.0203125 0.065
1 0.8403645833333333 0.26125 0.016145833333333335 0.04083333333333333
1 0.9317708333333333 0.285 0.019791666666666666 0.041666666666666664
