0 0.178125 0.6916666666666667 0.09270833333333334 0.22833333333333333
1 0.8591145833333333 0.3695833333333333 0.04114583333333333 0.08583333333333333
0 0.44427083333333334 0.27666666666666667 0.022916666666666665 0.058333333333333334
0 0.45546875 0.24583333333333332 0.0171875 0.05333333333333334
0 0.44479166666666664 0.22875 0.016666666666666666 0.0475
0 0.425 0.20375 0.016666666666666666 0.03916666666666667
0 0.5109375 0.19 0.013541666666666667 0.03
0 0.60078125 0.19166666666666668 0.0109375 0.03333333333333333
0 0.7166666666666667 0.20458333333333334 0.011458333333333333 0.030833333333333334
0 0.8583333333333333 0.23041666666666666 0.010416666666666666 0.029166666666666667
0 0.9682291666666667 0.2520833333333333 0.010416666666666666 0.029166666666666667
1 0.7903645833333334 0.3129166666666667 0.03177083333333333 0.06583333333333333
1 0.7231770833333333 0.26708333333333334 0.025520833333333333 0.0525
1 0.6614583333333334 0.24333333333333335 0.022916666666666665 0.04833333333333333
1 0.6216145833333333 0.22416666666666665 0.019270833333333334 0.043333333333333335
1 0.6447916666666667 0.215 0.016666666666666666 0.03833333333333333
1 0.6966145833333334 0.2175 0.016145833333333335 0.03333333333333333
1 0.7700520833333333 0.22375 0.016145833333333335 0.0375
1 0.8557291666666667 0.23708333333333334 0.011458333333333333 0.035833333333333335
1 0.9440104166666666 0.25708333333333333 0.0140625 0.030833333333333334
2 0.3958333333333333 0.40125 0.05625 0.19916666666666666
