0 0.15885416666666666 0.8558333333333333 0.11979166666666667 0.2783333333333333
0 0.47317708333333336 0.28208333333333335 0.0296875 0.0675
0 0.48489583333333336 0.24625 0.01875 0.05583333333333333
0 0.4713541666666667 0.23083333333333333 0.014583333333333334 0.041666666666666664
0 0.44921875 0.20375 0.015104166666666667 0.03916666666666667
0 0.5375 0.18791666666666668 0.011458333333333333 0.030833333333333334
1 0.9234375 0.39166666666666666 0.036458333333333336 0.09333333333333334
1 0.8390625 0.32208333333333333 0.027083333333333334 0.07083333333333333
1 0.7630208333333334 0.27208333333333334 0.020833333333333332 0.059166666666666666
1 0.6950520833333333 0.245 0.0203125 0.045
1 0.6526041666666667 0.22291666666666668 0.015625 0.03916666666666667
1 0.6763020833333333 0.21416666666666667 0.016145833333333335 0.041666666666666664
1 0.7283854166666667 0.21916666666666668 0.015104166666666667 0.03666666666666667
1 0.80078125 0.22416666666666665 0.015104166666666667 0.03333333333333333
1 0.8880208333333334 0.23916666666666667 0.009375 0.02666666666666667
1 0.9799479166666667 0.26 0.016145833333333335 0.035
0 0.6270833333333333 0.19125 0.009375 0.0275
0 0.7463541666666667 0.20541666666666666 0.011458333333333333 0.025833333333333333
2 0.4244791666666667 0.43916666666666665 0.07916666666666666 0.23833333333333334
