0 0.4203125 0.49583333333333335 0.06458333333333334 0.15166666666666667
0 0.64609375 0.32375 0.022395833333333334 0.06916666666666667
0 0.6036458333333333 0.2966666666666667 0.017708333333333333 0.056666666666666664
0 0.44192708333333336 0.24958333333333332 0.0140625 0.04416666666666667
0 0.3333333333333333 0.21333333333333335 0.011458333333333333 0.035
0 0.3140625 0.19708333333333333 0.008333333333333333 0.025833333333333333
0 0.3684895833333333 0.18833333333333332 0.009895833333333333 0.03
0 0.89609375 0.25583333333333336 0.009895833333333333 0.028333333333333332
0 0.7752604166666667 0.23166666666666666 0.009895833333333333 0.028333333333333332
1 0.9244791666666666 0.34 0.028125 0.065
1 0.8140625 0.2975 0.026041666666666668 0.055
1 0.8479166666666667 0.2529166666666667 0.015625 0.0375
1 0.9200520833333333 0.27291666666666664 0.0140625 0.035833333333333335
1 0.978125 0.29375 0.015625 0.0375
