0 0.18177083333333333 0.7241666666666666 0.07916666666666666 0.23333333333333334
0 0.5348958333333333 0.3375 0.0375 0.085
0 0.57890625 0.29125 0.022395833333333334 0.0575
0 0.5809895833333333 0.25916666666666666 0.024479166666666666 0.04833333333333333
0 0.5744791666666667 0.23 0.017708333333333333 0.043333333333333335
0 0.6895833333333333 0.21916666666666668 0.013541666666666667 0.03666666666666667
0 0.79609375 0.22708333333333333 0.0109375 0.0375
0 0.9317708333333333 0.24875 0.0125 0.0325
1 0.9369791666666667 0.33958333333333335 0.03229166666666667 0.07083333333333333
1 0.8575520833333333 0.29875 0.0265625 0.0575
1 0.8106770833333333 0.26875 0.0203125 0.0525
1 0.8427083333333333 0.2575 0.01875 0.041666666666666664
1 0.90703125 0.2625 0.019270833333333334 0.04
1 0.9908854166666666 0.27666666666666667 0.015104166666666667 0.04
2 0.11510416666666666 0.73625 0.13854166666666667 0.44583333333333336
2 0.22864583333333333 0.6041666666666666 0.10416666666666667 0.36
