0 0.23463541666666668 0.6216666666666667 0.08072916666666667 0.19833333333333333
0 0.6419270833333334 0.33666666666666667 0.027604166666666666 0.07833333333333334
0 0.70625 0.2758333333333333 0.017708333333333333 0.051666666666666666
0 0.6677083333333333 0.25833333333333336 0.011458333333333333 0.041666666666666664
0 0.5341145833333333 0.2325 0.008854166666666666 0.03
0 0.88203125 0.23625 0.0109375 0.0275
0 0.77734375 0.21958333333333332 0.0078125 0.0225
0 0.98125 0.265 0.00625 0.025
1 0.9489583333333333 0.32083333333333336 0.021875 0.055
1 0.8994791666666667 0.2941666666666667 0.019791666666666666 0.045
1 0.81796875 0.2633333333333333 0.0171875 0.04666666666666667
1 0.8401041666666667 0.23458333333333334 0.0125 0.034166666666666665
1 0.903125 0.2529166666666667 0.0125 0.029166666666666667
1 0.95 0.265 0.013541666666666667 0.035
1 0.9760416666666667 0.28 0.0125 0.03333333333333333
