0 0.5276041666666667 0.5108333333333334 0.06875 0.16
0 0.7338541666666667 0.3325 0.034375 0.065
0 0.8255208333333334 0.28791666666666665 0.017708333333333333 0.049166666666666664
0 0.8533854166666667 0.26625 0.011979166666666667 0.0375
0 0.8778645833333333 0.255 0.008854166666666666 0.025
0 0.8859375 0.2504166666666667 0.008333333333333333 0.020833333333333332
1 0.9328125 0.24875 0.0125 0.030833333333333334
1 0.94765625 0.24125 0.009895833333333333 0.029166666666666667
1 0.97265625 0.25916666666666666 0.008854166666666666 0.02666666666666667
1 0.9854166666666667 0.24875 0.007291666666666667 0.0175
1 0.9895833333333334 0.2658333333333333 0.008333333333333333 0.02
1 0.9934895833333334 0.2791666666666667 0.0067708333333333336 0.028333333333333332
