0 0.16927083333333334 0.6770833333333334 0.08854166666666667 0.2275
0 0.6018229166666667 0.34875 0.028645833333333332 0.0775
0 0.5606770833333333 0.3120833333333333 0.025520833333333333 0.06583333333333333
0 0.3854166666666667 0.25583333333333336 0.019791666666666666 0.051666666666666666
0 0.27682291666666664 0.22 0.011979166666666667 0.04
0 0.26927083333333335 0.19666666666666666 0.009375 0.03
0 0.33307291666666666 0.18875 0.008854166666666666 0.035833333333333335
0 0.896875 0.2579166666666667 0.008333333333333333 0.0275
0 0.7705729166666667 0.23375 0.008854166666666666 0.0275
1 0.9354166666666667 0.3641666666666667 0.03333333333333333 0.07333333333333333
1 0.8083333333333333 0.31 0.026041666666666668 0.06166666666666667
1 0.8453125 0.25666666666666665 0.014583333333333334 0.03833333333333333
1 0.9236979166666667 0.27541666666666664 0.0171875 0.0375
1 0.9848958333333333 0.2995833333333333 0.016666666666666666 0.03916666666666667
