0 0.5205729166666667 0.38708333333333333 0.044270833333333336 0.1025
0 0.5950520833333334 0.32375 0.028645833333333332 0.0725
0 0.6041666666666666 0.29083333333333333 0.022916666666666665 0.06
0 0.6067708333333334 0.24833333333333332 0.017708333333333333 0.04666666666666667
0 0.7372395833333333 0.23833333333333334 0.013020833333333334 0.03666666666666667
0 0.8520833333333333 0.24875 0.013541666666666667 0.035833333333333335
1 0.921875 0.3333333333333333 0.030208333333333334 0.06166666666666667
1 0.86796875 0.2995833333333333 0.021354166666666667 0.05416666666666667
1 0.9044270833333333 0.28541666666666665 0.018229166666666668 0.04416666666666667
1 0.9729166666666667 0.2941666666666667 0.017708333333333333 0.043333333333333335
