0 0.5645833333333333 0.39666666666666667 0.03854166666666667 0.10833333333333334
0 0.6203125 0.29125 0.020833333333333332 0.05583333333333333
1 0.725 0.25625 0.020833333333333332 0.04416666666666667
0 0.4901041666666667 0.17708333333333334 0.009375 0.024166666666666666
0 0.5755208333333334 0.1825 0.008333333333333333 0.025
1 0.8973958333333333 0.325 0.026041666666666668 0.06166666666666667
1 0.79140625 0.28041666666666665 0.0203125 0.049166666666666664
0 0.7625 0.2075 0.008333333333333333 0.02
0 0.8643229166666667 0.22625 0.009895833333333333 0.0225
0 0.9432291666666667 0.24583333333333332 0.010416666666666666 0.02666666666666667
1 0.6763020833333333 0.2375 0.019270833333333334 0.03833333333333333
1 0.6239583333333333 0.21791666666666668 0.015625 0.0375
1 0.57421875 0.21083333333333334 0.013020833333333334 0.028333333333333332
1 0.5348958333333333 0.20166666666666666 0.010416666666666666 0.03166666666666667
1 0.7463541666666667 0.21041666666666667 0.011458333333333333 0.025833333333333333
1 0.8091145833333333 0.22125 0.008854166666666666 0.0325
1 0.9015625 0.24625 0.010416666666666666 0.0275
1 0.8609375 0.23416666666666666 0.010416666666666666 0.028333333333333332
1 0.6197916666666666 0.19625 0.013541666666666667 0.024166666666666666
1 0.91015625 0.25083333333333335 0.0109375 0.03166666666666667
1 0.9559895833333333 0.27458333333333335 0.015104166666666667 0.0375
2 0.5859375 0.25416666666666665 0.022916666666666665 0.07666666666666666
2 0.5690104166666666 0.2520833333333333 0.0203125 0.07416666666666667
2 0.8075520833333333 0.2708333333333333 0.022395833333333334 0.07333333333333333
2 0.7822916666666667 0.26375 0.021875 0.06916666666666667
0 0.5763020833333333 0.26375 0.016145833333333335 0.050833333333333335
