0 0.21484375 0.6575 0.0953125 0.22333333333333333
0 0.6458333333333334 0.34625 0.030208333333333334 0.07416666666666667
0 0.6591145833333333 0.27791666666666665 0.0171875 0.049166666666666664
0 0.4361979166666667 0.19375 0.009895833333333333 0.0275
0 0.45729166666666665 0.18458333333333332 0.008333333333333333 0.020833333333333332
0 0.7591145833333334 0.21333333333333335 0.0067708333333333336 0.016666666666666666
0 0.8549479166666667 0.235 0.0067708333333333336 0.02
0 0.92734375 0.25083333333333335 0.008854166666666666 0.02
0 0.9953125 0.27416666666666667 0.005208333333333333 0.018333333333333333
1 0.8830729166666667 0.3070833333333333 0.019270833333333334 0.049166666666666664
1 0.7934895833333333 0.27416666666666667 0.0171875 0.03666666666666667
1 0.73359375 0.25416666666666665 0.0171875 0.04666666666666667
1 0.6893229166666667 0.23791666666666667 0.0171875 0.035833333333333335
1 0.6403645833333333 0.22125 0.015104166666666667 0.0325
1 0.5916666666666667 0.20916666666666667 0.013541666666666667 0.028333333333333332
1 0.5815104166666667 0.19958333333333333 0.008854166666666666 0.0225
1 0.6278645833333333 0.2 0.0109375 0.021666666666666667
1 0.7434895833333334 0.21583333333333332 0.0078125 0.018333333333333333
1 0.8036458333333333 0.22458333333333333 0.007291666666666667 0.025833333333333333
1 0.8515625 0.24166666666666667 0.009375 0.023333333333333334
1 0.8877604166666667 0.24791666666666667 0.008854166666666666 0.029166666666666667
1 0.8966145833333333 0.2525 0.0078125 0.02
1 0.93671875 0.2725 0.011979166666666667 0.03333333333333333
1 0.98828125 0.3075 0.016145833333333335 0.041666666666666664
