0 0.45807291666666666 0.47541666666666665 0.0515625 0.13916666666666666
0 0.6552083333333333 0.31833333333333336 0.021875 0.07
0 0.6127604166666667 0.2916666666666667 0.018229166666666668 0.055
0 0.45208333333333334 0.24708333333333332 0.019791666666666666 0.049166666666666664
0 0.34348958333333335 0.21375 0.011979166666666667 0.04083333333333333
0 0.32317708333333334 0.19666666666666666 0.011979166666666667 0.03166666666666667
0 0.3723958333333333 0.18916666666666668 0.008333333333333333 0.023333333333333334
0 0.45286458333333335 0.18625 0.009895833333333333 0.0325
0 0.5578125 0.195 0.010416666666666666 0.03
0 0.6653645833333334 0.21291666666666667 0.008854166666666666 0.024166666666666666
0 0.778125 0.23125 0.010416666666666666 0.0275
0 0.8963541666666667 0.2529166666666667 0.009375 0.029166666666666667
1 0.9760416666666667 0.2891666666666667 0.017708333333333333 0.03
1 0.9192708333333334 0.27 0.013541666666666667 0.03
1 0.8471354166666667 0.2504166666666667 0.011979166666666667 0.0275
1 0.8153645833333333 0.2920833333333333 0.0203125 0.05583333333333333
1 0.9236979166666667 0.335 0.024479166666666666 0.05333333333333334
1 0.9903645833333333 0.3883333333333333 0.015104166666666667 0.065
1 0.690625 0.21708333333333332 0.00625 0.0275
1 0.61640625 0.21 0.0067708333333333336 0.018333333333333333
1 0.5114583333333333 0.20875 0.007291666666666667 0.019166666666666665
1 0.4986979166666667 0.21416666666666667 0.0078125 0.021666666666666667
1 0.53203125 0.22583333333333333 0.0067708333333333336 0.023333333333333334
1 0.6276041666666666 0.24 0.010416666666666666 0.02666666666666667
