0 0.4875 0.38166666666666665 0.03958333333333333 0.10333333333333333
0 0.421875 0.24083333333333334 0.017708333333333333 0.04666666666666667
0 0.4080729166666667 0.22125 0.0140625 0.0375
0 0.38671875 0.21125 0.0109375 0.0375
0 0.3546875 0.19416666666666665 0.0125 0.03333333333333333
0 0.40963541666666664 0.17875 0.008854166666666666 0.0275
0 0.48203125 0.17833333333333334 0.0078125 0.02666666666666667
0 0.5828125 0.18125 0.011458333333333333 0.0275
0 0.8013020833333333 0.21 0.011979166666666667 0.025
1 0.9869791666666666 0.4266666666666667 0.020833333333333332 0.10166666666666667
1 0.8190104166666666 0.32708333333333334 0.022395833333333334 0.06916666666666667
1 0.7286458333333333 0.28291666666666665 0.021875 0.05416666666666667
1 0.6697916666666667 0.255 0.017708333333333333 0.045
1 0.6114583333333333 0.22875 0.017708333333333333 0.0375
1 0.5572916666666666 0.21375 0.015625 0.0375
1 0.5171875 0.20333333333333334 0.0125 0.03833333333333333
1 0.53046875 0.19333333333333333 0.011979166666666667 0.03333333333333333
1 0.57109375 0.19416666666666665 0.009895833333333333 0.02666666666666667
1 0.6315104166666666 0.19666666666666666 0.0109375 0.028333333333333332
1 0.7036458333333333 0.20541666666666666 0.009375 0.024166666666666666
1 0.77890625 0.21666666666666667 0.009895833333333333 0.028333333333333332
1 0.8533854166666667 0.23083333333333333 0.008854166666666666 0.02666666666666667
1 0.9153645833333334 0.24958333333333332 0.013020833333333334 0.029166666666666667
1 0.9640625 0.2654166666666667 0.010416666666666666 0.0325
1 0.9776041666666667 0.27125 0.0125 0.030833333333333334
