0 0.6028645833333334 0.4041666666666667 0.03802083333333333 0.10333333333333333
0 0.72578125 0.30125 0.0203125 0.059166666666666666
0 0.7713541666666667 0.27 0.014583333333333334 0.041666666666666664
1 0.9473958333333333 0.305 0.016666666666666666 0.045
1 0.9901041666666667 0.35541666666666666 0.014583333333333334 0.07083333333333333
1 0.8888020833333333 0.27125 0.0171875 0.0375
1 0.7885416666666667 0.24208333333333334 0.0125 0.030833333333333334
0 0.7515625 0.25166666666666665 0.014583333333333334 0.03666666666666667
0 0.5502604166666667 0.19833333333333333 0.0078125 0.025
0 0.55625 0.19041666666666668 0.007291666666666667 0.020833333333333332
0 0.5911458333333334 0.18958333333333333 0.011458333333333333 0.0225
0 0.7278645833333334 0.20291666666666666 0.0046875 0.019166666666666665
0 0.7934895833333333 0.21583333333333332 0.0078125 0.018333333333333333
0 0.8716145833333333 0.23083333333333333 0.0067708333333333336 0.021666666666666667
0 0.9299479166666667 0.24625 0.0078125 0.0225
0 0.98203125 0.26125 0.005729166666666666 0.0175
1 0.7533854166666667 0.2275 0.011979166666666667 0.02666666666666667
1 0.9893229166666667 0.2945833333333333 0.015104166666666667 0.04083333333333333
1 0.96328125 0.27708333333333335 0.0109375 0.0275
1 0.93125 0.25833333333333336 0.011458333333333333 0.02666666666666667
