0 0.35651041666666666 0.5441666666666667 0.06614583333333333 0.17166666666666666
0 0.6346354166666667 0.33166666666666667 0.0265625 0.07333333333333333
0 0.5895833333333333 0.3020833333333333 0.025 0.059166666666666666
0 0.42265625 0.2529166666666667 0.019270833333333334 0.050833333333333335
0 0.3145833333333333 0.21125 0.008333333333333333 0.03916666666666667
0 0.2994791666666667 0.19791666666666666 0.009375 0.0325
0 0.35572916666666665 0.18708333333333332 0.008333333333333333 0.034166666666666665
0 0.89765625 0.25708333333333333 0.008854166666666666 0.029166666666666667
0 0.7752604166666667 0.23375 0.009895833333333333 0.024166666666666666
1 0.9294270833333333 0.34625 0.028645833333333332 0.06583333333333333
1 0.8140625 0.30375 0.025 0.05583333333333333
1 0.84765625 0.25416666666666665 0.013020833333333334 0.03333333333333333
1 0.9229166666666667 0.27416666666666667 0.015625 0.03666666666666667
1 0.98125 0.29541666666666666 0.016666666666666666 0.035833333333333335
