0 0.4981770833333333 0.3745833333333333 0.0359375 0.09916666666666667
1 0.72734375 0.28208333333333335 0.024479166666666666 0.060833333333333336
0 0.42552083333333335 0.23958333333333334 0.017708333333333333 0.049166666666666664
0 0.41119791666666666 0.22208333333333333 0.0140625 0.03916666666666667
0 0.3888020833333333 0.20833333333333334 0.0140625 0.041666666666666664
0 0.35546875 0.19083333333333333 0.0140625 0.035
0 0.41067708333333336 0.17541666666666667 0.011979166666666667 0.0275
0 0.48359375 0.17666666666666667 0.011979166666666667 0.02666666666666667
0 0.58203125 0.18083333333333335 0.009895833333333333 0.028333333333333332
0 0.7997395833333333 0.20958333333333334 0.0109375 0.025833333333333333
1 0.9817708333333334 0.42625 0.03229166666666667 0.09583333333333334
1 0.8182291666666667 0.3254166666666667 0.027083333333333334 0.06583333333333333
1 0.6700520833333333 0.25458333333333333 0.0234375 0.050833333333333335
1 0.6125 0.22708333333333333 0.01875 0.04416666666666667
1 0.55625 0.21458333333333332 0.017708333333333333 0.0375
1 0.5184895833333333 0.20208333333333334 0.015104166666666667 0.035833333333333335
1 0.53125 0.19541666666666666 0.011458333333333333 0.029166666666666667
1 0.57109375 0.19333333333333333 0.013020833333333334 0.03666666666666667
1 0.63046875 0.19458333333333333 0.013020833333333334 0.0275
1 0.7770833333333333 0.21416666666666667 0.011458333333333333 0.03
1 0.8502604166666666 0.2275 0.0140625 0.03
1 0.9135416666666667 0.24958333333333332 0.011458333333333333 0.029166666666666667
1 0.96171875 0.26 0.011979166666666667 0.03666666666666667
1 0.97421875 0.26958333333333334 0.013020833333333334 0.034166666666666665
1 0.7028645833333333 0.20375 0.011979166666666667 0.0275
0 0.9166666666666666 0.23833333333333334 0.011458333333333333 0.023333333333333334
2 0.4908854166666667 0.29291666666666666 0.03802083333333333 0.11583333333333333
2 0.47265625 0.2758333333333333 0.03177083333333333 0.10833333333333334
2 0.8395833333333333 0.3154166666666667 0.036458333333333336 0.10583333333333333
2 0.80390625 0.30125 0.03697916666666667 0.1025
