0 0.48984375 0.44458333333333333 0.0515625 0.12416666666666666
0 0.6864583333333333 0.30916666666666665 0.021875 0.06
0 0.7223958333333333 0.26958333333333334 0.015625 0.04083333333333333
0 0.6864583333333333 0.2525 0.015625 0.03833333333333333
0 0.5658854166666667 0.23166666666666666 0.009895833333333333 0.03166666666666667
1 0.9815104166666667 0.3720833333333333 0.030729166666666665 0.07583333333333334
0 0.7778645833333333 0.22041666666666668 0.009895833333333333 0.024166666666666666
0 0.8783854166666667 0.23625 0.009895833333333333 0.025833333333333333
0 0.9700520833333334 0.26125 0.0078125 0.025833333333333333
1 0.9348958333333334 0.3075 0.020833333333333332 0.051666666666666666
1 0.89296875 0.28125 0.0171875 0.04083333333333333
1 0.8169270833333333 0.2608333333333333 0.0171875 0.03833333333333333
1 0.8388020833333333 0.23583333333333334 0.009895833333333333 0.02666666666666667
1 0.8971354166666666 0.24916666666666668 0.009895833333333333 0.023333333333333334
1 0.93984375 0.26416666666666666 0.011979166666666667 0.03
1 0.9635416666666666 0.27416666666666667 0.0125 0.03333333333333333
