0 0.47317708333333336 0.2841666666666667 0.03177083333333333 0.07333333333333333
0 0.39348958333333334 0.49916666666666665 0.0453125 0.15
0 0.4869791666666667 0.24958333333333332 0.01875 0.05583333333333333
0 0.47994791666666664 0.22625 0.021354166666666667 0.0475
0 0.46171875 0.19916666666666666 0.015104166666666667 0.041666666666666664
0 0.55625 0.18375 0.014583333333333334 0.0375
1 0.9643229166666667 0.41791666666666666 0.03697916666666667 0.10416666666666667
1 0.8684895833333334 0.3329166666666667 0.0296875 0.0775
1 0.7893229166666667 0.27375 0.024479166666666666 0.0625
1 0.7177083333333333 0.245 0.021875 0.058333333333333334
1 0.6734375 0.22541666666666665 0.015625 0.04583333333333333
1 0.6989583333333333 0.21375 0.015625 0.04083333333333333
1 0.7533854166666667 0.2175 0.016145833333333335 0.04
1 0.8307291666666666 0.22666666666666666 0.014583333333333334 0.03666666666666667
1 0.9205729166666666 0.24083333333333334 0.013020833333333334 0.03166666666666667
0 0.65078125 0.18958333333333333 0.0109375 0.034166666666666665
0 0.7739583333333333 0.20375 0.010416666666666666 0.029166666666666667
2 0.3690104166666667 0.4925 0.09739583333333333 0.2833333333333333
2 0.39114583333333336 0.43083333333333335 0.06145833333333333 0.23
