0 0.5166666666666667 0.39 0.04375 0.09833333333333333
0 0.48802083333333335 0.33375 0.026041666666666668 0.07916666666666666
0 0.30026041666666664 0.27 0.021354166666666667 0.06
0 0.19635416666666666 0.22791666666666666 0.0125 0.04083333333333333
0 0.20208333333333334 0.2 0.013541666666666667 0.03666666666666667
0 0.28125 0.19 0.010416666666666666 0.035
0 0.89140625 0.2579166666666667 0.009895833333333333 0.034166666666666665
0 0.7572916666666667 0.2325 0.011458333333333333 0.03333333333333333
1 0.9408854166666667 0.39625 0.0359375 0.08416666666666667
1 0.7901041666666667 0.32416666666666666 0.025 0.06333333333333334
1 0.8359375 0.25708333333333333 0.014583333333333334 0.0375
1 0.9200520833333333 0.27875 0.016145833333333335 0.03916666666666667
1 0.9872395833333333 0.30416666666666664 0.018229166666666668 0.041666666666666664
