0 0.4583333333333333 0.4245833333333333 0.04791666666666667 0.11416666666666667
0 0.4395833333333333 0.34791666666666665 0.030208333333333334 0.07916666666666666
0 0.24921875 0.28208333333333335 0.025520833333333333 0.0675
0 0.15182291666666667 0.23416666666666666 0.015104166666666667 0.051666666666666666
0 0.16666666666666666 0.20375 0.0125 0.03916666666666667
0 0.25625 0.19416666666666665 0.009375 0.03333333333333333
0 0.8903645833333333 0.26 0.0109375 0.03
0 0.7510416666666667 0.235 0.007291666666666667 0.02666666666666667
1 0.9447916666666667 0.42 0.04479166666666667 0.09333333333333334
1 0.7760416666666666 0.335 0.029166666666666667 0.07333333333333333
1 0.83359375 0.25916666666666666 0.015104166666666667 0.041666666666666664
1 0.9203125 0.2825 0.01875 0.043333333333333335
1 0.9908854166666666 0.3095833333333333 0.016145833333333335 0.04083333333333333
