0 0.45234375 0.5045833333333334 0.06302083333333333 0.1525
0 0.5963541666666666 0.31958333333333333 0.022916666666666665 0.06916666666666667
1 0.7322916666666667 0.26625 0.023958333333333335 0.049166666666666664
0 0.4791666666666667 0.2325 0.016666666666666666 0.045
0 0.4552083333333333 0.22041666666666668 0.013541666666666667 0.034166666666666665
0 0.4322916666666667 0.20875 0.010416666666666666 0.0425
0 0.49453125 0.1825 0.0109375 0.03
0 0.5830729166666667 0.18625 0.009895833333333333 0.025833333333333333
0 0.7809895833333333 0.21125 0.008854166666666666 0.020833333333333332
1 0.9291666666666667 0.35333333333333333 0.027083333333333334 0.07333333333333333
1 0.8080729166666667 0.29625 0.022395833333333334 0.05583333333333333
0 0.8901041666666667 0.23333333333333334 0.010416666666666666 0.028333333333333332
0 0.9731770833333333 0.25416666666666665 0.009895833333333333 0.025
1 0.68125 0.24583333333333332 0.01875 0.03833333333333333
1 0.6260416666666667 0.22583333333333333 0.016666666666666666 0.03833333333333333
1 0.5752604166666667 0.215 0.016145833333333335 0.035
1 0.5356770833333333 0.20916666666666667 0.013020833333333334 0.028333333333333332
1 0.5427083333333333 0.19708333333333333 0.013541666666666667 0.034166666666666665
1 0.5765625 0.19875 0.013541666666666667 0.025833333333333333
1 0.6299479166666667 0.2 0.013020833333333334 0.028333333333333332
1 0.76328125 0.21166666666666667 0.0109375 0.028333333333333332
1 0.8296875 0.22833333333333333 0.013541666666666667 0.028333333333333332
1 0.9291666666666667 0.255 0.011458333333333333 0.03
1 0.6950520833333333 0.20458333333333334 0.011979166666666667 0.025833333333333333
1 0.9390625 0.25916666666666666 0.0125 0.03
1 0.8864583333333333 0.24125 0.011458333333333333 0.029166666666666667
1 0.9903645833333333 0.28708333333333336 0.015104166666666667 0.04083333333333333
2 0.5643229166666667 0.26958333333333334 0.027604166666666666 0.0875
2 0.54609375 0.2604166666666667 0.022395833333333334 0.08416666666666667
2 0.82421875 0.2875 0.0265625 0.085
2 0.7971354166666667 0.27791666666666665 0.025520833333333333 0.07916666666666666
