0 0.5161458333333333 0.46291666666666664 0.057291666666666664 0.13583333333333333
0 0.6989583333333333 0.31083333333333335 0.026041666666666668 0.06166666666666667
0 0.75546875 0.27125 0.0171875 0.04416666666666667
0 0.73828125 0.2520833333333333 0.013020833333333334 0.0375
0 0.9919270833333333 0.26625 0.0067708333333333336 0.019166666666666665
0 0.9783854166666667 0.2604166666666667 0.005729166666666666 0.015833333333333335
0 0.9244791666666666 0.2425 0.007291666666666667 0.018333333333333333
0 0.7817708333333333 0.21208333333333335 0.009375 0.0225
1 0.9473958333333333 0.3104166666666667 0.01875 0.0425
1 0.8815104166666666 0.27125 0.0140625 0.030833333333333334
1 0.9877604166666667 0.2970833333333333 0.013020833333333334 0.0375
1 0.9598958333333333 0.27958333333333335 0.011458333333333333 0.025833333333333333
1 0.896875 0.24416666666666667 0.007291666666666667 0.018333333333333333
1 0.8901041666666667 0.24125 0.007291666666666667 0.024166666666666666
1 0.7760416666666666 0.23833333333333334 0.010416666666666666 0.03
1 0.8203125 0.22208333333333333 0.008333333333333333 0.024166666666666666
1 0.7708333333333334 0.21125 0.008333333333333333 0.0225
1 0.7234375 0.20333333333333334 0.009375 0.023333333333333334
1 0.7408854166666666 0.22958333333333333 0.013020833333333334 0.024166666666666666
0 0.57578125 0.18625 0.011979166666666667 0.0225
