0 0.15078125 0.6979166666666666 0.09114583333333333 0.23416666666666666
0 0.63984375 0.34791666666666665 0.03177083333333333 0.0775
0 0.65390625 0.28125 0.0171875 0.049166666666666664
1 0.7299479166666667 0.25833333333333336 0.0234375 0.041666666666666664
1 0.8817708333333333 0.3125 0.025 0.05333333333333334
1 0.7942708333333334 0.27708333333333335 0.01875 0.04083333333333333
0 0.6078125 0.25625 0.013541666666666667 0.03916666666666667
1 0.6869791666666667 0.23875 0.016666666666666666 0.0375
0 0.4317708333333333 0.19583333333333333 0.010416666666666666 0.028333333333333332
0 0.4552083333333333 0.18625 0.007291666666666667 0.0225
0 0.76015625 0.215 0.008854166666666666 0.021666666666666667
1 0.6380208333333334 0.22458333333333333 0.015625 0.0325
1 0.5901041666666667 0.21791666666666668 0.013541666666666667 0.025833333333333333
0 0.8552083333333333 0.235 0.010416666666666666 0.025
0 0.9294270833333333 0.25416666666666665 0.008854166666666666 0.02666666666666667
0 0.9950520833333333 0.275 0.0078125 0.028333333333333332
1 0.74453125 0.21625 0.0109375 0.0275
1 0.80234375 0.22791666666666666 0.011979166666666667 0.025833333333333333
1 0.8893229166666666 0.25166666666666665 0.011979166666666667 0.02666666666666667
1 0.8520833333333333 0.24083333333333334 0.009375 0.023333333333333334
1 0.8971354166666666 0.255 0.011979166666666667 0.03
1 0.9911458333333333 0.31083333333333335 0.014583333333333334 0.041666666666666664
1 0.9369791666666667 0.27458333333333335 0.015625 0.0375
1 0.6265625 0.20208333333333334 0.010416666666666666 0.025833333333333333
2 0.6169270833333333 0.2520833333333333 0.018229166666666668 0.0675
2 0.6013020833333333 0.24958333333333332 0.018229166666666668 0.07083333333333333
2 0.80703125 0.2683333333333333 0.019270833333333334 0.06333333333333334
2 0.7854166666666667 0.26208333333333333 0.021875 0.0625
