0 0.47604166666666664 0.4820833333333333 0.05625 0.1325
0 0.60234375 0.31625 0.0234375 0.0675
1 0.7317708333333334 0.2658333333333333 0.020833333333333332 0.04833333333333333
0 0.4830729166666667 0.23291666666666666 0.0140625 0.04083333333333333
0 0.46067708333333335 0.22041666666666668 0.011979166666666667 0.034166666666666665
0 0.4940104166666667 0.18125 0.009895833333333333 0.024166666666666666
0 0.5817708333333333 0.18416666666666667 0.010416666666666666 0.02666666666666667
1 0.9247395833333333 0.34875 0.027604166666666666 0.07083333333333333
1 0.8065104166666667 0.29375 0.0265625 0.0575
0 0.7796875 0.21 0.010416666666666666 0.02
0 0.8869791666666667 0.2325 0.011458333333333333 0.02
0 0.96875 0.25375 0.009375 0.025833333333333333
1 0.6815104166666667 0.24375 0.0203125 0.0425
1 0.6268229166666667 0.22541666666666665 0.016145833333333335 0.0375
1 0.5760416666666667 0.21666666666666667 0.016666666666666666 0.03166666666666667
1 0.5361979166666667 0.20583333333333334 0.011979166666666667 0.028333333333333332
1 0.5432291666666667 0.19666666666666666 0.0125 0.028333333333333332
1 0.6283854166666667 0.1975 0.0109375 0.025
1 0.7609375 0.21333333333333335 0.010416666666666666 0.03166666666666667
1 0.8268229166666666 0.22708333333333333 0.011979166666666667 0.030833333333333334
1 0.9255208333333333 0.2529166666666667 0.0125 0.029166666666666667
1 0.69375 0.20375 0.009375 0.0275
1 0.9354166666666667 0.25958333333333333 0.010416666666666666 0.029166666666666667
1 0.8830729166666667 0.24083333333333334 0.0109375 0.03166666666666667
1 0.9854166666666667 0.285 0.015625 0.035
2 0.5690104166666666 0.26958333333333334 0.027604166666666666 0.08583333333333333
2 0.55078125 0.2654166666666667 0.0234375 0.0925
2 0.8229166666666666 0.28583333333333333 0.027083333333333334 0.08166666666666667
2 0.7947916666666667 0.27875 0.023958333333333335 0.08083333333333333
