0 0.49765625 0.4404166666666667 0.0484375 0.11916666666666667
0 0.6864583333333333 0.30916666666666665 0.023958333333333335 0.06
0 0.725 0.2683333333333333 0.015625 0.041666666666666664
0 0.6864583333333333 0.25333333333333335 0.0125 0.03666666666666667
0 0.5661458333333333 0.23 0.008333333333333333 0.03166666666666667
1 0.9809895833333333 0.36916666666666664 0.0296875 0.07166666666666667
0 0.7776041666666667 0.21833333333333332 0.008333333333333333 0.021666666666666667
0 0.87734375 0.23666666666666666 0.0109375 0.023333333333333334
0 0.9697916666666667 0.26125 0.008333333333333333 0.025833333333333333
1 0.9333333333333333 0.305 0.019791666666666666 0.05
1 0.8921875 0.2816666666666667 0.015625 0.045
1 0.8190104166666666 0.25958333333333333 0.015104166666666667 0.03916666666666667
1 0.8385416666666666 0.23583333333333334 0.0125 0.02666666666666667
1 0.896875 0.24791666666666667 0.011458333333333333 0.025833333333333333
1 0.9393229166666667 0.2633333333333333 0.015104166666666667 0.03
1 0.9640625 0.27416666666666667 0.011458333333333333 0.03333333333333333
