0 0.5385416666666667 0.42125 0.041666666666666664 0.11083333333333334
0 0.6143229166666667 0.29875 0.018229166666666668 0.06416666666666666
1 0.7276041666666667 0.25833333333333336 0.019791666666666666 0.04833333333333333
0 0.490625 0.22666666666666666 0.015625 0.045
0 0.49166666666666664 0.17958333333333334 0.009375 0.024166666666666666
0 0.57734375 0.18083333333333335 0.008854166666666666 0.023333333333333334
1 0.9072916666666667 0.3325 0.025 0.065
1 0.79765625 0.2825 0.021354166666666667 0.05
0 0.76796875 0.20666666666666667 0.0078125 0.023333333333333334
0 0.8723958333333334 0.22916666666666666 0.009375 0.02666666666666667
0 0.9526041666666667 0.2475 0.010416666666666666 0.02666666666666667
1 0.6783854166666666 0.2375 0.019270833333333334 0.045
1 0.6252604166666667 0.22208333333333333 0.015104166666666667 0.03916666666666667
1 0.5752604166666667 0.21125 0.015104166666666667 0.035833333333333335
1 0.5364583333333334 0.20083333333333334 0.011458333333333333 0.03
1 0.7505208333333333 0.20958333333333334 0.010416666666666666 0.025833333333333333
1 0.815625 0.2225 0.011458333333333333 0.028333333333333332
1 0.9098958333333333 0.24791666666666667 0.0125 0.029166666666666667
1 0.86953125 0.23708333333333334 0.009895833333333333 0.024166666666666666
1 0.6229166666666667 0.19833333333333333 0.011458333333333333 0.02666666666666667
1 0.9184895833333333 0.25416666666666665 0.0109375 0.03166666666666667
1 0.9645833333333333 0.27625 0.015625 0.0375
2 0.5796875 0.26166666666666666 0.025 0.07333333333333333
2 0.5627604166666667 0.25375 0.0234375 0.0825
2 0.8119791666666667 0.27458333333333335 0.023958333333333335 0.07583333333333334
2 0.7875 0.26625 0.021875 0.07083333333333333
