0 0.475 0.2866666666666667 0.028125 0.06666666666666667
0 0.4161458333333333 0.48041666666666666 0.04479166666666667 0.13416666666666666
0 0.4864583333333333 0.2520833333333333 0.017708333333333333 0.050833333333333335
0 0.47630208333333335 0.22875 0.015104166666666667 0.0475
0 0.45703125 0.20291666666666666 0.0140625 0.04083333333333333
0 0.5479166666666667 0.18833333333333332 0.0125 0.03833333333333333
1 0.9473958333333333 0.405 0.035416666666666666 0.09666666666666666
1 0.85625 0.32666666666666666 0.027083333333333334 0.075
1 0.7783854166666667 0.27291666666666664 0.021354166666666667 0.0575
1 0.71015625 0.24541666666666667 0.019270833333333334 0.04583333333333333
1 0.6643229166666667 0.22833333333333333 0.019270833333333334 0.043333333333333335
1 0.6888020833333334 0.21583333333333332 0.013020833333333334 0.041666666666666664
1 0.7419270833333333 0.21958333333333332 0.0140625 0.034166666666666665
1 0.8177083333333334 0.22541666666666665 0.016666666666666666 0.0375
1 0.90703125 0.24 0.013020833333333334 0.035
0 0.6416666666666667 0.19083333333333333 0.0125 0.03333333333333333
0 0.7619791666666667 0.20541666666666666 0.010416666666666666 0.025833333333333333
2 0.39765625 0.4691666666666667 0.08697916666666666 0.255
2 0.40859375 0.41875 0.0703125 0.22083333333333333
