0 0.24088541666666666 0.5541666666666667 0.0640625 0.16166666666666665
0 0.11171875 0.35041666666666665 0.0390625 0.0975
0 0.09635416666666667 0.25833333333333336 0.019791666666666666 0.07
0 0.18098958333333334 0.21833333333333332 0.019270833333333334 0.05333333333333334
0 0.32473958333333336 0.2075 0.015104166666666667 0.03833333333333333
0 0.4669270833333333 0.20708333333333334 0.013020833333333334 0.0375
0 0.6307291666666667 0.21916666666666668 0.0125 0.03
0 0.7809895833333333 0.24208333333333334 0.0109375 0.04083333333333333
0 0.9408854166666667 0.27541666666666664 0.0171875 0.03916666666666667
1 0.9247395833333333 0.28958333333333336 0.016145833333333335 0.050833333333333335
1 0.80703125 0.2625 0.011979166666666667 0.041666666666666664
1 0.6919270833333333 0.245 0.011979166666666667 0.03666666666666667
1 0.58828125 0.23666666666666666 0.011979166666666667 0.041666666666666664
1 0.5015625 0.24041666666666667 0.011458333333333333 0.04416666666666667
1 0.44817708333333334 0.2529166666666667 0.009895833333333333 0.04416666666666667
1 0.4505208333333333 0.285 0.017708333333333333 0.04833333333333333
1 0.5760416666666667 0.33958333333333335 0.030208333333333334 0.07083333333333333
1 0.97109375 0.49833333333333335 0.0453125 0.13166666666666665
