0 0.29348958333333336 0.6995833333333333 0.09114583333333333 0.2525
0 0.6684895833333333 0.3383333333333333 0.0296875 0.08166666666666667
0 0.7565104166666666 0.27625 0.015104166666666667 0.0525
0 0.7755208333333333 0.2504166666666667 0.013541666666666667 0.04083333333333333
1 0.9815104166666667 0.3233333333333333 0.025520833333333333 0.058333333333333334
0 0.9052083333333333 0.22958333333333333 0.008333333333333333 0.024166666666666666
1 0.8536458333333333 0.24666666666666667 0.015625 0.035
0 0.9901041666666667 0.2520833333333333 0.008333333333333333 0.0225
1 0.9494791666666667 0.2841666666666667 0.01875 0.04666666666666667
1 0.9169270833333333 0.2679166666666667 0.018229166666666668 0.03916666666666667
1 0.8684895833333334 0.22666666666666666 0.008854166666666666 0.023333333333333334
1 0.9223958333333333 0.24041666666666667 0.009375 0.025833333333333333
1 0.9627604166666667 0.25375 0.013020833333333334 0.025833333333333333
1 0.9828125 0.2625 0.0125 0.03333333333333333
