0 0.5065104166666666 0.4370833333333333 0.04739583333333333 0.1275
0 0.6674479166666667 0.31 0.0234375 0.06166666666666667
0 0.6234375 0.2825 0.017708333333333333 0.05333333333333334
0 0.46822916666666664 0.24166666666666667 0.016666666666666666 0.043333333333333335
0 0.35989583333333336 0.21125 0.011458333333333333 0.03916666666666667
0 0.33828125 0.19083333333333333 0.009895833333333333 0.035
0 0.38359375 0.18875 0.008854166666666666 0.0175
0 0.8950520833333333 0.24833333333333332 0.0109375 0.028333333333333332
0 0.77890625 0.22583333333333333 0.011979166666666667 0.028333333333333332
1 0.971875 0.28125 0.015625 0.034166666666666665
1 0.9158854166666667 0.2658333333333333 0.011979166666666667 0.028333333333333332
1 0.846875 0.24875 0.010416666666666666 0.0325
1 0.9856770833333334 0.37083333333333335 0.018229166666666668 0.06333333333333334
1 0.91953125 0.325 0.022395833333333334 0.056666666666666664
1 0.8161458333333333 0.2875 0.021875 0.05
1 0.6208333333333333 0.2125 0.008333333333333333 0.018333333333333333
1 0.5604166666666667 0.20833333333333334 0.008333333333333333 0.023333333333333334
1 0.51953125 0.21041666666666667 0.0046875 0.0225
1 0.509375 0.21458333333333332 0.004166666666666667 0.015833333333333335
1 0.53984375 0.22708333333333333 0.0078125 0.0225
1 0.6338541666666667 0.24291666666666667 0.0125 0.0275
1 0.6940104166666666 0.21666666666666667 0.008854166666666666 0.02
0 0.6674479166666667 0.215 0.005729166666666666 0.02
