0 0.4859375 0.5379166666666667 0.07083333333333333 0.16083333333333333
0 0.7200520833333334 0.33416666666666667 0.0296875 0.075
0 0.8143229166666667 0.29125 0.016145833333333335 0.049166666666666664
0 0.8416666666666667 0.2675 0.0125 0.03666666666666667
0 0.8661458333333333 0.2554166666666667 0.010416666666666666 0.029166666666666667
0 0.8744791666666667 0.2520833333333333 0.008333333333333333 0.024166666666666666
1 0.9916666666666667 0.30291666666666667 0.013541666666666667 0.0425
1 0.9856770833333334 0.2825 0.009895833333333333 0.03
1 0.9799479166666667 0.26958333333333334 0.009895833333333333 0.025833333333333333
1 0.9627604166666667 0.26166666666666666 0.013020833333333334 0.02666666666666667
1 0.9216145833333333 0.24958333333333332 0.009895833333333333 0.029166666666666667
