0 0.553125 0.3775 0.03854166666666667 0.08833333333333333
0 0.5197916666666667 0.325 0.021875 0.065
0 0.3328125 0.2658333333333333 0.019791666666666666 0.056666666666666664
0 0.22916666666666666 0.2275 0.008333333333333333 0.03333333333333333
0 0.22838541666666667 0.1975 0.009895833333333333 0.03
0 0.3020833333333333 0.1925 0.008333333333333333 0.025
0 0.8942708333333333 0.25625 0.009375 0.030833333333333334
0 0.7622395833333333 0.2325 0.008854166666666666 0.02666666666666667
1 0.9403645833333333 0.38125 0.03177083333333333 0.08416666666666667
1 0.7973958333333333 0.31958333333333333 0.028125 0.0675
1 0.8390625 0.25583333333333336 0.016666666666666666 0.03833333333333333
1 0.9221354166666667 0.27875 0.016145833333333335 0.03916666666666667
1 0.98828125 0.30333333333333334 0.0171875 0.041666666666666664
