0 0.2421875 0.7508333333333334 0.11041666666666666 0.26166666666666666
0 0.65859375 0.34208333333333335 0.034895833333333334 0.0875
0 0.7505208333333333 0.2758333333333333 0.016666666666666666 0.051666666666666666
0 0.77109375 0.25 0.0140625 0.04
1 0.9786458333333333 0.3279166666666667 0.025 0.059166666666666666
0 0.90234375 0.23125 0.008854166666666666 0.0225
1 0.8489583333333334 0.24916666666666668 0.015625 0.03666666666666667
0 0.9872395833333333 0.25458333333333333 0.009895833333333333 0.019166666666666665
1 0.9471354166666667 0.28541666666666665 0.019270833333333334 0.04416666666666667
1 0.9122395833333333 0.2683333333333333 0.018229166666666668 0.041666666666666664
1 0.8643229166666667 0.22875 0.011979166666666667 0.0275
1 0.9190104166666667 0.2425 0.009895833333333333 0.02666666666666667
1 0.9588541666666667 0.25416666666666665 0.0125 0.03166666666666667
1 0.9786458333333333 0.26208333333333333 0.013541666666666667 0.0325
