0 0.528125 0.3858333333333333 0.03958333333333333 0.09
0 0.49765625 0.3283333333333333 0.028645833333333332 0.07833333333333334
0 0.30885416666666665 0.26958333333333334 0.023958333333333335 0.0625
0 0.20625 0.22625 0.013541666666666667 0.035833333333333335
0 0.2109375 0.20041666666666666 0.011458333333333333 0.0375
0 0.28802083333333334 0.18958333333333333 0.009375 0.034166666666666665
0 0.8934895833333333 0.25833333333333336 0.0109375 0.03166666666666667
0 0.7578125 0.23125 0.010416666666666666 0.0275
1 0.9390625 0.3904166666666667 0.03854166666666667 0.08083333333333333
1 0.7921875 0.32458333333333333 0.026041666666666668 0.06416666666666666
1 0.8354166666666667 0.2575 0.014583333333333334 0.04
1 0.9200520833333333 0.2791666666666667 0.0171875 0.03833333333333333
1 0.9875 0.30375 0.017708333333333333 0.04083333333333333
