0 0.04453125 0.7704166666666666 0.08802083333333334 0.2725
0 0.6203125 0.3541666666666667 0.029166666666666667 0.08166666666666667
0 0.7005208333333334 0.2825 0.016666666666666666 0.051666666666666666
0 0.6598958333333333 0.26916666666666667 0.016666666666666666 0.041666666666666664
0 0.5216145833333333 0.23333333333333334 0.0109375 0.03666666666666667
0 0.884375 0.2425 0.008333333333333333 0.02666666666666667
0 0.7770833333333333 0.22458333333333333 0.008333333333333333 0.024166666666666666
0 0.98671875 0.27208333333333334 0.008854166666666666 0.029166666666666667
1 0.9559895833333333 0.33541666666666664 0.024479166666666666 0.059166666666666666
1 0.9044270833333333 0.30125 0.022395833333333334 0.050833333333333335
1 0.8177083333333334 0.2733333333333333 0.01875 0.04666666666666667
1 0.8416666666666667 0.23958333333333334 0.0125 0.0325
1 0.90625 0.25625 0.011458333333333333 0.0325
1 0.9557291666666666 0.27541666666666664 0.013541666666666667 0.030833333333333334
1 0.9822916666666667 0.2891666666666667 0.013541666666666667 0.03333333333333333
