0 0.59609375 0.38916666666666666 0.034895833333333334 0.10166666666666667
0 0.7229166666666667 0.3025 0.020833333333333332 0.056666666666666664
0 0.7109375 0.26416666666666666 0.011458333333333333 0.03666666666666667
1 0.97578125 0.35541666666666666 0.0234375 0.06416666666666666
1 0.8901041666666667 0.29333333333333333 0.017708333333333333 0.043333333333333335
1 0.7643229166666666 0.2529166666666667 0.0171875 0.03916666666666667
0 0.5369791666666667 0.21208333333333335 0.008333333333333333 0.025833333333333333
0 0.49453125 0.19875 0.011979166666666667 0.025833333333333333
0 0.5075520833333333 0.19041666666666668 0.008854166666666666 0.024166666666666666
0 0.55 0.19125 0.010416666666666666 0.0125
0 0.7072916666666667 0.20541666666666666 0.008333333333333333 0.019166666666666665
0 0.7786458333333334 0.22083333333333333 0.010416666666666666 0.013333333333333334
0 0.8671875 0.235 0.008333333333333333 0.018333333333333333
0 0.9328125 0.2520833333333333 0.008333333333333333 0.020833333333333332
0 0.99296875 0.27458333333333335 0.008854166666666666 0.024166666666666666
1 0.7244791666666667 0.23916666666666667 0.014583333333333334 0.03333333333333333
1 0.6786458333333333 0.22583333333333333 0.0125 0.03
1 0.6609375 0.20583333333333334 0.010416666666666666 0.025
1 0.7111979166666667 0.21041666666666667 0.009895833333333333 0.019166666666666665
1 0.8184895833333333 0.23 0.0109375 0.025
1 0.8963541666666667 0.2504166666666667 0.009375 0.025833333333333333
1 0.9041666666666667 0.25458333333333333 0.011458333333333333 0.0275
1 0.9791666666666666 0.29791666666666666 0.017708333333333333 0.035833333333333335
1 0.9372395833333333 0.2708333333333333 0.013020833333333334 0.03166666666666667
0 0.5619791666666667 0.21625 0.009375 0.0275
