0 0.44869791666666664 0.47125 0.05677083333333333 0.14416666666666667
0 0.67734375 0.31 0.027604166666666666 0.065
0 0.7192708333333333 0.26916666666666667 0.014583333333333334 0.04666666666666667
0 0.6833333333333333 0.2529166666666667 0.0125 0.030833333333333334
0 0.55859375 0.2275 0.008854166666666666 0.03
1 0.98671875 0.37916666666666665 0.024479166666666666 0.08333333333333333
0 0.77734375 0.21708333333333332 0.0067708333333333336 0.0175
0 0.87890625 0.23625 0.008854166666666666 0.025833333333333333
0 0.9736979166666667 0.25916666666666666 0.0078125 0.023333333333333334
1 0.9364583333333333 0.30666666666666664 0.019791666666666666 0.05
1 0.8934895833333333 0.28375 0.019270833333333334 0.0475
1 0.8169270833333333 0.25708333333333333 0.016145833333333335 0.0375
1 0.8380208333333333 0.235 0.0125 0.02666666666666667
1 0.8986979166666667 0.24791666666666667 0.0109375 0.030833333333333334
1 0.9434895833333333 0.26208333333333333 0.013020833333333334 0.0325
1 0.9671875 0.27291666666666664 0.011458333333333333 0.0325
