0 0.52890625 0.45166666666666666 0.050520833333333334 0.13166666666666665
0 0.7020833333333333 0.31083333333333335 0.026041666666666668 0.06333333333333334
0 0.7575520833333333 0.26958333333333334 0.018229166666666668 0.04083333333333333
1 0.9463541666666667 0.31 0.020833333333333332 0.04833333333333333
1 0.8822916666666667 0.26916666666666667 0.016666666666666666 0.041666666666666664
1 0.7770833333333333 0.23916666666666667 0.013541666666666667 0.028333333333333332
0 0.6018229166666667 0.20958333333333334 0.008854166666666666 0.025833333333333333
0 0.7403645833333333 0.2525 0.0140625 0.035
0 0.5346354166666667 0.19333333333333333 0.008854166666666666 0.018333333333333333
0 0.5411458333333333 0.18875 0.00625 0.020833333333333332
0 0.57578125 0.18625 0.0078125 0.0175
0 0.71875 0.19916666666666666 0.00625 0.018333333333333333
0 0.7848958333333333 0.215 0.007291666666666667 0.016666666666666666
0 0.8640625 0.22916666666666666 0.005208333333333333 0.015
0 0.9244791666666666 0.24291666666666667 0.009375 0.019166666666666665
0 0.9791666666666666 0.26 0.007291666666666667 0.021666666666666667
0 0.9924479166666667 0.2675 0.008854166666666666 0.025
1 0.7432291666666667 0.2275 0.013541666666666667 0.03
1 0.8213541666666667 0.22291666666666668 0.008333333333333333 0.0225
1 0.9895833333333334 0.2966666666666667 0.014583333333333334 0.03666666666666667
1 0.9604166666666667 0.2758333333333333 0.0125 0.03333333333333333
1 0.9268229166666667 0.2575 0.0109375 0.02666666666666667
