0 0.5440104166666667 0.40791666666666665 0.04635416666666667 0.11083333333333334
0 0.6997395833333333 0.3016666666666667 0.0203125 0.06333333333333334
0 0.7309895833333333 0.2683333333333333 0.0140625 0.03666666666666667
0 0.6942708333333333 0.25125 0.008333333333333333 0.0275
0 0.5760416666666667 0.23041666666666666 0.009375 0.030833333333333334
1 0.9731770833333333 0.36125 0.030729166666666665 0.0725
0 0.8763020833333334 0.24 0.008854166666666666 0.02
1 0.8205729166666667 0.25875 0.015104166666666667 0.0375
0 0.9674479166666666 0.2629166666666667 0.0078125 0.025833333333333333
1 0.9299479166666667 0.305 0.019270833333333334 0.04666666666666667
1 0.8919270833333334 0.2816666666666667 0.018229166666666668 0.045
1 0.8375 0.2375 0.009375 0.023333333333333334
1 0.8966145833333333 0.25 0.011979166666666667 0.02666666666666667
1 0.9377604166666667 0.26708333333333334 0.013020833333333334 0.030833333333333334
1 0.9604166666666667 0.27666666666666667 0.0125 0.03166666666666667
1 0.9901041666666667 0.2966666666666667 0.014583333333333334 0.03833333333333333
