0 0.43671875 0.48583333333333334 0.05677083333333333 0.145
0 0.6502604166666667 0.3225 0.024479166666666666 0.07166666666666667
0 0.60546875 0.2941666666666667 0.0203125 0.058333333333333334
0 0.44635416666666666 0.2475 0.013541666666666667 0.04833333333333333
0 0.33619791666666665 0.21625 0.0078125 0.0275
0 0.3171875 0.19958333333333333 0.009375 0.020833333333333332
0 0.36875 0.1875 0.008333333333333333 0.03
0 0.8963541666666667 0.2529166666666667 0.010416666666666666 0.029166666666666667
0 0.7760416666666666 0.23166666666666666 0.010416666666666666 0.02666666666666667
1 0.9244791666666666 0.33958333333333335 0.028125 0.0625
1 0.8143229166666667 0.29583333333333334 0.0234375 0.056666666666666664
1 0.8471354166666667 0.25416666666666665 0.0109375 0.03333333333333333
1 0.9200520833333333 0.2733333333333333 0.0140625 0.035
1 0.9770833333333333 0.29083333333333333 0.016666666666666666 0.03833333333333333
