0 0.45390625 0.5616666666666666 0.0734375 0.16833333333333333
0 0.7104166666666667 0.33708333333333335 0.03125 0.0725
0 0.80625 0.2925 0.020833333333333332 0.055
0 0.8325520833333333 0.26625 0.0109375 0.0325
0 0.859375 0.25333333333333335 0.008333333333333333 0.03
0 0.8671875 0.24791666666666667 0.00625 0.0225
1 0.9872395833333333 0.30125 0.018229166666666668 0.0375
1 0.978125 0.28 0.013541666666666667 0.02666666666666667
1 0.9729166666666667 0.2679166666666667 0.010416666666666666 0.020833333333333332
1 0.9552083333333333 0.26125 0.009375 0.0225
1 0.9145833333333333 0.24875 0.011458333333333333 0.029166666666666667
1 0.9296875 0.2375 0.008333333333333333 0.025
