0 0.49192708333333335 0.4075 0.058854166666666666 0.115
0 0.5864583333333333 0.3329166666666667 0.029166666666666667 0.08083333333333333
0 0.6005208333333333 0.29541666666666666 0.023958333333333335 0.0625
0 0.6046875 0.2475 0.022916666666666665 0.05
0 0.7466145833333333 0.23875 0.0140625 0.0375
0 0.8661458333333333 0.25166666666666665 0.014583333333333334 0.03666666666666667
1 0.940625 0.345 0.030208333333333334 0.06666666666666667
1 0.8830729166666667 0.30541666666666667 0.021354166666666667 0.05583333333333333
1 0.9200520833333333 0.29125 0.018229166666666668 0.0425
1 0.98984375 0.2991666666666667 0.016145833333333335 0.041666666666666664
