0 0.6145833333333334 0.35208333333333336 0.0375 0.08583333333333333
0 0.6958333333333333 0.2816666666666667 0.019791666666666666 0.04833333333333333
0 0.6575520833333334 0.26458333333333334 0.019270833333333334 0.04416666666666667
0 0.5166666666666667 0.22916666666666666 0.016666666666666666 0.03833333333333333
0 0.9877604166666667 0.2679166666666667 0.011979166666666667 0.035833333333333335
0 0.88515625 0.23791666666666667 0.011979166666666667 0.030833333333333334
1 0.9828125 0.27708333333333335 0.0125 0.035833333333333335
1 0.9549479166666667 0.26875 0.0140625 0.0325
1 0.9072916666666667 0.25 0.0125 0.03
1 0.8419270833333333 0.23208333333333334 0.013020833333333334 0.0275
1 0.81640625 0.2683333333333333 0.018229166666666668 0.03833333333333333
1 0.9052083333333333 0.2975 0.022916666666666665 0.04666666666666667
1 0.9591145833333333 0.32916666666666666 0.0234375 0.06333333333333334
