0 0.590625 0.37875 0.03854166666666667 0.09416666666666666
0 0.7140625 0.2925 0.020833333333333332 0.056666666666666664
0 0.7408854166666666 0.2625 0.0140625 0.04
0 0.7049479166666667 0.255 0.0078125 0.02666666666666667
0 0.5924479166666666 0.2275 0.009895833333333333 0.02666666666666667
0 0.87890625 0.23916666666666667 0.0109375 0.02666666666666667
0 0.96796875 0.2629166666666667 0.0078125 0.025833333333333333
1 0.9895833333333334 0.29333333333333333 0.0125 0.03166666666666667
1 0.9598958333333333 0.2733333333333333 0.0125 0.03166666666666667
1 0.9393229166666667 0.26208333333333333 0.0109375 0.0275
1 0.896875 0.24916666666666668 0.011458333333333333 0.03
1 0.8424479166666666 0.23291666666666666 0.0109375 0.025833333333333333
1 0.8244791666666667 0.25833333333333336 0.016666666666666666 0.035
1 0.8940104166666667 0.27875 0.015104166666666667 0.0425
1 0.9296875 0.29625 0.01875 0.0425
1 0.9671875 0.34708333333333335 0.023958333333333335 0.0625
