0 0.4421875 0.41458333333333336 0.04895833333333333 0.1175
0 0.5411458333333333 0.33666666666666667 0.03229166666666667 0.085
0 0.5588541666666667 0.29625 0.020833333333333332 0.0675
0 0.56640625 0.24833333333333332 0.021354166666666667 0.05333333333333334
0 0.7091145833333333 0.23375 0.0171875 0.04583333333333333
1 0.9028645833333333 0.3416666666666667 0.025520833333333333 0.06833333333333333
1 0.8455729166666667 0.30291666666666667 0.025520833333333333 0.0575
1 0.8830729166666667 0.2891666666666667 0.0171875 0.04833333333333333
1 0.9541666666666667 0.29083333333333333 0.019791666666666666 0.045
0 0.82890625 0.24666666666666667 0.0140625 0.04
0 0.9794270833333333 0.2791666666666667 0.0140625 0.03666666666666667
