0 0.46901041666666665 0.29041666666666666 0.033854166666666664 0.07583333333333334
0 0.36276041666666664 0.53375 0.0515625 0.15583333333333332
0 0.48880208333333336 0.25416666666666665 0.025520833333333333 0.056666666666666664
0 0.4817708333333333 0.23125 0.016666666666666666 0.04083333333333333
0 0.46458333333333335 0.20083333333333334 0.014583333333333334 0.045
0 0.5622395833333333 0.1875 0.015104166666666667 0.035
1 0.9802083333333333 0.43416666666666665 0.036458333333333336 0.11
1 0.8783854166666667 0.3416666666666667 0.033854166666666664 0.08333333333333333
1 0.7971354166666667 0.28208333333333335 0.024479166666666666 0.060833333333333336
1 0.7260416666666667 0.25166666666666665 0.021875 0.051666666666666666
1 0.6809895833333334 0.22958333333333333 0.0171875 0.04583333333333333
1 0.7067708333333333 0.21708333333333332 0.015625 0.04083333333333333
1 0.7625 0.22083333333333333 0.015625 0.035
1 0.8393229166666667 0.22958333333333333 0.0171875 0.0375
1 0.9317708333333333 0.24291666666666667 0.013541666666666667 0.035833333333333335
0 0.6572916666666667 0.19 0.0125 0.03333333333333333
0 0.78359375 0.20833333333333334 0.0109375 0.03
2 0.33541666666666664 0.525 0.10208333333333333 0.29833333333333334
2 0.36302083333333335 0.45166666666666666 0.07395833333333333 0.24666666666666667
