0 0.6244791666666667 0.3591666666666667 0.0375 0.09833333333333333
0 0.7315104166666667 0.2866666666666667 0.016145833333333335 0.05333333333333334
0 0.7567708333333333 0.255 0.013541666666666667 0.041666666666666664
0 0.7216145833333333 0.24708333333333332 0.009895833333333333 0.0275
0 0.61015625 0.225 0.0078125 0.03333333333333333
0 0.9765625 0.25708333333333333 0.008333333333333333 0.025833333333333333
0 0.8911458333333333 0.23666666666666666 0.010416666666666666 0.021666666666666667
1 0.99453125 0.28625 0.0067708333333333336 0.035833333333333335
1 0.96953125 0.27 0.009895833333333333 0.02
1 0.9473958333333333 0.25958333333333333 0.011458333333333333 0.024166666666666666
1 0.9080729166666667 0.24416666666666667 0.008854166666666666 0.023333333333333334
1 0.85234375 0.23541666666666666 0.009895833333333333 0.0275
1 0.8356770833333333 0.25416666666666665 0.011979166666666667 0.03333333333333333
1 0.9015625 0.27166666666666667 0.011458333333333333 0.03833333333333333
1 0.9369791666666667 0.2920833333333333 0.015625 0.03916666666666667
1 0.9734375 0.3375 0.022916666666666665 0.06
