0 0.6403645833333333 0.37875 0.0390625 0.0975
0 0.78203125 0.30291666666666667 0.016145833333333335 0.060833333333333336
0 0.8174479166666667 0.27125 0.0140625 0.03916666666666667
0 0.8479166666666667 0.25416666666666665 0.010416666666666666 0.03333333333333333
0 0.8559895833333333 0.245 0.0078125 0.03166666666666667
1 0.9908854166666666 0.31166666666666665 0.015104166666666667 0.045
1 0.978125 0.28625 0.014583333333333334 0.035833333333333335
1 0.9692708333333333 0.2683333333333333 0.010416666666666666 0.02666666666666667
1 0.9502604166666667 0.2604166666666667 0.013020833333333334 0.029166666666666667
1 0.9072916666666667 0.24875 0.009375 0.029166666666666667
0 0.9502604166666667 0.24666666666666667 0.0067708333333333336 0.016666666666666666
1 0.9208333333333333 0.24083333333333334 0.009375 0.023333333333333334
