0 0.5528645833333333 0.4975 0.05364583333333333 0.14833333333333334
0 0.7473958333333334 0.3279166666666667 0.027083333333333334 0.0675
0 0.8341145833333333 0.2916666666666667 0.016145833333333335 0.04833333333333333
0 0.8606770833333334 0.265 0.0109375 0.04
0 0.8859375 0.25958333333333333 0.010416666666666666 0.024166666666666666
0 0.89375 0.25083333333333335 0.00625 0.02666666666666667
0 0.9833333333333333 0.24916666666666668 0.008333333333333333 0.021666666666666667
1 0.9799479166666667 0.265 0.009895833333333333 0.02666666666666667
1 0.9403645833333333 0.25375 0.008854166666666666 0.025833333333333333
1 0.9544270833333334 0.24708333333333332 0.008854166666666666 0.020833333333333332
1 0.9932291666666667 0.25708333333333333 0.008333333333333333 0.0225
