0 0.5799479166666667 0.3770833333333333 0.0390625 0.0975
0 0.6854166666666667 0.28791666666666665 0.020833333333333332 0.0575
0 0.6447916666666667 0.26875 0.015625 0.0425
0 0.49921875 0.23125 0.011979166666666667 0.0475
0 0.3924479166666667 0.20708333333333334 0.0067708333333333336 0.024166666666666666
0 0.8893229166666666 0.2375 0.009895833333333333 0.03166666666666667
0 0.7783854166666667 0.22083333333333333 0.009895833333333333 0.02666666666666667
1 0.9682291666666667 0.34458333333333335 0.028125 0.0625
1 0.91171875 0.30625 0.022395833333333334 0.05416666666666667
1 0.8177083333333334 0.2733333333333333 0.020833333333333332 0.04666666666666667
1 0.8442708333333333 0.23916666666666667 0.016666666666666666 0.03333333333333333
1 0.9106770833333333 0.25708333333333333 0.015104166666666667 0.0375
1 0.9640625 0.2733333333333333 0.013541666666666667 0.035
1 0.9908854166666666 0.28791666666666665 0.0140625 0.0325
