0 0.47890625 0.4583333333333333 0.0515625 0.13333333333333333
0 0.6596354166666667 0.315 0.0234375 0.07
0 0.6174479166666667 0.28958333333333336 0.019270833333333334 0.0525
0 0.459375 0.24458333333333335 0.014583333333333334 0.04416666666666667
0 0.35104166666666664 0.21333333333333335 0.008333333333333333 0.03333333333333333
0 0.32916666666666666 0.19458333333333333 0.009375 0.025833333333333333
0 0.37994791666666666 0.18791666666666668 0.009895833333333333 0.029166666666666667
0 0.8955729166666667 0.25333333333333335 0.008854166666666666 0.02666666666666667
0 0.77734375 0.22916666666666666 0.0078125 0.02666666666666667
1 0.9221354166666667 0.33166666666666667 0.0265625 0.06333333333333334
1 0.815625 0.29125 0.025 0.05583333333333333
1 0.8489583333333334 0.24958333333333332 0.015625 0.034166666666666665
1 0.9190104166666667 0.2675 0.015104166666666667 0.035
1 0.9747395833333333 0.28875 0.016145833333333335 0.034166666666666665
