0 0.07838541666666667 0.8041666666666667 0.09427083333333333 0.3
0 0.5263020833333333 0.35375 0.0296875 0.09916666666666667
1 0.7260416666666667 0.27625 0.025 0.05583333333333333
0 0.43723958333333335 0.23291666666666666 0.018229166666666668 0.04416666666666667
0 0.42083333333333334 0.21833333333333332 0.013541666666666667 0.03666666666666667
0 0.39817708333333335 0.20875 0.0109375 0.034166666666666665
0 0.36276041666666664 0.18875 0.0140625 0.0375
0 0.41432291666666665 0.17541666666666667 0.0078125 0.0275
0 0.48385416666666664 0.17583333333333334 0.011458333333333333 0.02666666666666667
0 0.5796875 0.17875 0.010416666666666666 0.025833333333333333
0 0.7919270833333333 0.20791666666666667 0.008854166666666666 0.0225
0 0.90703125 0.235 0.011979166666666667 0.02666666666666667
1 0.96484375 0.39875 0.0390625 0.09083333333333334
1 0.8135416666666667 0.3120833333333333 0.026041666666666668 0.06583333333333333
1 0.67109375 0.24791666666666667 0.021354166666666667 0.049166666666666664
1 0.6143229166666667 0.22458333333333333 0.018229166666666668 0.0425
1 0.5596354166666667 0.2125 0.019270833333333334 0.03333333333333333
1 0.51953125 0.20125 0.0140625 0.0325
1 0.53125 0.19166666666666668 0.014583333333333334 0.03333333333333333
1 0.5700520833333333 0.19125 0.011979166666666667 0.0325
1 0.6268229166666667 0.19 0.0140625 0.03
1 0.7713541666666667 0.21125 0.011458333333333333 0.0275
1 0.84296875 0.22708333333333333 0.013020833333333334 0.030833333333333334
1 0.9497395833333333 0.255 0.011979166666666667 0.03333333333333333
1 0.6984375 0.2 0.010416666666666666 0.028333333333333332
1 0.9625 0.26375 0.013541666666666667 0.035833333333333335
1 0.9033854166666667 0.24291666666666667 0.009895833333333333 0.024166666666666666
2 0.5083333333333333 0.2816666666666667 0.029166666666666667 0.10833333333333334
2 0.4934895833333333 0.27 0.028645833333333332 0.10166666666666667
2 0.83203125 0.305 0.0328125 0.09666666666666666
2 0.8002604166666667 0.29125 0.0296875 0.09416666666666666
