0 0.4671875 0.35125 0.034375 0.08583333333333333
0 0.5203125 0.30125 0.023958333333333335 0.060833333333333336
0 0.5260416666666666 0.26875 0.019791666666666666 0.0525
0 0.5208333333333334 0.23041666666666666 0.019791666666666666 0.04583333333333333
0 0.6416666666666667 0.21541666666666667 0.013541666666666667 0.0375
0 0.75 0.225 0.014583333333333334 0.03
0 0.8869791666666667 0.24666666666666667 0.0125 0.028333333333333332
1 0.9018229166666667 0.34625 0.033854166666666664 0.07583333333333334
1 0.8158854166666667 0.30041666666666667 0.024479166666666666 0.0525
1 0.7658854166666667 0.2733333333333333 0.018229166666666668 0.05
1 0.7981770833333334 0.25666666666666665 0.016145833333333335 0.03666666666666667
1 0.8630208333333333 0.2604166666666667 0.016666666666666666 0.0375
1 0.9489583333333333 0.275 0.017708333333333333 0.035
