0 0.18671875 0.8366666666666667 0.11510416666666666 0.29333333333333333
0 0.4734375 0.28041666666666665 0.028125 0.06916666666666667
0 0.48333333333333334 0.25 0.017708333333333333 0.05
0 0.46953125 0.23083333333333333 0.016145833333333335 0.045
0 0.4471354166666667 0.20208333333333334 0.016145833333333335 0.0425
0 0.5338541666666666 0.19 0.0125 0.03333333333333333
0 0.6239583333333333 0.19166666666666668 0.010416666666666666 0.03
0 0.7419270833333333 0.205 0.0109375 0.02666666666666667
0 0.8859375 0.23 0.010416666666666666 0.03
1 0.91796875 0.38375 0.04010416666666667 0.09083333333333334
1 0.8341145833333333 0.3179166666666667 0.030729166666666665 0.07583333333333334
1 0.7578125 0.27 0.027083333333333334 0.056666666666666664
1 0.69296875 0.2425 0.021354166666666667 0.04833333333333333
1 0.65 0.225 0.01875 0.04833333333333333
1 0.6716145833333333 0.21458333333333332 0.0171875 0.03916666666666667
1 0.7236979166666667 0.21833333333333332 0.018229166666666668 0.03833333333333333
1 0.7966145833333333 0.22333333333333333 0.015104166666666667 0.03833333333333333
1 0.8841145833333334 0.24 0.015104166666666667 0.03
1 0.9744791666666667 0.25958333333333333 0.013541666666666667 0.035833333333333335
2 0.43125 0.4320833333333333 0.07708333333333334 0.23083333333333333
