0 0.6369791666666667 0.415 0.042708333333333334 0.10833333333333334
0 0.7486979166666666 0.29833333333333334 0.021354166666666667 0.06
0 0.8005208333333333 0.26666666666666666 0.015625 0.041666666666666664
0 0.8130208333333333 0.24541666666666667 0.009375 0.0375
1 0.98046875 0.3016666666666667 0.018229166666666668 0.04666666666666667
0 0.9265625 0.23375 0.007291666666666667 0.0175
1 0.8778645833333333 0.245 0.013020833333333334 0.03166666666666667
1 0.9611979166666667 0.27416666666666667 0.013020833333333334 0.03666666666666667
1 0.9328125 0.2629166666666667 0.0125 0.030833333333333334
1 0.89375 0.23375 0.009375 0.0225
1 0.9424479166666667 0.2425 0.0109375 0.025
1 0.978125 0.2520833333333333 0.011458333333333333 0.029166666666666667
