0 0.35234375 0.5933333333333334 0.0796875 0.20166666666666666
0 0.5739583333333333 0.3308333333333333 0.023958333333333335 0.07666666666666666
1 0.73125 0.27125 0.021875 0.04583333333333333
0 0.4635416666666667 0.235 0.01875 0.041666666666666664
0 0.44427083333333334 0.22208333333333333 0.013541666666666667 0.0375
0 0.4203125 0.2125 0.013541666666666667 0.045
0 0.4244791666666667 0.18125 0.010416666666666666 0.024166666666666666
0 0.490625 0.18 0.009375 0.03
0 0.58203125 0.18708333333333332 0.008854166666666666 0.024166666666666666
0 0.7848958333333333 0.20833333333333334 0.009375 0.023333333333333334
1 0.94453125 0.37166666666666665 0.0328125 0.07666666666666666
1 0.8114583333333333 0.30375 0.027083333333333334 0.059166666666666666
1 0.6778645833333333 0.24708333333333332 0.021354166666666667 0.0475
1 0.6229166666666667 0.22708333333333333 0.016666666666666666 0.0375
1 0.5705729166666667 0.21666666666666667 0.015104166666666667 0.03333333333333333
1 0.5307291666666667 0.20625 0.011458333333333333 0.0325
1 0.5390625 0.19875 0.011458333333333333 0.025833333333333333
1 0.5760416666666667 0.19708333333333333 0.010416666666666666 0.030833333333333334
1 0.6299479166666667 0.19875 0.013020833333333334 0.0275
1 0.7669270833333334 0.21291666666666667 0.0109375 0.034166666666666665
1 0.834375 0.22666666666666666 0.013541666666666667 0.03
1 0.9369791666666667 0.25583333333333336 0.011458333333333333 0.03
1 0.6966145833333334 0.20416666666666666 0.011979166666666667 0.03
1 0.94765625 0.26 0.0140625 0.03166666666666667
1 0.8924479166666667 0.24291666666666667 0.009895833333333333 0.0275
0 0.8971354166666666 0.23541666666666666 0.009895833333333333 0.025833333333333333
0 0.9833333333333333 0.2575 0.013541666666666667 0.03
2 0.5463541666666667 0.275 0.026041666666666668 0.09833333333333333
2 0.5291666666666667 0.2658333333333333 0.025 0.09333333333333334
2 0.8283854166666667 0.29333333333333333 0.028645833333333332 0.08833333333333333
2 0.7979166666666667 0.28375 0.028125 0.0875
