0 0.61328125 0.3595833333333333 0.0328125 0.0875
0 0.63984375 0.28208333333333335 0.0171875 0.050833333333333335
1 0.7286458333333333 0.25416666666666665 0.01875 0.041666666666666664
1 0.8864583333333333 0.31416666666666665 0.023958333333333335 0.056666666666666664
1 0.7921875 0.275 0.016666666666666666 0.043333333333333335
0 0.59375 0.25958333333333333 0.013541666666666667 0.04583333333333333
1 0.68125 0.2375 0.01875 0.03666666666666667
0 0.4192708333333333 0.19208333333333333 0.009375 0.030833333333333334
0 0.75859375 0.20791666666666667 0.008854166666666666 0.020833333333333332
1 0.63125 0.22166666666666668 0.015625 0.03666666666666667
1 0.5825520833333333 0.2125 0.013020833333333334 0.03
0 0.8583333333333333 0.22833333333333333 0.009375 0.025
0 0.93203125 0.25 0.008854166666666666 0.025
1 0.54375 0.20333333333333334 0.010416666666666666 0.028333333333333332
1 0.74453125 0.21166666666666667 0.008854166666666666 0.028333333333333332
1 0.8041666666666667 0.22333333333333333 0.008333333333333333 0.02666666666666667
1 0.89296875 0.24791666666666667 0.011979166666666667 0.029166666666666667
1 0.8544270833333333 0.23583333333333334 0.0109375 0.025
1 0.6231770833333333 0.19708333333333333 0.0109375 0.025833333333333333
1 0.90078125 0.25166666666666665 0.0109375 0.02666666666666667
1 0.9424479166666667 0.27208333333333334 0.011979166666666667 0.034166666666666665
2 0.6046875 0.25166666666666665 0.019791666666666666 0.06833333333333333
2 0.58828125 0.24708333333333332 0.0203125 0.06416666666666666
2 0.8057291666666667 0.26875 0.019791666666666666 0.06416666666666666
2 0.78359375 0.26 0.0203125 0.06666666666666667
