0 0.646875 0.4008333333333333 0.03958333333333333 0.10833333333333334
0 0.7505208333333333 0.29541666666666666 0.020833333333333332 0.0575
0 0.8018229166666667 0.2633333333333333 0.0140625 0.03666666666666667
0 0.8127604166666667 0.24916666666666668 0.0078125 0.023333333333333334
1 0.9786458333333333 0.30125 0.017708333333333333 0.0475
0 0.9263020833333333 0.23291666666666666 0.0078125 0.0225
1 0.8776041666666666 0.245 0.0125 0.03
1 0.96015625 0.27166666666666667 0.0140625 0.03666666666666667
1 0.9322916666666666 0.2629166666666667 0.013541666666666667 0.029166666666666667
1 0.8927083333333333 0.23291666666666666 0.011458333333333333 0.0225
1 0.9408854166666667 0.24208333333333334 0.008854166666666666 0.025833333333333333
1 0.9776041666666667 0.2529166666666667 0.009375 0.024166666666666666
