0 0.51796875 0.4608333333333333 0.0546875 0.13166666666666665
0 0.7536458333333333 0.31625 0.03125 0.0725
0 0.8057291666666667 0.2708333333333333 0.016666666666666666 0.045
0 0.8393229166666667 0.24916666666666668 0.011979166666666667 0.03666666666666667
0 0.84765625 0.23958333333333334 0.0067708333333333336 0.020833333333333332
1 0.9828125 0.2816666666666667 0.015625 0.03666666666666667
0 0.94921875 0.23208333333333334 0.0078125 0.020833333333333332
1 0.9028645833333333 0.23916666666666667 0.009895833333333333 0.028333333333333332
1 0.9713541666666666 0.265 0.011458333333333333 0.03333333333333333
1 0.9513020833333333 0.25416666666666665 0.011979166666666667 0.03166666666666667
1 0.9177083333333333 0.23125 0.009375 0.0225
1 0.9625 0.24083333333333334 0.008333333333333333 0.023333333333333334
