0 0.18255208333333334 0.8345833333333333 0.11510416666666666 0.2875
0 0.47239583333333335 0.2791666666666667 0.027083333333333334 0.06166666666666667
0 0.48151041666666666 0.24875 0.016145833333333335 0.0525
0 0.46979166666666666 0.2275 0.016666666666666666 0.045
0 0.4473958333333333 0.19916666666666666 0.015625 0.041666666666666664
0 0.5333333333333333 0.1875 0.013541666666666667 0.03
0 0.625 0.19125 0.011458333333333333 0.034166666666666665
0 0.7432291666666667 0.205 0.009375 0.02666666666666667
0 0.8869791666666667 0.22916666666666666 0.009375 0.03
1 0.91796875 0.3829166666666667 0.04114583333333333 0.09083333333333334
1 0.8341145833333333 0.3175 0.03177083333333333 0.07
1 0.76015625 0.26875 0.022395833333333334 0.0575
1 0.6919270833333333 0.24375 0.0234375 0.0525
1 0.6484375 0.22083333333333333 0.017708333333333333 0.04833333333333333
1 0.6723958333333333 0.21458333333333332 0.017708333333333333 0.03916666666666667
1 0.7236979166666667 0.21583333333333332 0.0140625 0.03666666666666667
1 0.796875 0.22458333333333333 0.015625 0.034166666666666665
1 0.8838541666666667 0.23916666666666667 0.014583333333333334 0.028333333333333332
1 0.9752604166666666 0.2575 0.013020833333333334 0.03333333333333333
2 0.42890625 0.4320833333333333 0.07760416666666667 0.2325
