0 0.25546875 0.66 0.07135416666666666 0.20833333333333334
0 0.52578125 0.32166666666666666 0.0328125 0.08
0 0.56875 0.2841666666666667 0.01875 0.055
0 0.5677083333333334 0.2554166666666667 0.020833333333333332 0.04583333333333333
0 0.5598958333333334 0.21875 0.017708333333333333 0.04416666666666667
0 0.6713541666666667 0.21083333333333334 0.014583333333333334 0.03166666666666667
0 0.7734375 0.22 0.013541666666666667 0.03333333333333333
0 0.9059895833333333 0.2425 0.008854166666666666 0.02666666666666667
1 0.9109375 0.32375 0.028125 0.06916666666666667
1 0.8359375 0.28791666666666665 0.023958333333333335 0.05583333333333333
1 0.7890625 0.25833333333333336 0.015625 0.04666666666666667
1 0.82109375 0.24958333333333332 0.011979166666666667 0.04083333333333333
1 0.8809895833333333 0.2525 0.0140625 0.03666666666666667
1 0.9661458333333334 0.26666666666666666 0.014583333333333334 0.03333333333333333
