0 0.6013020833333333 0.365 0.03697916666666667 0.09166666666666666
0 0.69375 0.28541666666666665 0.019791666666666666 0.049166666666666664
0 0.6515625 0.27 0.0125 0.045
0 0.509375 0.23166666666666666 0.0125 0.04
0 0.8872395833333333 0.24083333333333334 0.009895833333333333 0.03
0 0.77734375 0.22166666666666668 0.0078125 0.02666666666666667
0 0.9901041666666667 0.27125 0.010416666666666666 0.029166666666666667
1 0.96328125 0.3416666666666667 0.027604166666666666 0.06666666666666667
1 0.9067708333333333 0.30416666666666664 0.025 0.051666666666666666
1 0.8169270833333333 0.27166666666666667 0.0203125 0.045
1 0.8424479166666666 0.2375 0.011979166666666667 0.035
1 0.9083333333333333 0.255 0.014583333333333334 0.035
1 0.959375 0.2725 0.015625 0.03333333333333333
1 0.98671875 0.28625 0.0140625 0.0325
