0 0.3890625 0.65 0.090625 0.24
0 0.6888020833333334 0.3329166666666667 0.0265625 0.07916666666666666
0 0.7669270833333334 0.27708333333333335 0.0140625 0.0475
0 0.7846354166666667 0.25166666666666665 0.009895833333333333 0.03833333333333333
1 0.984375 0.32625 0.020833333333333332 0.05583333333333333
0 0.9119791666666667 0.235 0.009375 0.025
1 0.86015625 0.25 0.013020833333333334 0.03333333333333333
0 0.9955729166666667 0.25833333333333336 0.0067708333333333336 0.025
1 0.9541666666666667 0.28541666666666665 0.017708333333333333 0.04416666666666667
1 0.92265625 0.2683333333333333 0.0140625 0.03833333333333333
1 0.9283854166666666 0.24541666666666667 0.008854166666666666 0.024166666666666666
1 0.8755208333333333 0.23375 0.011458333333333333 0.0275
1 0.9682291666666667 0.25708333333333333 0.010416666666666666 0.030833333333333334
1 0.9880208333333333 0.26458333333333334 0.011458333333333333 0.029166666666666667
