0 0.6192708333333333 0.3929166666666667 0.04583333333333333 0.1025
0 0.7807291666666667 0.30375 0.020833333333333332 0.0625
0 0.8182291666666667 0.26875 0.013541666666666667 0.04083333333333333
0 0.8505208333333333 0.25166666666666665 0.009375 0.03
0 0.85703125 0.24375 0.005729166666666666 0.0225
1 0.98359375 0.28208333333333335 0.013020833333333334 0.035833333333333335
0 0.95546875 0.23458333333333334 0.0067708333333333336 0.0225
1 0.9104166666666667 0.24375 0.013541666666666667 0.0275
1 0.9546875 0.25833333333333336 0.0125 0.03166666666666667
1 0.9744791666666667 0.26666666666666666 0.009375 0.03
1 0.9244791666666666 0.23541666666666666 0.011458333333333333 0.024166666666666666
