0 0.5328125 0.4245833333333333 0.04479166666666667 0.1175
0 0.6151041666666667 0.2975 0.01875 0.058333333333333334
1 0.7291666666666666 0.25708333333333333 0.020833333333333332 0.04583333333333333
0 0.4901041666666667 0.22708333333333333 0.014583333333333334 0.04583333333333333
0 0.49322916666666666 0.17958333333333334 0.009375 0.024166666666666666
0 0.5776041666666667 0.18291666666666667 0.009375 0.024166666666666666
1 0.9075520833333334 0.33416666666666667 0.027604166666666666 0.06333333333333334
1 0.7997395833333333 0.285 0.0203125 0.04833333333333333
0 0.7690104166666667 0.20666666666666667 0.009895833333333333 0.021666666666666667
0 0.8744791666666667 0.22916666666666666 0.009375 0.023333333333333334
0 0.9546875 0.24875 0.008333333333333333 0.024166666666666666
1 0.6794270833333333 0.24041666666666667 0.019270833333333334 0.04416666666666667
1 0.6260416666666667 0.22208333333333333 0.016666666666666666 0.0375
1 0.5755208333333334 0.21333333333333335 0.015625 0.03166666666666667
1 0.5364583333333334 0.20166666666666666 0.0125 0.028333333333333332
1 0.5432291666666667 0.19833333333333333 0.008333333333333333 0.02666666666666667
1 0.7533854166666667 0.21208333333333335 0.011979166666666667 0.029166666666666667
1 0.81640625 0.22208333333333333 0.0109375 0.029166666666666667
1 0.9114583333333334 0.24833333333333332 0.0125 0.03
1 0.86953125 0.23541666666666666 0.0109375 0.0275
1 0.6247395833333333 0.19625 0.013020833333333334 0.030833333333333334
1 0.92109375 0.25416666666666665 0.0109375 0.028333333333333332
1 0.9677083333333333 0.27791666666666665 0.016666666666666666 0.04083333333333333
2 0.5794270833333334 0.2604166666666667 0.024479166666666666 0.07583333333333334
2 0.5606770833333333 0.25625 0.0203125 0.0825
2 0.8140625 0.27541666666666664 0.023958333333333335 0.07583333333333334
2 0.7888020833333333 0.26958333333333334 0.0234375 0.07916666666666666
