0 0.49713541666666666 0.4 0.0453125 0.10166666666666667
0 0.46927083333333336 0.33708333333333335 0.026041666666666668 0.0775
0 0.28151041666666665 0.27291666666666664 0.0234375 0.05583333333333333
0 0.1796875 0.22583333333333333 0.016666666666666666 0.045
0 0.18958333333333333 0.20208333333333334 0.009375 0.034166666666666665
0 0.2721354166666667 0.18958333333333333 0.008854166666666666 0.034166666666666665
0 0.8903645833333333 0.2575 0.0109375 0.03
0 0.75546875 0.23041666666666666 0.011979166666666667 0.035833333333333335
1 0.9427083333333334 0.40375 0.03958333333333333 0.0925
1 0.7846354166666667 0.32875 0.0265625 0.06916666666666667
1 0.8348958333333333 0.2575 0.016666666666666666 0.035
1 0.9190104166666667 0.28041666666666665 0.016145833333333335 0.0425
1 0.9885416666666667 0.30541666666666667 0.016666666666666666 0.03916666666666667
