0 0.6119791666666666 0.37583333333333335 0.03854166666666667 0.09166666666666666
0 0.7286458333333333 0.3 0.019791666666666666 0.055
0 0.7169270833333333 0.26208333333333333 0.009895833333333333 0.04083333333333333
0 0.5684895833333333 0.21291666666666667 0.008854166666666666 0.020833333333333332
0 0.5421875 0.20666666666666667 0.00625 0.023333333333333334
0 0.49947916666666664 0.19666666666666666 0.010416666666666666 0.021666666666666667
0 0.5122395833333333 0.18958333333333333 0.0078125 0.0225
0 0.5528645833333333 0.18833333333333332 0.008854166666666666 0.016666666666666666
0 0.7075520833333333 0.20375 0.0046875 0.015833333333333335
0 0.77890625 0.21791666666666668 0.008854166666666666 0.014166666666666666
0 0.86640625 0.23291666666666666 0.0067708333333333336 0.015833333333333335
0 0.93203125 0.25125 0.0078125 0.0175
0 0.9908854166666666 0.2708333333333333 0.0067708333333333336 0.021666666666666667
1 0.9705729166666667 0.34833333333333333 0.0234375 0.056666666666666664
1 0.8890625 0.28833333333333333 0.015625 0.04833333333333333
1 0.8182291666666667 0.26208333333333333 0.011458333333333333 0.0325
1 0.7677083333333333 0.25125 0.015625 0.0325
1 0.72734375 0.23583333333333334 0.0140625 0.028333333333333332
1 0.6630208333333333 0.20416666666666666 0.009375 0.023333333333333334
1 0.7125 0.21083333333333334 0.009375 0.016666666666666666
1 0.7658854166666667 0.21916666666666668 0.0067708333333333336 0.021666666666666667
1 0.8197916666666667 0.22916666666666666 0.007291666666666667 0.023333333333333334
1 0.8625 0.23958333333333334 0.005208333333333333 0.019166666666666665
1 0.89609375 0.25 0.0067708333333333336 0.025
1 0.90234375 0.24958333333333332 0.0067708333333333336 0.025833333333333333
1 0.9364583333333333 0.2679166666666667 0.009375 0.024166666666666666
1 0.97578125 0.29791666666666666 0.011979166666666667 0.0375
