0 0.42864583333333334 0.5933333333333334 0.078125 0.19666666666666666
0 0.6971354166666667 0.32708333333333334 0.028645833333333332 0.0725
0 0.7729166666666667 0.27625 0.014583333333333334 0.0475
0 0.790625 0.25083333333333335 0.010416666666666666 0.041666666666666664
1 0.9861979166666667 0.3225 0.0234375 0.051666666666666666
0 0.915625 0.23375 0.007291666666666667 0.024166666666666666
1 0.8643229166666667 0.25 0.015104166666666667 0.03333333333333333
1 0.9578125 0.28375 0.01875 0.0475
1 0.9263020833333333 0.26958333333333334 0.015104166666666667 0.035833333333333335
1 0.9315104166666667 0.24083333333333334 0.0078125 0.021666666666666667
1 0.8796875 0.23208333333333334 0.0125 0.0275
1 0.9713541666666666 0.25708333333333333 0.011458333333333333 0.034166666666666665
1 0.9908854166666666 0.2658333333333333 0.0109375 0.028333333333333332
