0 0.20598958333333334 0.70875 0.0765625 0.23583333333333334
0 0.6505208333333333 0.34791666666666665 0.035416666666666666 0.08416666666666667
0 0.73828125 0.28791666666666665 0.019270833333333334 0.0475
0 0.7252604166666666 0.25416666666666665 0.0078125 0.03166666666666667
1 0.9619791666666667 0.3333333333333333 0.021875 0.055
1 0.8861979166666667 0.2825 0.019270833333333334 0.04
1 0.77109375 0.24458333333333335 0.015104166666666667 0.035833333333333335
0 0.58046875 0.2125 0.009895833333333333 0.02666666666666667
0 0.5106770833333333 0.19791666666666666 0.011979166666666667 0.034166666666666665
0 0.5213541666666667 0.18875 0.009375 0.020833333333333332
0 0.5611979166666666 0.18708333333333332 0.0067708333333333336 0.024166666666666666
0 0.7130208333333333 0.20416666666666666 0.00625 0.021666666666666667
0 0.7809895833333333 0.21708333333333332 0.0067708333333333336 0.0175
0 0.9299479166666667 0.2475 0.008854166666666666 0.025
0 0.9877604166666667 0.2683333333333333 0.008854166666666666 0.023333333333333334
1 0.7333333333333333 0.23375 0.014583333333333334 0.035833333333333335
1 0.6684895833333333 0.20375 0.011979166666666667 0.029166666666666667
1 0.7177083333333333 0.21041666666666667 0.009375 0.019166666666666665
1 0.8203125 0.22916666666666666 0.010416666666666666 0.023333333333333334
1 0.8953125 0.24875 0.009375 0.0275
1 0.9705729166666667 0.28833333333333333 0.0140625 0.03166666666666667
1 0.9322916666666666 0.2633333333333333 0.011458333333333333 0.03
