0 0.5096354166666667 0.43083333333333335 0.050520833333333334 0.13833333333333334
0 0.6674479166666667 0.3070833333333333 0.025520833333333333 0.06416666666666666
0 0.625 0.2833333333333333 0.015625 0.05333333333333334
0 0.46927083333333336 0.24291666666666667 0.0125 0.0425
0 0.3609375 0.21125 0.008333333333333333 0.029166666666666667
0 0.3390625 0.19416666666666665 0.008333333333333333 0.028333333333333332
0 0.38515625 0.18708333333333332 0.0078125 0.025833333333333333
0 0.8942708333333333 0.24875 0.008333333333333333 0.029166666666666667
0 0.7776041666666667 0.22875 0.007291666666666667 0.025833333333333333
1 0.98359375 0.3725 0.028645833333333332 0.06833333333333333
1 0.92109375 0.325 0.022395833333333334 0.06166666666666667
1 0.8166666666666667 0.28708333333333336 0.021875 0.049166666666666664
1 0.8466145833333333 0.24666666666666667 0.013020833333333334 0.03166666666666667
1 0.9177083333333333 0.26416666666666666 0.015625 0.03666666666666667
1 0.9729166666666667 0.2833333333333333 0.015625 0.03666666666666667
