0 0.33828125 0.5416666666666666 0.050520833333333334 0.16166666666666665
0 0.5057291666666667 0.2995833333333333 0.029166666666666667 0.07083333333333333
0 0.534375 0.2625 0.01875 0.05
0 0.5299479166666666 0.2375 0.022395833333333334 0.05
0 0.5177083333333333 0.20666666666666667 0.013541666666666667 0.041666666666666664
0 0.6203125 0.19833333333333333 0.013541666666666667 0.04
0 0.7192708333333333 0.20208333333333334 0.010416666666666666 0.034166666666666665
0 0.8466145833333333 0.22375 0.0109375 0.0275
1 0.928125 0.36041666666666666 0.03333333333333333 0.0825
1 0.8484375 0.2966666666666667 0.029166666666666667 0.06666666666666667
1 0.778125 0.26458333333333334 0.028125 0.0525
1 0.7354166666666667 0.24083333333333334 0.019791666666666666 0.04666666666666667
1 0.7645833333333333 0.23 0.016666666666666666 0.03833333333333333
1 0.8247395833333333 0.23583333333333334 0.0171875 0.04
1 0.9026041666666667 0.24333333333333335 0.016666666666666666 0.04
1 0.99375 0.25916666666666666 0.008333333333333333 0.03333333333333333
2 0.3106770833333333 0.5295833333333333 0.0953125 0.30083333333333334
2 0.35442708333333334 0.46291666666666664 0.07552083333333333 0.25416666666666665
