0 0.18359375 0.83875 0.1421875 0.29583333333333334
0 0.4739583333333333 0.2808333333333333 0.028125 0.06166666666666667
0 0.48333333333333334 0.2504166666666667 0.016666666666666666 0.049166666666666664
0 0.47109375 0.23125 0.016145833333333335 0.04083333333333333
0 0.44921875 0.20125 0.016145833333333335 0.0375
0 0.53359375 0.18791666666666668 0.011979166666666667 0.030833333333333334
0 0.625 0.1925 0.010416666666666666 0.03
0 0.7432291666666667 0.20541666666666666 0.008333333333333333 0.0275
0 0.8888020833333333 0.23125 0.009895833333333333 0.0275
1 0.9216145833333333 0.3854166666666667 0.03177083333333333 0.07916666666666666
1 0.8356770833333333 0.31958333333333333 0.027604166666666666 0.0675
1 0.75859375 0.26916666666666667 0.025520833333333333 0.055
1 0.6940104166666666 0.24666666666666667 0.021354166666666667 0.04
1 0.6494791666666667 0.225 0.015625 0.035
1 0.67265625 0.21625 0.0140625 0.0275
1 0.725 0.21666666666666667 0.014583333333333334 0.03166666666666667
1 0.7979166666666667 0.22541666666666665 0.014583333333333334 0.034166666666666665
1 0.9765625 0.26 0.013541666666666667 0.03
