0 0.4934895833333333 0.46 0.0578125 0.13666666666666666
0 0.6973958333333333 0.3104166666666667 0.019791666666666666 0.06416666666666666
0 0.69296875 0.2633333333333333 0.0140625 0.03833333333333333
0 0.5109375 0.20541666666666666 0.009375 0.025833333333333333
0 0.46875 0.19208333333333333 0.009375 0.029166666666666667
0 0.4869791666666667 0.18375 0.00625 0.0275
0 0.6036458333333333 0.18875 0.005208333333333333 0.0275
0 0.6971354166666667 0.20041666666666666 0.005729166666666666 0.0225
0 0.7716145833333333 0.21166666666666667 0.0046875 0.016666666666666666
0 0.8627604166666667 0.22958333333333333 0.0078125 0.020833333333333332
0 0.93125 0.24625 0.00625 0.019166666666666665
0 0.9940104166666667 0.2654166666666667 0.005729166666666666 0.024166666666666666
1 0.9885416666666667 0.37 0.020833333333333332 0.065
1 0.8875 0.29291666666666666 0.014583333333333334 0.04416666666666667
1 0.8098958333333334 0.26375 0.010416666666666666 0.0325
1 0.7528645833333333 0.24708333333333332 0.016145833333333335 0.03916666666666667
1 0.7111979166666667 0.22958333333333333 0.0140625 0.030833333333333334
1 0.6643229166666667 0.22 0.0140625 0.03
1 0.6169270833333333 0.21041666666666667 0.009895833333333333 0.025833333333333333
1 0.6473958333333333 0.19625 0.009375 0.0275
1 0.7015625 0.20416666666666666 0.007291666666666667 0.023333333333333334
1 0.7572916666666667 0.21458333333333332 0.007291666666666667 0.020833333333333332
1 0.8135416666666667 0.22333333333333333 0.008333333333333333 0.023333333333333334
1 0.8583333333333333 0.23416666666666666 0.008333333333333333 0.023333333333333334
1 0.89296875 0.24541666666666667 0.008854166666666666 0.0225
1 0.9020833333333333 0.25125 0.00625 0.0275
1 0.9369791666666667 0.265 0.011458333333333333 0.02666666666666667
1 0.9830729166666666 0.2966666666666667 0.0109375 0.03
