0 0.58203125 0.3854166666666667 0.0421875 0.09916666666666667
0 0.6278645833333333 0.28625 0.021354166666666667 0.05416666666666667
0 0.58125 0.2625 0.010416666666666666 0.041666666666666664
0 0.5763020833333333 0.18375 0.011979166666666667 0.019166666666666665
0 0.6786458333333333 0.19333333333333333 0.010416666666666666 0.021666666666666667
0 0.76015625 0.20541666666666666 0.005729166666666666 0.020833333333333332
0 0.8606770833333334 0.22625 0.009895833333333333 0.0225
0 0.9380208333333333 0.24625 0.007291666666666667 0.0225
1 0.8932291666666666 0.31916666666666665 0.022916666666666665 0.06
1 0.7927083333333333 0.27666666666666667 0.016666666666666666 0.041666666666666664
1 0.7244791666666667 0.2529166666666667 0.015625 0.04416666666666667
1 0.67578125 0.235 0.019270833333333334 0.035
1 0.6263020833333334 0.21666666666666667 0.016145833333333335 0.028333333333333332
1 0.5380208333333333 0.20208333333333334 0.0125 0.0275
1 0.5424479166666667 0.19208333333333333 0.0109375 0.024166666666666666
1 0.61953125 0.19166666666666668 0.0078125 0.023333333333333334
1 0.6815104166666667 0.20583333333333334 0.0078125 0.025
1 0.74296875 0.20958333333333334 0.009895833333333333 0.025833333333333333
1 0.80546875 0.21916666666666668 0.0078125 0.023333333333333334
1 0.85625 0.23291666666666666 0.005208333333333333 0.0225
1 0.8958333333333334 0.2425 0.00625 0.02666666666666667
1 0.9046875 0.24708333333333332 0.007291666666666667 0.0275
1 0.9494791666666667 0.26666666666666666 0.011458333333333333 0.03333333333333333
