0 0.32421875 0.5783333333333334 0.0515625 0.18166666666666667
0 0.51484375 0.3025 0.024479166666666666 0.07666666666666666
0 0.5481770833333334 0.26916666666666667 0.022395833333333334 0.06333333333333334
0 0.5424479166666667 0.24583333333333332 0.018229166666666668 0.05333333333333334
0 0.5330729166666667 0.21166666666666667 0.0203125 0.045
0 0.6377604166666667 0.19833333333333333 0.013020833333333334 0.03333333333333333
0 0.7372395833333333 0.21125 0.0078125 0.0275
0 0.8682291666666667 0.22458333333333333 0.010416666666666666 0.0275
1 0.9541666666666667 0.36666666666666664 0.035416666666666666 0.09166666666666666
1 0.8708333333333333 0.30625 0.021875 0.06916666666666667
1 0.7981770833333334 0.2704166666666667 0.019270833333333334 0.049166666666666664
1 0.7559895833333333 0.24791666666666667 0.019270833333333334 0.04583333333333333
1 0.7846354166666667 0.23625 0.0109375 0.034166666666666665
1 0.8440104166666667 0.2425 0.013020833333333334 0.03333333333333333
1 0.9252604166666667 0.25333333333333335 0.015104166666666667 0.041666666666666664
