0 0.6184895833333334 0.36125 0.04114583333333333 0.09916666666666667
0 0.7263020833333333 0.2875 0.015104166666666667 0.055
0 0.7505208333333333 0.2579166666666667 0.011458333333333333 0.04083333333333333
1 0.9705729166666667 0.34125 0.0265625 0.059166666666666666
0 0.8869791666666667 0.23666666666666666 0.009375 0.023333333333333334
1 0.8333333333333334 0.25458333333333333 0.015625 0.035833333333333335
0 0.9736979166666667 0.2604166666666667 0.008854166666666666 0.0225
1 0.9359375 0.29291666666666666 0.017708333333333333 0.04583333333333333
1 0.9002604166666667 0.275 0.0171875 0.03666666666666667
1 0.8497395833333333 0.23375 0.009895833333333333 0.0225
1 0.9049479166666666 0.24875 0.0109375 0.029166666666666667
1 0.9453125 0.25916666666666666 0.0125 0.03
1 0.9671875 0.26958333333333334 0.0125 0.0325
