0 0.2791666666666667 0.7179166666666666 0.09479166666666666 0.25083333333333335
0 0.6658854166666667 0.33875 0.030729166666666665 0.08083333333333333
0 0.75546875 0.275 0.016145833333333335 0.04666666666666667
0 0.7744791666666667 0.24916666666666668 0.010416666666666666 0.03833333333333333
1 0.9809895833333333 0.3254166666666667 0.0234375 0.0625
0 0.9036458333333334 0.22875 0.010416666666666666 0.0275
1 0.8520833333333333 0.24625 0.014583333333333334 0.034166666666666665
0 0.9893229166666667 0.2529166666666667 0.009895833333333333 0.024166666666666666
1 0.9484375 0.2833333333333333 0.017708333333333333 0.041666666666666664
1 0.9153645833333334 0.2683333333333333 0.0140625 0.03666666666666667
1 0.8682291666666667 0.22583333333333333 0.008333333333333333 0.028333333333333332
1 0.9213541666666667 0.24125 0.011458333333333333 0.0275
1 0.9609375 0.25375 0.014583333333333334 0.0325
1 0.9815104166666667 0.2633333333333333 0.0109375 0.03
