0 0.11588541666666667 0.78375 0.1171875 0.2775
0 0.6981770833333333 0.36833333333333335 0.0328125 0.09
0 0.7723958333333333 0.2945833333333333 0.019791666666666666 0.0525
0 0.8161458333333333 0.26875 0.011458333333333333 0.04083333333333333
0 0.8255208333333334 0.2525 0.005208333333333333 0.03166666666666667
1 0.9791666666666666 0.30291666666666667 0.017708333333333333 0.0425
0 0.934375 0.245 0.008333333333333333 0.021666666666666667
1 0.88671875 0.25708333333333333 0.013020833333333334 0.029166666666666667
1 0.9635416666666666 0.28291666666666665 0.014583333333333334 0.0375
1 0.9380208333333333 0.27 0.013541666666666667 0.03
1 0.9010416666666666 0.245 0.009375 0.025
1 0.94765625 0.25375 0.0109375 0.0275
1 0.98203125 0.26458333333333334 0.0109375 0.029166666666666667
