0 0.5802083333333333 0.38458333333333333 0.03854166666666667 0.0975
0 0.6270833333333333 0.2866666666666667 0.017708333333333333 0.06166666666666667
1 0.725 0.2529166666666667 0.019791666666666666 0.04583333333333333
1 0.89375 0.3204166666666667 0.022916666666666665 0.059166666666666666
1 0.79140625 0.275 0.021354166666666667 0.051666666666666666
0 0.5778645833333333 0.2608333333333333 0.0171875 0.04833333333333333
1 0.6778645833333333 0.23666666666666666 0.018229166666666668 0.041666666666666664
0 0.7604166666666666 0.20541666666666666 0.008333333333333333 0.019166666666666665
0 0.57578125 0.18416666666666667 0.008854166666666666 0.021666666666666667
1 0.62578125 0.21791666666666668 0.015104166666666667 0.034166666666666665
1 0.5763020833333333 0.21083333333333334 0.011979166666666667 0.03666666666666667
0 0.8625 0.22541666666666665 0.007291666666666667 0.025833333333333333
0 0.9395833333333333 0.24458333333333335 0.010416666666666666 0.024166666666666666
1 0.5369791666666667 0.2 0.0125 0.028333333333333332
1 0.7440104166666667 0.20875 0.011979166666666667 0.0275
1 0.8059895833333334 0.22 0.008854166666666666 0.03
1 0.89765625 0.24333333333333335 0.0109375 0.02666666666666667
1 0.8575520833333333 0.23125 0.009895833333333333 0.0275
1 0.6197916666666666 0.19458333333333333 0.0125 0.024166666666666666
1 0.9065104166666667 0.2504166666666667 0.0109375 0.0275
1 0.95078125 0.27208333333333334 0.016145833333333335 0.0375
2 0.5908854166666667 0.25166666666666665 0.022395833333333334 0.075
2 0.5723958333333333 0.24708333333333332 0.016666666666666666 0.0775
2 0.8057291666666667 0.2704166666666667 0.021875 0.06416666666666666
2 0.7817708333333333 0.2608333333333333 0.020833333333333332 0.06666666666666667
