0 0.5151041666666667 0.44 0.051041666666666666 0.12666666666666668
0 0.7018229166666666 0.3075 0.0203125 0.06
0 0.6958333333333333 0.26166666666666666 0.0125 0.04
1 0.9869791666666666 0.3729166666666667 0.022916666666666665 0.07083333333333333
1 0.8880208333333334 0.2925 0.017708333333333333 0.045
1 0.7552083333333334 0.24666666666666667 0.015625 0.035
1 0.809375 0.2625 0.015625 0.035
0 0.5161458333333333 0.20416666666666666 0.013541666666666667 0.028333333333333332
0 0.4734375 0.19208333333333333 0.009375 0.024166666666666666
0 0.48984375 0.18375 0.008854166666666666 0.0225
0 0.6057291666666667 0.18583333333333332 0.00625 0.021666666666666667
0 0.6984375 0.19833333333333333 0.007291666666666667 0.018333333333333333
0 0.7723958333333333 0.21125 0.00625 0.020833333333333332
0 0.86328125 0.22958333333333333 0.0067708333333333336 0.024166666666666666
0 0.9325520833333333 0.24791666666666667 0.008854166666666666 0.0225
0 0.9955729166666667 0.2654166666666667 0.0067708333333333336 0.024166666666666666
1 0.7130208333333333 0.2325 0.016666666666666666 0.035
1 0.6666666666666666 0.21791666666666668 0.014583333333333334 0.030833333333333334
1 0.621875 0.21083333333333334 0.0125 0.03
1 0.65 0.19958333333333333 0.010416666666666666 0.029166666666666667
1 0.7033854166666667 0.20458333333333334 0.008854166666666666 0.0225
1 0.8153645833333333 0.22458333333333333 0.0109375 0.025833333333333333
1 0.8953125 0.24541666666666667 0.008333333333333333 0.024166666666666666
1 0.903125 0.24916666666666668 0.010416666666666666 0.03166666666666667
1 0.9838541666666667 0.29541666666666666 0.016666666666666666 0.035833333333333335
1 0.9390625 0.26666666666666666 0.0125 0.03
1 0.75859375 0.21375 0.0078125 0.0225
