0 0.5859375 0.4 0.03958333333333333 0.10333333333333333
0 0.7197916666666667 0.3 0.01875 0.055
0 0.7106770833333333 0.26416666666666666 0.013020833333333334 0.043333333333333335
0 0.5338541666666666 0.21291666666666667 0.0125 0.0275
0 0.48984375 0.19583333333333333 0.011979166666666667 0.03
0 0.50546875 0.18875 0.009895833333333333 0.024166666666666666
0 0.54765625 0.19041666666666668 0.0078125 0.019166666666666665
0 0.7059895833333333 0.20666666666666667 0.005729166666666666 0.023333333333333334
0 0.7770833333333333 0.215 0.008333333333333333 0.021666666666666667
0 0.8666666666666667 0.23541666666666666 0.007291666666666667 0.020833333333333332
0 0.9317708333333333 0.24833333333333332 0.007291666666666667 0.016666666666666666
0 0.9927083333333333 0.2708333333333333 0.007291666666666667 0.021666666666666667
1 0.97734375 0.35541666666666666 0.025520833333333333 0.0625
1 0.8890625 0.29291666666666666 0.017708333333333333 0.0375
1 0.81484375 0.2658333333333333 0.016145833333333335 0.03166666666666667
1 0.7638020833333333 0.2475 0.0140625 0.03333333333333333
1 0.7229166666666667 0.23583333333333334 0.013541666666666667 0.03333333333333333
1 0.6776041666666667 0.22 0.013541666666666667 0.025
1 0.6580729166666667 0.20291666666666666 0.008854166666666666 0.025833333333333333
1 0.7635416666666667 0.21791666666666668 0.007291666666666667 0.019166666666666665
1 0.8177083333333334 0.22833333333333333 0.008333333333333333 0.028333333333333332
1 0.8622395833333333 0.2375 0.0067708333333333336 0.02
1 0.89609375 0.2475 0.0078125 0.02
1 0.9020833333333333 0.25125 0.008333333333333333 0.025833333333333333
1 0.9375 0.26625 0.013541666666666667 0.0275
1 0.9796875 0.29333333333333333 0.010416666666666666 0.03166666666666667
