0 0.64296875 0.38 0.034895833333333334 0.09
0 0.7802083333333333 0.30291666666666667 0.022916666666666665 0.0575
0 0.81796875 0.26916666666666667 0.0140625 0.04
0 0.84765625 0.255 0.008854166666666666 0.03333333333333333
0 0.8552083333333333 0.24666666666666667 0.008333333333333333 0.025
1 0.9885416666666667 0.30875 0.01875 0.04416666666666667
1 0.9768229166666667 0.28625 0.011979166666666667 0.0325
1 0.96875 0.26916666666666667 0.010416666666666666 0.03166666666666667
1 0.94921875 0.2604166666666667 0.011979166666666667 0.029166666666666667
1 0.9065104166666667 0.24916666666666668 0.009895833333333333 0.028333333333333332
1 0.9205729166666666 0.24166666666666667 0.009895833333333333 0.023333333333333334
