0 0.18359375 0.83 0.11822916666666666 0.2783333333333333
0 0.4713541666666667 0.27875 0.03125 0.06583333333333333
0 0.48333333333333334 0.24833333333333332 0.015625 0.051666666666666666
0 0.4671875 0.22958333333333333 0.021875 0.04416666666666667
0 0.4479166666666667 0.2 0.013541666666666667 0.04
0 0.53515625 0.18666666666666668 0.009895833333333333 0.03166666666666667
0 0.62421875 0.1925 0.011979166666666667 0.03166666666666667
0 0.7434895833333334 0.20333333333333334 0.008854166666666666 0.03
0 0.88671875 0.22958333333333333 0.0109375 0.030833333333333334
1 0.9197916666666667 0.3854166666666667 0.035416666666666666 0.0875
1 0.8341145833333333 0.31708333333333333 0.028645833333333332 0.07083333333333333
1 0.7606770833333333 0.2708333333333333 0.022395833333333334 0.058333333333333334
1 0.69296875 0.24375 0.022395833333333334 0.049166666666666664
1 0.6497395833333334 0.22416666666666665 0.016145833333333335 0.043333333333333335
1 0.6723958333333333 0.21541666666666667 0.016666666666666666 0.0375
1 0.7239583333333334 0.21833333333333332 0.015625 0.03
1 0.7984375 0.22208333333333333 0.014583333333333334 0.0375
1 0.8848958333333333 0.23916666666666667 0.0125 0.03333333333333333
1 0.9760416666666667 0.2575 0.0125 0.03333333333333333
2 0.43020833333333336 0.43291666666666667 0.07604166666666666 0.2325
