0 0.5153645833333333 0.5191666666666667 0.06302083333333333 0.16166666666666665
0 0.7333333333333333 0.33 0.029166666666666667 0.07166666666666667
0 0.8229166666666666 0.29083333333333333 0.016666666666666666 0.045
0 0.8510416666666667 0.265 0.011458333333333333 0.03333333333333333
0 0.87421875 0.25375 0.008854166666666666 0.0275
0 0.8822916666666667 0.25 0.009375 0.02666666666666667
1 0.99140625 0.28291666666666665 0.0109375 0.030833333333333334
1 0.9880208333333333 0.26625 0.010416666666666666 0.025833333333333333
1 0.9692708333333333 0.26166666666666666 0.011458333333333333 0.02666666666666667
1 0.9286458333333333 0.25 0.010416666666666666 0.025
