0 0.46588541666666666 0.3383333333333333 0.03802083333333333 0.09
0 0.06953125 0.8245833333333333 0.11302083333333333 0.2775
0 0.5135416666666667 0.28833333333333333 0.026041666666666668 0.06333333333333334
0 0.5125 0.26125 0.022916666666666665 0.0525
0 0.50703125 0.22041666666666668 0.0203125 0.0475
0 0.62421875 0.21083333333333334 0.0140625 0.03166666666666667
1 0.98125 0.4195833333333333 0.034375 0.0975
1 0.8794270833333333 0.33166666666666667 0.025520833333333333 0.06833333333333333
1 0.79765625 0.29125 0.024479166666666666 0.0575
1 0.7484375 0.26208333333333333 0.020833333333333332 0.050833333333333335
1 0.7802083333333333 0.25083333333333335 0.01875 0.043333333333333335
1 0.8432291666666667 0.25625 0.015625 0.03916666666666667
1 0.9265625 0.265 0.016666666666666666 0.035
0 0.7291666666666666 0.2175 0.013541666666666667 0.03333333333333333
0 0.865625 0.24 0.013541666666666667 0.03
2 0.11744791666666667 0.66875 0.11822916666666666 0.4041666666666667
