0 0.6166666666666667 0.36125 0.0375 0.08083333333333333
0 0.6424479166666667 0.27708333333333335 0.013020833333333334 0.05416666666666667
1 0.7294270833333333 0.25416666666666665 0.021354166666666667 0.043333333333333335
1 0.8859375 0.3145833333333333 0.022916666666666665 0.05583333333333333
1 0.7932291666666667 0.2775 0.01875 0.05
0 0.5963541666666666 0.25708333333333333 0.013541666666666667 0.04583333333333333
1 0.6833333333333333 0.23916666666666667 0.016666666666666666 0.04
0 0.42083333333333334 0.19416666666666665 0.010416666666666666 0.028333333333333332
0 0.759375 0.21 0.007291666666666667 0.02
1 0.6328125 0.22208333333333333 0.015625 0.035833333333333335
1 0.58515625 0.21541666666666667 0.016145833333333335 0.030833333333333334
0 0.85859375 0.23125 0.009895833333333333 0.0225
0 0.9330729166666667 0.25166666666666665 0.009895833333333333 0.02666666666666667
1 0.5455729166666666 0.20375 0.0109375 0.0275
1 0.7440104166666667 0.21416666666666667 0.009895833333333333 0.03
1 0.8033854166666666 0.225 0.0109375 0.025
1 0.8924479166666667 0.24833333333333332 0.0109375 0.028333333333333332
1 0.8541666666666666 0.23791666666666667 0.009375 0.024166666666666666
1 0.6236979166666666 0.2 0.011979166666666667 0.025
1 0.9005208333333333 0.25166666666666665 0.009375 0.03
1 0.9419270833333333 0.27208333333333334 0.015104166666666667 0.030833333333333334
2 0.60625 0.25083333333333335 0.017708333333333333 0.07333333333333333
2 0.58984375 0.245 0.019270833333333334 0.06166666666666667
2 0.8059895833333334 0.2679166666666667 0.0203125 0.0675
2 0.7838541666666666 0.26208333333333333 0.020833333333333332 0.0725
