0 0.6046875 0.4066666666666667 0.03958333333333333 0.10833333333333334
0 0.728125 0.3 0.023958333333333335 0.055
0 0.7731770833333333 0.26666666666666666 0.016145833333333335 0.03833333333333333
0 0.5934895833333333 0.19208333333333333 0.0067708333333333336 0.0225
0 0.7307291666666667 0.20583333333333334 0.00625 0.018333333333333333
0 0.79375 0.2175 0.00625 0.02
0 0.87265625 0.22916666666666666 0.008854166666666666 0.023333333333333334
0 0.93125 0.245 0.005208333333333333 0.021666666666666667
0 0.9825520833333333 0.2675 0.008854166666666666 0.023333333333333334
1 0.9479166666666666 0.30541666666666667 0.013541666666666667 0.03916666666666667
1 0.8903645833333333 0.27125 0.0140625 0.0325
1 0.7890625 0.24083333333333334 0.013541666666666667 0.028333333333333332
1 0.7541666666666667 0.23 0.011458333333333333 0.028333333333333332
1 0.7833333333333333 0.21541666666666667 0.005208333333333333 0.015833333333333335
1 0.9888020833333333 0.29333333333333333 0.011979166666666667 0.03
1 0.96484375 0.2733333333333333 0.008854166666666666 0.025
1 0.9328125 0.25708333333333333 0.010416666666666666 0.019166666666666665
1 0.9052083333333333 0.24333333333333335 0.008333333333333333 0.016666666666666666
1 0.8997395833333334 0.24333333333333335 0.0078125 0.02
