0 0.4708333333333333 0.47833333333333333 0.04791666666666667 0.145
0 0.6919270833333333 0.31583333333333335 0.0234375 0.06166666666666667
0 0.6875 0.26875 0.014583333333333334 0.0425
1 0.7510416666666667 0.24958333333333332 0.014583333333333334 0.0375
1 0.8869791666666667 0.29541666666666666 0.01875 0.0475
1 0.8078125 0.26625 0.014583333333333334 0.034166666666666665
0 0.5088541666666667 0.20375 0.0125 0.0275
0 0.4666666666666667 0.19083333333333333 0.009375 0.028333333333333332
0 0.48463541666666665 0.18208333333333335 0.0067708333333333336 0.0225
0 0.60234375 0.18583333333333332 0.0078125 0.018333333333333333
0 0.69609375 0.20125 0.008854166666666666 0.019166666666666665
0 0.7700520833333333 0.21125 0.005729166666666666 0.020833333333333332
0 0.8622395833333333 0.22708333333333333 0.0078125 0.0225
0 0.9322916666666666 0.24916666666666668 0.00625 0.021666666666666667
0 0.9947916666666666 0.27 0.005208333333333333 0.02
1 0.7080729166666667 0.23458333333333334 0.016145833333333335 0.0375
1 0.6614583333333334 0.22 0.013541666666666667 0.035
1 0.6151041666666667 0.21166666666666667 0.014583333333333334 0.03166666666666667
1 0.6453125 0.2 0.010416666666666666 0.028333333333333332
1 0.6997395833333333 0.20875 0.008854166666666666 0.0175
1 0.8130208333333333 0.22375 0.009375 0.0275
1 0.8942708333333333 0.24791666666666667 0.011458333333333333 0.025833333333333333
1 0.9020833333333333 0.25 0.011458333333333333 0.02666666666666667
1 0.9856770833333334 0.29875 0.0171875 0.0375
1 0.9390625 0.2675 0.013541666666666667 0.035
1 0.7567708333333333 0.21458333333333332 0.009375 0.024166666666666666
2 0.6526041666666667 0.24333333333333335 0.015625 0.05
2 0.6388020833333333 0.23708333333333334 0.016145833333333335 0.050833333333333335
2 0.81875 0.26125 0.015625 0.0575
2 0.8 0.2529166666666667 0.017708333333333333 0.05416666666666667
