0 0.4393229166666667 0.5145833333333333 0.06302083333333333 0.16416666666666666
0 0.59453125 0.3179166666666667 0.025520833333333333 0.06916666666666667
1 0.7333333333333333 0.2679166666666667 0.021875 0.0525
0 0.478125 0.23208333333333334 0.015625 0.04083333333333333
0 0.4544270833333333 0.22041666666666668 0.016145833333333335 0.03916666666666667
0 0.43020833333333336 0.18041666666666667 0.009375 0.029166666666666667
0 0.4934895833333333 0.18291666666666667 0.009895833333333333 0.0275
0 0.5846354166666666 0.18458333333333332 0.0078125 0.029166666666666667
0 0.7828125 0.20958333333333334 0.010416666666666666 0.020833333333333332
1 0.93359375 0.3575 0.028645833333333332 0.06833333333333333
1 0.8091145833333333 0.2966666666666667 0.024479166666666666 0.05333333333333334
1 0.6809895833333334 0.24583333333333332 0.019270833333333334 0.045
1 0.6265625 0.22541666666666665 0.016666666666666666 0.0375
1 0.5755208333333334 0.21791666666666668 0.016666666666666666 0.030833333333333334
1 0.53515625 0.20541666666666666 0.011979166666666667 0.0325
1 0.5427083333333333 0.19916666666666666 0.0125 0.03333333333333333
1 0.5768229166666666 0.1975 0.013020833333333334 0.02666666666666667
1 0.63046875 0.19791666666666666 0.013020833333333334 0.0275
1 0.76484375 0.21625 0.0140625 0.025833333333333333
1 0.83125 0.2275 0.010416666666666666 0.03
1 0.9302083333333333 0.25375 0.011458333333333333 0.0325
1 0.6966145833333334 0.20583333333333334 0.008854166666666666 0.025
1 0.9416666666666667 0.25958333333333333 0.011458333333333333 0.030833333333333334
1 0.8872395833333333 0.24291666666666667 0.0109375 0.025833333333333333
0 0.8911458333333333 0.235 0.011458333333333333 0.025
0 0.9765625 0.25708333333333333 0.010416666666666666 0.025833333333333333
2 0.56171875 0.27 0.0265625 0.08666666666666667
2 0.54296875 0.26 0.0234375 0.085
2 0.8260416666666667 0.28791666666666665 0.027083333333333334 0.08583333333333333
2 0.7971354166666667 0.28041666666666665 0.0234375 0.08083333333333333
