0 0.4666666666666667 0.31958333333333333 0.036458333333333336 0.0875
0 0.22317708333333333 0.6804166666666667 0.07552083333333333 0.21416666666666667
0 0.49947916666666664 0.27666666666666667 0.021875 0.058333333333333334
0 0.496875 0.24708333333333332 0.019791666666666666 0.0475
0 0.4869791666666667 0.21625 0.015625 0.0425
0 0.5963541666666666 0.19958333333333333 0.015625 0.03916666666666667
1 0.9354166666666667 0.38458333333333333 0.035416666666666666 0.0975
1 0.8419270833333333 0.31 0.027604166666666666 0.065
1 0.76484375 0.27291666666666664 0.024479166666666666 0.0575
1 0.7171875 0.24708333333333332 0.019791666666666666 0.050833333333333335
1 0.7466145833333333 0.23541666666666666 0.018229166666666668 0.04083333333333333
1 0.8078125 0.24 0.014583333333333334 0.041666666666666664
1 0.8895833333333333 0.25083333333333335 0.017708333333333333 0.04
1 0.98671875 0.26708333333333334 0.0140625 0.035833333333333335
0 0.6984375 0.20541666666666666 0.010416666666666666 0.035833333333333335
0 0.83046875 0.22416666666666665 0.013020833333333334 0.03166666666666667
2 0.16536458333333334 0.6854166666666667 0.1296875 0.4091666666666667
2 0.23671875 0.5658333333333333 0.10260416666666666 0.33
