0 0.2877604166666667 0.5970833333333333 0.0734375 0.19416666666666665
0 0.6208333333333333 0.3375 0.030208333333333334 0.075
0 0.5791666666666667 0.30541666666666667 0.022916666666666665 0.060833333333333336
0 0.4078125 0.25333333333333335 0.017708333333333333 0.04833333333333333
0 0.29973958333333334 0.2175 0.013020833333333334 0.035
0 0.2875 0.19708333333333333 0.008333333333333333 0.030833333333333334
0 0.34739583333333335 0.18875 0.008333333333333333 0.0325
0 0.8986979166666667 0.255 0.0109375 0.03333333333333333
0 0.7739583333333333 0.23166666666666666 0.010416666666666666 0.02666666666666667
1 0.9333333333333333 0.3525 0.028125 0.07
1 0.8104166666666667 0.30583333333333335 0.025 0.055
1 0.846875 0.25333333333333335 0.014583333333333334 0.03833333333333333
1 0.9234375 0.275 0.016666666666666666 0.035
1 0.9841145833333333 0.295 0.016145833333333335 0.04
