0 0.5924479166666666 0.37125 0.03697916666666667 0.10083333333333333
0 0.6911458333333333 0.28958333333333336 0.019791666666666666 0.050833333333333335
0 0.6471354166666666 0.27 0.0171875 0.041666666666666664
0 0.5049479166666667 0.23333333333333334 0.0171875 0.03833333333333333
0 0.9919270833333333 0.27541666666666664 0.008854166666666666 0.0375
0 0.8869791666666667 0.24125 0.011458333333333333 0.0275
0 0.77734375 0.22458333333333333 0.0078125 0.020833333333333332
1 0.9885416666666667 0.29041666666666666 0.014583333333333334 0.029166666666666667
1 0.9596354166666666 0.2725 0.011979166666666667 0.02666666666666667
1 0.90859375 0.25625 0.009895833333333333 0.0275
1 0.84140625 0.24041666666666667 0.0109375 0.025833333333333333
1 0.96484375 0.3425 0.024479166666666666 0.06
1 0.9091145833333333 0.30666666666666664 0.0203125 0.04833333333333333
1 0.8153645833333333 0.2733333333333333 0.0203125 0.043333333333333335
