0 0.4671875 0.32708333333333334 0.034375 0.08916666666666667
0 0.17083333333333334 0.73125 0.084375 0.2325
0 0.5049479166666667 0.2816666666666667 0.019270833333333334 0.056666666666666664
0 0.5036458333333333 0.2504166666666667 0.01875 0.050833333333333335
0 0.49557291666666664 0.2175 0.0171875 0.045
0 0.6059895833333333 0.20625 0.0140625 0.034166666666666665
1 0.953125 0.39916666666666667 0.034375 0.09666666666666666
1 0.8565104166666667 0.31916666666666665 0.027604166666666666 0.06833333333333333
1 0.7765625 0.27791666666666665 0.027083333333333334 0.059166666666666666
1 0.7294270833333333 0.2525 0.018229166666666668 0.051666666666666666
1 0.7606770833333333 0.24083333333333334 0.018229166666666668 0.045
1 0.821875 0.24583333333333332 0.017708333333333333 0.041666666666666664
1 0.90390625 0.25625 0.016145833333333335 0.035833333333333335
0 0.7106770833333333 0.21125 0.013020833333333334 0.0325
0 0.8434895833333333 0.23166666666666666 0.011979166666666667 0.03333333333333333
2 0.10494791666666667 0.73875 0.1421875 0.4508333333333333
2 0.1953125 0.60125 0.11666666666666667 0.35083333333333333
