0 0.11666666666666667 0.7470833333333333 0.090625 0.2608333333333333
1 0.8877604166666667 0.38166666666666665 0.04010416666666667 0.09166666666666666
0 0.45677083333333335 0.2808333333333333 0.028125 0.06333333333333334
0 0.46979166666666666 0.24875 0.021875 0.050833333333333335
0 0.46119791666666665 0.22958333333333333 0.016145833333333335 0.04583333333333333
0 0.44140625 0.20583333333333334 0.0140625 0.041666666666666664
0 0.53046875 0.19041666666666668 0.011979166666666667 0.034166666666666665
0 0.6208333333333333 0.19416666666666665 0.014583333333333334 0.03166666666666667
0 0.7390625 0.2075 0.009375 0.03
0 0.8807291666666667 0.23333333333333334 0.013541666666666667 0.028333333333333332
1 0.8127604166666667 0.3179166666666667 0.033854166666666664 0.0725
1 0.7479166666666667 0.2708333333333333 0.026041666666666668 0.06
1 0.6830729166666667 0.24666666666666667 0.0234375 0.041666666666666664
1 0.64140625 0.22833333333333333 0.016145833333333335 0.041666666666666664
1 0.6666666666666666 0.21791666666666668 0.017708333333333333 0.034166666666666665
1 0.7200520833333334 0.22125 0.018229166666666668 0.0375
1 0.7927083333333333 0.2275 0.016666666666666666 0.035
1 0.8794270833333333 0.24083333333333334 0.0140625 0.03166666666666667
1 0.9697916666666667 0.26125 0.014583333333333334 0.034166666666666665
2 0.3885416666666667 0.41458333333333336 0.06666666666666667 0.2125
2 0.39921875 0.3804166666666667 0.049479166666666664 0.1875
0 0.9940104166666667 0.2579166666666667 0.009895833333333333 0.0275
