0 0.46770833333333334 0.4220833333333333 0.042708333333333334 0.10916666666666666
0 0.4479166666666667 0.35208333333333336 0.025 0.08416666666666667
0 0.2565104166666667 0.27958333333333335 0.0234375 0.060833333333333336
0 0.15807291666666667 0.23291666666666666 0.016145833333333335 0.04416666666666667
0 0.17239583333333333 0.2025 0.016666666666666666 0.041666666666666664
0 0.2578125 0.19625 0.010416666666666666 0.035833333333333335
0 0.3640625 0.19041666666666668 0.009375 0.0275
0 0.49583333333333335 0.19625 0.009375 0.0225
0 0.6205729166666667 0.21458333333333332 0.008854166666666666 0.029166666666666667
0 0.7526041666666666 0.23208333333333334 0.008333333333333333 0.0275
0 0.8890625 0.25958333333333333 0.015625 0.029166666666666667
1 0.9893229166666667 0.3070833333333333 0.0140625 0.03916666666666667
1 0.91875 0.28 0.015625 0.04
1 0.8317708333333333 0.25458333333333333 0.0125 0.034166666666666665
1 0.7401041666666667 0.24083333333333334 0.0125 0.03
1 0.6458333333333334 0.22541666666666665 0.008333333333333333 0.030833333333333334
1 0.55546875 0.22208333333333333 0.009895833333333333 0.030833333333333334
1 0.47552083333333334 0.21458333333333332 0.009375 0.024166666666666666
1 0.41692708333333334 0.21875 0.008854166666666666 0.030833333333333334
1 0.38984375 0.22625 0.008854166666666666 0.0325
1 0.41354166666666664 0.24166666666666667 0.009375 0.03
1 0.5283854166666667 0.27291666666666664 0.0203125 0.05416666666666667
1 0.78125 0.33375 0.029166666666666667 0.07083333333333333
1 0.94453125 0.41458333333333336 0.04010416666666667 0.09416666666666666
