0 0.60546875 0.3675 0.033854166666666664 0.09
0 0.6411458333333333 0.28458333333333335 0.019791666666666666 0.049166666666666664
0 0.4161458333333333 0.19083333333333333 0.011458333333333333 0.02666666666666667
0 0.7588541666666667 0.2075 0.009375 0.025
0 0.8578125 0.225 0.010416666666666666 0.025
0 0.934375 0.24791666666666667 0.0125 0.0225
1 0.8893229166666666 0.3120833333333333 0.024479166666666666 0.05416666666666667
1 0.7921875 0.275 0.019791666666666666 0.043333333333333335
1 0.72734375 0.255 0.018229166666666668 0.04
0 0.5916666666666667 0.26125 0.010416666666666666 0.0375
1 0.68203125 0.23583333333333334 0.015104166666666667 0.043333333333333335
1 0.6299479166666667 0.22 0.0140625 0.035
1 0.57890625 0.2125 0.011979166666666667 0.02666666666666667
1 0.5421875 0.20166666666666666 0.010416666666666666 0.025
1 0.6221354166666667 0.19625 0.0067708333333333336 0.0275
1 0.6809895833333334 0.2025 0.008854166666666666 0.02
1 0.7432291666666667 0.21291666666666667 0.008333333333333333 0.025833333333333333
1 0.8033854166666666 0.22125 0.0067708333333333336 0.025833333333333333
1 0.8916666666666667 0.24416666666666667 0.008333333333333333 0.021666666666666667
1 0.9005208333333333 0.24875 0.009375 0.030833333333333334
1 0.9434895833333333 0.27375 0.0109375 0.0275
