0 0.5919270833333333 0.41208333333333336 0.04114583333333333 0.1125
0 0.77265625 0.30625 0.022395833333333334 0.06416666666666666
0 0.8151041666666666 0.26416666666666666 0.014583333333333334 0.045
0 0.846875 0.2504166666666667 0.010416666666666666 0.0325
0 0.8546875 0.23958333333333334 0.008333333333333333 0.0325
1 0.9838541666666667 0.2833333333333333 0.013541666666666667 0.03666666666666667
0 0.9533854166666667 0.235 0.0067708333333333336 0.025
1 0.90859375 0.24333333333333335 0.011979166666666667 0.02666666666666667
1 0.9747395833333333 0.2654166666666667 0.011979166666666667 0.0325
1 0.9528645833333333 0.25708333333333333 0.011979166666666667 0.030833333333333334
1 0.9234375 0.23416666666666666 0.008333333333333333 0.023333333333333334
