0 0.6432291666666666 0.40791666666666665 0.042708333333333334 0.10916666666666666
0 0.7494791666666667 0.29791666666666666 0.022916666666666665 0.060833333333333336
0 0.8 0.26666666666666666 0.013541666666666667 0.045
0 0.8119791666666667 0.24916666666666668 0.011458333333333333 0.03
1 0.9794270833333333 0.30083333333333334 0.018229166666666668 0.04666666666666667
0 0.9265625 0.23208333333333334 0.007291666666666667 0.020833333333333332
1 0.8776041666666666 0.24458333333333335 0.014583333333333334 0.030833333333333334
1 0.9596354166666666 0.2725 0.015104166666666667 0.035
1 0.9333333333333333 0.26375 0.015625 0.030833333333333334
1 0.89296875 0.23125 0.0109375 0.0275
1 0.9416666666666667 0.24208333333333334 0.010416666666666666 0.025833333333333333
1 0.9770833333333333 0.25375 0.011458333333333333 0.025833333333333333
