0 0.4635416666666667 0.36083333333333334 0.04375 0.09833333333333333
0 0.52578125 0.30375 0.025520833333333333 0.07416666666666667
0 0.5317708333333333 0.2725 0.020833333333333332 0.056666666666666664
0 0.5294270833333333 0.23708333333333334 0.016145833333333335 0.050833333333333335
0 0.6528645833333333 0.22083333333333333 0.0140625 0.04
1 0.9200520833333333 0.3541666666666667 0.03177083333333333 0.075
1 0.8328125 0.3075 0.026041666666666668 0.06333333333333334
1 0.7822916666666667 0.275 0.019791666666666666 0.05333333333333334
1 0.8151041666666666 0.26208333333333333 0.020833333333333332 0.0475
1 0.88125 0.26916666666666667 0.017708333333333333 0.043333333333333335
1 0.9692708333333333 0.28125 0.01875 0.0375
0 0.7645833333333333 0.22833333333333333 0.014583333333333334 0.035
0 0.9046875 0.25125 0.014583333333333334 0.0325
