0 0.56328125 0.39166666666666666 0.0453125 0.10833333333333334
0 0.70546875 0.30125 0.019270833333333334 0.05416666666666667
0 0.734375 0.26666666666666666 0.016666666666666666 0.041666666666666664
0 0.6971354166666667 0.25375 0.009895833333333333 0.025833333333333333
0 0.5825520833333333 0.22625 0.008854166666666666 0.029166666666666667
1 0.96953125 0.35625 0.027604166666666666 0.06416666666666666
0 0.8765625 0.24208333333333334 0.008333333333333333 0.025833333333333333
1 0.82109375 0.2608333333333333 0.0140625 0.03666666666666667
0 0.9653645833333333 0.2658333333333333 0.008854166666666666 0.025
1 0.9286458333333333 0.3025 0.017708333333333333 0.045
1 0.8916666666666667 0.2808333333333333 0.017708333333333333 0.04666666666666667
1 0.8375 0.23666666666666666 0.007291666666666667 0.023333333333333334
1 0.8953125 0.255 0.011458333333333333 0.03
1 0.9369791666666667 0.2658333333333333 0.013541666666666667 0.03166666666666667
1 0.95859375 0.275 0.013020833333333334 0.035
1 0.9890625 0.29583333333333334 0.014583333333333334 0.035
