0 0.5458333333333333 0.40458333333333335 0.041666666666666664 0.1125
0 0.6765625 0.2991666666666667 0.019791666666666666 0.058333333333333334
0 0.6346354166666667 0.27625 0.016145833333333335 0.0475
0 0.4830729166666667 0.23708333333333334 0.013020833333333334 0.03916666666666667
0 0.3768229166666667 0.20791666666666667 0.0067708333333333336 0.035833333333333335
0 0.8911458333333333 0.24375 0.008333333333333333 0.0275
0 0.7778645833333333 0.225 0.009895833333333333 0.03
1 0.9776041666666667 0.35875 0.03125 0.0725
1 0.9169270833333333 0.31708333333333333 0.0234375 0.059166666666666666
1 0.8171875 0.27791666666666665 0.01875 0.049166666666666664
1 0.8455729166666667 0.24041666666666667 0.008854166666666666 0.029166666666666667
1 0.91328125 0.26 0.015104166666666667 0.035
1 0.96796875 0.27708333333333335 0.0140625 0.034166666666666665
