0 0.525 0.3875 0.04375 0.09666666666666666
0 0.49166666666666664 0.3308333333333333 0.028125 0.07333333333333333
0 0.3065104166666667 0.27125 0.0203125 0.059166666666666666
0 0.20260416666666667 0.22458333333333333 0.011458333333333333 0.03916666666666667
0 0.20625 0.19708333333333333 0.011458333333333333 0.0375
0 0.2864583333333333 0.19125 0.009375 0.0325
0 0.8916666666666667 0.25708333333333333 0.010416666666666666 0.030833333333333334
0 0.7580729166666667 0.23166666666666666 0.009895833333333333 0.02666666666666667
1 0.9393229166666667 0.3933333333333333 0.0359375 0.085
1 0.790625 0.3229166666666667 0.022916666666666665 0.0675
1 0.83671875 0.25666666666666665 0.016145833333333335 0.03833333333333333
1 0.9208333333333333 0.28041666666666665 0.016666666666666666 0.035833333333333335
1 0.9875 0.30416666666666664 0.017708333333333333 0.041666666666666664
