0 0.04895833333333333 0.8033333333333333 0.090625 0.29
0 0.6278645833333333 0.3541666666666667 0.0359375 0.08166666666666667
0 0.6494791666666667 0.28375 0.019791666666666666 0.05583333333333333
0 0.6020833333333333 0.26 0.011458333333333333 0.03666666666666667
0 0.42473958333333334 0.19458333333333333 0.008854166666666666 0.0275
0 0.7604166666666666 0.20791666666666667 0.007291666666666667 0.024166666666666666
0 0.8572916666666667 0.23291666666666666 0.009375 0.030833333333333334
0 0.9317708333333333 0.25166666666666665 0.010416666666666666 0.03
1 0.8854166666666666 0.31166666666666665 0.025 0.05333333333333334
1 0.7924479166666667 0.27666666666666667 0.016145833333333335 0.041666666666666664
1 0.7309895833333333 0.25458333333333333 0.016145833333333335 0.035833333333333335
1 0.684375 0.23541666666666666 0.016666666666666666 0.034166666666666665
1 0.63359375 0.22333333333333333 0.019270833333333334 0.03333333333333333
1 0.58671875 0.2175 0.011979166666666667 0.03333333333333333
1 0.57734375 0.19958333333333333 0.009895833333333333 0.0225
1 0.6239583333333333 0.19875 0.009375 0.025833333333333333
1 0.7434895833333334 0.21625 0.008854166666666666 0.025833333333333333
1 0.803125 0.22375 0.009375 0.025833333333333333
1 0.853125 0.2375 0.009375 0.023333333333333334
1 0.8901041666666667 0.24583333333333332 0.008333333333333333 0.02666666666666667
1 0.8994791666666667 0.25458333333333333 0.009375 0.024166666666666666
1 0.9393229166666667 0.27375 0.008854166666666666 0.0325
