0 0.22526041666666666 0.7516666666666667 0.1171875 0.26166666666666666
0 0.7015625 0.3575 0.03229166666666667 0.08
0 0.78125 0.29 0.019791666666666666 0.05
0 0.8151041666666666 0.26666666666666666 0.013541666666666667 0.03333333333333333
0 0.8315104166666667 0.21916666666666668 0.0067708333333333336 0.023333333333333334
1 0.9734375 0.30083333333333334 0.014583333333333334 0.03833333333333333
1 0.9231770833333334 0.2733333333333333 0.0140625 0.028333333333333332
1 0.990625 0.2783333333333333 0.011458333333333333 0.023333333333333334
1 0.9630208333333333 0.26125 0.007291666666666667 0.0225
1 0.7940104166666667 0.23291666666666666 0.009895833333333333 0.019166666666666665
