0 0.39479166666666665 0.5116666666666667 0.06145833333333333 0.15833333333333333
0 0.6403645833333333 0.3258333333333333 0.0234375 0.07
0 0.5984375 0.29791666666666666 0.022916666666666665 0.059166666666666666
0 0.43359375 0.24958333333333332 0.0171875 0.049166666666666664
0 0.32526041666666666 0.215 0.016145833333333335 0.04
0 0.30859375 0.19416666666666665 0.011979166666666667 0.03333333333333333
0 0.36302083333333335 0.18958333333333333 0.010416666666666666 0.025833333333333333
0 0.8981770833333333 0.2525 0.011979166666666667 0.03
0 0.7763020833333333 0.22958333333333333 0.008854166666666666 0.024166666666666666
0 0.6614583333333334 0.21291666666666667 0.007291666666666667 0.020833333333333332
1 0.978125 0.2891666666666667 0.013541666666666667 0.03666666666666667
1 0.9205729166666666 0.2675 0.015104166666666667 0.035
1 0.8481770833333333 0.24916666666666668 0.015104166666666667 0.03166666666666667
1 0.9276041666666667 0.34291666666666665 0.023958333333333335 0.060833333333333336
1 0.81328125 0.29541666666666666 0.019270833333333334 0.050833333333333335
1 0.6205729166666667 0.2520833333333333 0.0140625 0.029166666666666667
1 0.5203125 0.23208333333333334 0.010416666666666666 0.025833333333333333
1 0.48828125 0.21708333333333332 0.009895833333333333 0.025833333333333333
1 0.50078125 0.2125 0.0078125 0.02
1 0.61015625 0.215 0.008854166666666666 0.021666666666666667
1 0.54609375 0.21208333333333335 0.0078125 0.0225
1 0.6872395833333333 0.22333333333333333 0.008854166666666666 0.02666666666666667
