0 0.5356770833333333 0.45 0.05677083333333333 0.12833333333333333
0 0.70625 0.3070833333333333 0.023958333333333335 0.06416666666666666
0 0.75859375 0.26958333333333334 0.015104166666666667 0.0425
1 0.946875 0.3095833333333333 0.01875 0.049166666666666664
1 0.8841145833333334 0.26875 0.0171875 0.0375
1 0.7794270833333333 0.2375 0.0140625 0.03
0 0.7408854166666666 0.25125 0.011979166666666667 0.0375
0 0.6018229166666667 0.21 0.0109375 0.03
0 0.5361979166666667 0.1925 0.011979166666666667 0.023333333333333334
0 0.5419270833333333 0.18833333333333332 0.008854166666666666 0.023333333333333334
0 0.5778645833333333 0.185 0.0078125 0.02
0 0.7203125 0.20208333333333334 0.007291666666666667 0.0175
0 0.7848958333333333 0.2125 0.007291666666666667 0.018333333333333333
0 0.8643229166666667 0.22708333333333333 0.005729166666666666 0.019166666666666665
0 0.925 0.24208333333333334 0.010416666666666666 0.015833333333333335
0 0.97890625 0.2604166666666667 0.0078125 0.0225
0 0.99296875 0.2683333333333333 0.0109375 0.023333333333333334
1 0.7434895833333334 0.22833333333333333 0.013020833333333334 0.03166666666666667
1 0.8229166666666666 0.22166666666666668 0.010416666666666666 0.023333333333333334
1 0.9893229166666667 0.2970833333333333 0.013020833333333334 0.035833333333333335
1 0.9598958333333333 0.27708333333333335 0.015625 0.034166666666666665
1 0.9268229166666667 0.25625 0.009895833333333333 0.024166666666666666
