0 0.3268229166666667 0.52125 0.06302083333333333 0.16583333333333333
1 0.7776041666666667 0.32708333333333334 0.03229166666666667 0.0725
0 0.409375 0.26166666666666666 0.019791666666666666 0.04833333333333333
0 0.40989583333333335 0.23458333333333334 0.020833333333333332 0.049166666666666664
0 0.39505208333333336 0.22166666666666668 0.018229166666666668 0.041666666666666664
0 0.37057291666666664 0.19875 0.0140625 0.0375
0 0.44609375 0.18333333333333332 0.013020833333333334 0.03166666666666667
0 0.5299479166666666 0.185 0.0109375 0.035
0 0.6393229166666666 0.19375 0.011979166666666667 0.025833333333333333
0 0.8776041666666666 0.23041666666666666 0.011458333333333333 0.029166666666666667
1 0.71484375 0.2841666666666667 0.0296875 0.06333333333333334
1 0.6533854166666667 0.24875 0.024479166666666666 0.0475
1 0.5921875 0.22875 0.020833333333333332 0.0425
1 0.5546875 0.21541666666666667 0.014583333333333334 0.03916666666666667
1 0.5731770833333333 0.20541666666666666 0.016145833333333335 0.034166666666666665
1 0.6234375 0.205 0.017708333333333333 0.035
1 0.6888020833333334 0.20916666666666667 0.015104166666666667 0.03166666666666667
1 0.77109375 0.22083333333333333 0.0109375 0.028333333333333332
1 0.8544270833333333 0.235 0.013020833333333334 0.03
1 0.9354166666666667 0.25583333333333336 0.014583333333333334 0.03166666666666667
1 0.8989583333333333 0.4066666666666667 0.03333333333333333 0.09666666666666666
2 0.41354166666666664 0.35875 0.05416666666666667 0.1525
2 0.9247395833333333 0.39166666666666666 0.05364583333333333 0.15
2 0.8791666666666667 0.3729166666666667 0.042708333333333334 0.1425
