0 0.5432291666666667 0.3829166666666667 0.041666666666666664 0.09583333333333334
0 0.5072916666666667 0.3254166666666667 0.026041666666666668 0.07083333333333333
0 0.32135416666666666 0.2675 0.01875 0.06166666666666667
0 0.21953125 0.22791666666666666 0.013020833333333334 0.04083333333333333
0 0.22005208333333334 0.20166666666666666 0.011979166666666667 0.03333333333333333
0 0.29583333333333334 0.18875 0.007291666666666667 0.030833333333333334
0 0.89375 0.26 0.010416666666666666 0.03166666666666667
0 0.7611979166666667 0.23333333333333334 0.009895833333333333 0.03
1 0.9380208333333333 0.38708333333333333 0.03229166666666667 0.0775
1 0.7950520833333333 0.3225 0.025520833333333333 0.06666666666666667
1 0.83828125 0.25833333333333336 0.015104166666666667 0.04
1 0.92109375 0.27958333333333335 0.016145833333333335 0.0375
1 0.9869791666666666 0.3045833333333333 0.01875 0.03916666666666667
