0 0.46588541666666666 0.36083333333333334 0.04010416666666667 0.09666666666666666
0 0.5239583333333333 0.30375 0.026041666666666668 0.06416666666666666
0 0.5291666666666667 0.2733333333333333 0.020833333333333332 0.06166666666666667
0 0.5252604166666667 0.23125 0.0171875 0.049166666666666664
0 0.64765625 0.21958333333333332 0.0171875 0.04083333333333333
1 0.91328125 0.35125 0.030729166666666665 0.07916666666666666
1 0.8265625 0.30333333333333334 0.025 0.06166666666666667
1 0.775 0.275 0.020833333333333332 0.055
1 0.8091145833333333 0.25875 0.0171875 0.0425
1 0.8744791666666667 0.26666666666666666 0.017708333333333333 0.041666666666666664
1 0.9619791666666667 0.2808333333333333 0.01875 0.04
0 0.7588541666666667 0.22916666666666666 0.0125 0.03833333333333333
0 0.89765625 0.25125 0.0140625 0.034166666666666665
