0 0.18828125 0.67125 0.08697916666666666 0.20916666666666667
0 0.6408854166666667 0.3458333333333333 0.03177083333333333 0.08
0 0.6559895833333333 0.28 0.0203125 0.04833333333333333
1 0.7325520833333333 0.25333333333333335 0.019270833333333334 0.041666666666666664
1 0.8825520833333333 0.31 0.024479166666666666 0.04833333333333333
1 0.7940104166666667 0.275 0.019270833333333334 0.04
0 0.6119791666666666 0.25458333333333333 0.014583333333333334 0.04083333333333333
1 0.6888020833333334 0.23875 0.0171875 0.0375
0 0.43385416666666665 0.19625 0.010416666666666666 0.0275
0 0.45625 0.18708333333333332 0.008333333333333333 0.024166666666666666
0 0.6815104166666667 0.20375 0.0067708333333333336 0.0225
0 0.7591145833333334 0.21458333333333332 0.008854166666666666 0.0225
1 0.6385416666666667 0.22375 0.014583333333333334 0.034166666666666665
1 0.5911458333333334 0.21458333333333332 0.013541666666666667 0.029166666666666667
0 0.8546875 0.23583333333333334 0.008333333333333333 0.025
0 0.92734375 0.25125 0.0078125 0.0225
0 0.9947916666666666 0.27291666666666664 0.007291666666666667 0.025833333333333333
1 0.7442708333333333 0.21625 0.010416666666666666 0.0275
1 0.803125 0.23 0.010416666666666666 0.023333333333333334
1 0.88828125 0.25 0.008854166666666666 0.02666666666666667
1 0.8513020833333333 0.24125 0.0109375 0.024166666666666666
1 0.8966145833333333 0.2554166666666667 0.009895833333333333 0.029166666666666667
1 0.98984375 0.30916666666666665 0.0171875 0.03833333333333333
1 0.93671875 0.27166666666666667 0.015104166666666667 0.03833333333333333
1 0.6270833333333333 0.20208333333333334 0.011458333333333333 0.025833333333333333
2 0.6205729166666667 0.25125 0.016145833333333335 0.07083333333333333
2 0.6041666666666666 0.24333333333333335 0.015625 0.058333333333333334
2 0.8065104166666667 0.2683333333333333 0.016145833333333335 0.06333333333333334
2 0.7856770833333333 0.26166666666666666 0.0203125 0.06166666666666667
0 0.5825520833333333 0.19291666666666665 0.0078125 0.0225
