0 0.5700520833333333 0.38333333333333336 0.03697916666666667 0.105
0 0.6817708333333333 0.29041666666666666 0.020833333333333332 0.05416666666666667
0 0.6411458333333333 0.26958333333333334 0.01875 0.0475
0 0.49270833333333336 0.22875 0.017708333333333333 0.04083333333333333
0 0.8901041666666667 0.23916666666666667 0.009375 0.028333333333333332
0 0.77890625 0.21875 0.009895833333333333 0.0225
1 0.9919270833333333 0.2816666666666667 0.011979166666666667 0.03666666666666667
1 0.9640625 0.27125 0.0125 0.035833333333333335
1 0.9127604166666666 0.25458333333333333 0.0109375 0.035833333333333335
1 0.8442708333333333 0.23583333333333334 0.011458333333333333 0.02666666666666667
1 0.971875 0.3441666666666667 0.028125 0.06333333333333334
1 0.9125 0.30541666666666667 0.023958333333333335 0.050833333333333335
1 0.8169270833333333 0.26916666666666667 0.0203125 0.04666666666666667
