0 0.6809895833333334 0.38208333333333333 0.03802083333333333 0.0975
0 0.765625 0.29625 0.01875 0.0525
0 0.809375 0.26958333333333334 0.013541666666666667 0.03916666666666667
0 0.8213541666666667 0.25416666666666665 0.009375 0.025
1 0.97734375 0.30416666666666664 0.0171875 0.045
0 0.9309895833333334 0.24416666666666667 0.0078125 0.023333333333333334
1 0.8830729166666667 0.2529166666666667 0.015104166666666667 0.030833333333333334
1 0.9614583333333333 0.28125 0.0125 0.0375
1 0.93515625 0.26625 0.011979166666666667 0.034166666666666665
1 0.8973958333333333 0.23916666666666667 0.011458333333333333 0.025
1 0.9450520833333333 0.25125 0.009895833333333333 0.025833333333333333
1 0.9796875 0.2608333333333333 0.010416666666666666 0.023333333333333334
