0 0.4979166666666667 0.4825 0.06041666666666667 0.155
0 0.75234375 0.31916666666666665 0.025520833333333333 0.07333333333333333
0 0.80078125 0.2679166666666667 0.0140625 0.04416666666666667
0 0.8377604166666667 0.25458333333333333 0.009895833333333333 0.034166666666666665
0 0.8190104166666666 0.23541666666666666 0.008854166666666666 0.0325
0 0.9473958333333333 0.22958333333333333 0.009375 0.0225
1 0.9908854166666666 0.25166666666666665 0.009895833333333333 0.023333333333333334
1 0.9596354166666666 0.24083333333333334 0.0109375 0.023333333333333334
1 0.9145833333333333 0.22875 0.009375 0.025833333333333333
1 0.90078125 0.23958333333333334 0.013020833333333334 0.0275
1 0.9494791666666667 0.255 0.0125 0.03
1 0.9716145833333333 0.2654166666666667 0.013020833333333334 0.0275
1 0.98359375 0.28708333333333336 0.011979166666666667 0.030833333333333334
0 0.84609375 0.23875 0.005729166666666666 0.0275
