0 0.24401041666666667 0.6883333333333334 0.0953125 0.22833333333333333
0 0.65625 0.3433333333333333 0.030208333333333334 0.08666666666666667
0 0.7408854166666666 0.28958333333333336 0.0171875 0.04583333333333333
0 0.7276041666666667 0.26 0.015625 0.043333333333333335
0 0.58125 0.22041666666666668 0.0125 0.035833333333333335
0 0.5572916666666666 0.21166666666666667 0.0125 0.03
0 0.5111979166666667 0.20541666666666666 0.011979166666666667 0.034166666666666665
0 0.5221354166666666 0.19125 0.0067708333333333336 0.025833333333333333
0 0.5625 0.19041666666666668 0.007291666666666667 0.020833333333333332
0 0.71171875 0.20375 0.0046875 0.0175
0 0.7807291666666667 0.21666666666666667 0.008333333333333333 0.018333333333333333
0 0.8653645833333333 0.23 0.0067708333333333336 0.016666666666666666
0 0.9276041666666667 0.24708333333333332 0.00625 0.0175
0 0.9856770833333334 0.2683333333333333 0.009895833333333333 0.021666666666666667
1 0.9604166666666667 0.33166666666666667 0.01875 0.05333333333333334
1 0.8856770833333333 0.28208333333333335 0.018229166666666668 0.03916666666666667
1 0.8208333333333333 0.25916666666666666 0.0125 0.03
1 0.7705729166666667 0.2475 0.013020833333333334 0.035
1 0.7346354166666667 0.23333333333333334 0.013020833333333334 0.028333333333333332
1 0.6669270833333333 0.205 0.009895833333333333 0.018333333333333333
1 0.7177083333333333 0.21041666666666667 0.00625 0.014166666666666666
1 0.76953125 0.21666666666666667 0.008854166666666666 0.018333333333333333
1 0.8200520833333333 0.22541666666666665 0.005729166666666666 0.019166666666666665
1 0.8947916666666667 0.24375 0.008333333333333333 0.019166666666666665
1 0.9013020833333333 0.24791666666666667 0.005729166666666666 0.025833333333333333
1 0.9322916666666666 0.2633333333333333 0.007291666666666667 0.028333333333333332
1 0.9700520833333334 0.28625 0.0078125 0.029166666666666667
