0 0.6002604166666666 0.36916666666666664 0.034895833333333334 0.09666666666666666
0 0.6338541666666667 0.2866666666666667 0.016666666666666666 0.058333333333333334
1 0.7268229166666667 0.2554166666666667 0.019270833333333334 0.04583333333333333
1 0.8880208333333334 0.3145833333333333 0.021875 0.0575
1 0.7927083333333333 0.27666666666666667 0.017708333333333333 0.04666666666666667
0 0.5888020833333333 0.2608333333333333 0.0140625 0.04833333333333333
1 0.67890625 0.23791666666666667 0.019270833333333334 0.0375
0 0.7596354166666667 0.20875 0.0078125 0.0225
1 0.6278645833333333 0.21958333333333332 0.015104166666666667 0.034166666666666665
1 0.5799479166666667 0.21375 0.015104166666666667 0.0325
0 0.859375 0.23041666666666666 0.008333333333333333 0.024166666666666666
0 0.93515625 0.24916666666666668 0.008854166666666666 0.028333333333333332
1 0.540625 0.20458333333333334 0.010416666666666666 0.025833333333333333
1 0.7440104166666667 0.21208333333333335 0.011979166666666667 0.025833333333333333
1 0.8044270833333333 0.22208333333333333 0.0109375 0.030833333333333334
1 0.8947916666666667 0.24833333333333332 0.010416666666666666 0.028333333333333332
1 0.8565104166666667 0.2375 0.009895833333333333 0.023333333333333334
1 0.621875 0.1975 0.011458333333333333 0.025
1 0.9033854166666667 0.2520833333333333 0.009895833333333333 0.029166666666666667
1 0.9463541666666667 0.27166666666666667 0.015625 0.03666666666666667
2 0.5986979166666667 0.2525 0.0203125 0.07333333333333333
2 0.5815104166666667 0.2475 0.019270833333333334 0.055
2 0.8057291666666667 0.2704166666666667 0.020833333333333332 0.06416666666666666
2 0.7830729166666667 0.26416666666666666 0.019270833333333334 0.06833333333333333
