0 0.46380208333333334 0.3075 0.033854166666666664 0.07833333333333334
0 0.290625 0.605 0.0625 0.18833333333333332
0 0.4921875 0.26458333333333334 0.023958333333333335 0.060833333333333336
0 0.4890625 0.2425 0.016666666666666666 0.04833333333333333
0 0.47265625 0.20958333333333334 0.0140625 0.04083333333333333
0 0.5791666666666667 0.19625 0.013541666666666667 0.035833333333333335
1 0.9067708333333333 0.36375 0.030208333333333334 0.08916666666666667
1 0.8182291666666667 0.2945833333333333 0.022916666666666665 0.06416666666666666
1 0.74453125 0.2625 0.021354166666666667 0.056666666666666664
1 0.6979166666666666 0.23875 0.019791666666666666 0.049166666666666664
1 0.725 0.2275 0.016666666666666666 0.045
1 0.78515625 0.23166666666666666 0.0140625 0.04
1 0.86328125 0.24041666666666667 0.0171875 0.0375
1 0.9580729166666667 0.2608333333333333 0.011979166666666667 0.03333333333333333
0 0.67734375 0.19916666666666666 0.013020833333333334 0.03333333333333333
0 0.8052083333333333 0.21791666666666668 0.011458333333333333 0.030833333333333334
2 0.25442708333333336 0.6033333333333334 0.11927083333333334 0.36333333333333334
2 0.30052083333333335 0.5129166666666667 0.08020833333333334 0.29083333333333333
