0 0.6671875 0.38875 0.04375 0.09916666666666667
0 0.76015625 0.2970833333333333 0.019270833333333334 0.05416666666666667
0 0.80625 0.26958333333333334 0.0125 0.03916666666666667
0 0.8169270833333333 0.25416666666666665 0.0067708333333333336 0.02666666666666667
1 0.9770833333333333 0.30291666666666667 0.016666666666666666 0.0475
0 0.9276041666666667 0.24416666666666667 0.008333333333333333 0.023333333333333334
1 0.8802083333333334 0.2520833333333333 0.013541666666666667 0.030833333333333334
1 0.9598958333333333 0.28041666666666665 0.0125 0.035833333333333335
1 0.9333333333333333 0.26625 0.014583333333333334 0.0325
1 0.8942708333333333 0.24125 0.011458333333333333 0.0225
1 0.9421875 0.24875 0.010416666666666666 0.029166666666666667
1 0.9776041666666667 0.25916666666666666 0.010416666666666666 0.02666666666666667
