0 0.5614583333333333 0.43041666666666667 0.04791666666666667 0.1225
0 0.7651041666666667 0.30916666666666665 0.023958333333333335 0.06666666666666667
0 0.8104166666666667 0.2683333333333333 0.013541666666666667 0.041666666666666664
0 0.8440104166666667 0.2504166666666667 0.013020833333333334 0.034166666666666665
0 0.8518229166666667 0.23833333333333334 0.0078125 0.02666666666666667
1 0.98359375 0.2825 0.016145833333333335 0.03833333333333333
0 0.9513020833333333 0.23375 0.009895833333333333 0.024166666666666666
1 0.90625 0.24041666666666667 0.0125 0.030833333333333334
1 0.9734375 0.2658333333333333 0.010416666666666666 0.03166666666666667
1 0.9526041666666667 0.25416666666666665 0.013541666666666667 0.028333333333333332
1 0.9205729166666666 0.23166666666666666 0.009895833333333333 0.025
