0 0.509375 0.3929166666666667 0.046875 0.1025
0 0.48359375 0.33166666666666667 0.025520833333333333 0.08333333333333333
0 0.29348958333333336 0.27 0.022395833333333334 0.06333333333333334
0 0.19114583333333332 0.22583333333333333 0.013541666666666667 0.043333333333333335
0 0.19635416666666666 0.2 0.0125 0.03833333333333333
0 0.27786458333333336 0.18875 0.0078125 0.030833333333333334
0 0.8911458333333333 0.2575 0.011458333333333333 0.03333333333333333
0 0.75625 0.2325 0.009375 0.02666666666666667
1 0.940625 0.3954166666666667 0.036458333333333336 0.09083333333333334
1 0.7888020833333333 0.325 0.0265625 0.07
1 0.8354166666666667 0.2579166666666667 0.015625 0.03916666666666667
1 0.9200520833333333 0.28041666666666665 0.0171875 0.0425
1 0.98828125 0.30416666666666664 0.016145833333333335 0.041666666666666664
