0 0.16145833333333334 0.8533333333333334 0.12083333333333333 0.2833333333333333
0 0.47369791666666666 0.2825 0.027604166666666666 0.06666666666666667
0 0.48411458333333335 0.24791666666666667 0.018229166666666668 0.0525
0 0.4705729166666667 0.23041666666666666 0.016145833333333335 0.03916666666666667
0 0.4479166666666667 0.20333333333333334 0.0125 0.03666666666666667
0 0.53671875 0.18708333333333332 0.0140625 0.034166666666666665
1 0.925 0.38958333333333334 0.034375 0.08583333333333333
1 0.8393229166666667 0.32166666666666666 0.025520833333333333 0.07
1 0.7627604166666667 0.27208333333333334 0.024479166666666666 0.0525
1 0.69609375 0.24666666666666667 0.0171875 0.04833333333333333
1 0.6528645833333333 0.22458333333333333 0.015104166666666667 0.03916666666666667
1 0.675 0.21708333333333332 0.014583333333333334 0.03916666666666667
1 0.7276041666666667 0.2175 0.015625 0.04
1 0.8010416666666667 0.22458333333333333 0.015625 0.035833333333333335
1 0.8875 0.24166666666666667 0.009375 0.03166666666666667
1 0.9778645833333334 0.26 0.0171875 0.03
0 0.6278645833333333 0.19208333333333333 0.011979166666666667 0.030833333333333334
0 0.7463541666666667 0.20541666666666666 0.0125 0.024166666666666666
2 0.42526041666666664 0.43833333333333335 0.07864583333333333 0.23666666666666666
