0 0.3625 0.5875 0.08541666666666667 0.19166666666666668
0 0.6729166666666667 0.3333333333333333 0.03125 0.07
0 0.7447916666666666 0.28041666666666665 0.020833333333333332 0.0475
0 0.7296875 0.25833333333333336 0.011458333333333333 0.035
0 0.5846354166666666 0.21583333333333332 0.008854166666666666 0.03333333333333333
0 0.5614583333333333 0.21291666666666667 0.00625 0.0275
0 0.51953125 0.20625 0.0067708333333333336 0.0275
0 0.5270833333333333 0.19083333333333333 0.007291666666666667 0.02666666666666667
0 0.5661458333333333 0.19166666666666668 0.00625 0.021666666666666667
0 0.7127604166666667 0.205 0.005729166666666666 0.018333333333333333
0 0.7794270833333333 0.2175 0.005729166666666666 0.018333333333333333
0 0.8635416666666667 0.23291666666666666 0.004166666666666667 0.015833333333333335
0 0.9239583333333333 0.24875 0.008333333333333333 0.014166666666666666
0 0.9828125 0.2654166666666667 0.008333333333333333 0.020833333333333332
1 0.9544270833333334 0.3279166666666667 0.0203125 0.050833333333333335
1 0.8841145833333334 0.28 0.016145833333333335 0.04
1 0.81953125 0.2554166666666667 0.0078125 0.034166666666666665
1 0.7713541666666667 0.24375 0.014583333333333334 0.0325
1 0.7341145833333333 0.23291666666666666 0.011979166666666667 0.030833333333333334
1 0.66953125 0.20458333333333334 0.0109375 0.019166666666666665
1 0.8604166666666667 0.23875 0.007291666666666667 0.019166666666666665
1 0.8901041666666667 0.24625 0.007291666666666667 0.019166666666666665
1 0.9294270833333333 0.2629166666666667 0.008854166666666666 0.0225
1 0.9645833333333333 0.285 0.010416666666666666 0.02666666666666667
