0 0.565625 0.385 0.0375 0.11
0 0.6822916666666666 0.29083333333333333 0.019791666666666666 0.05333333333333334
0 0.63984375 0.26916666666666667 0.0140625 0.04833333333333333
0 0.49140625 0.23083333333333333 0.0140625 0.03833333333333333
0 0.3841145833333333 0.20333333333333334 0.0078125 0.03166666666666667
0 0.8903645833333333 0.24041666666666667 0.008854166666666666 0.025833333333333333
0 0.7778645833333333 0.22083333333333333 0.0078125 0.025
1 0.9729166666666667 0.35 0.026041666666666668 0.06666666666666667
1 0.91484375 0.3095833333333333 0.022395833333333334 0.05583333333333333
1 0.8169270833333333 0.27 0.021354166666666667 0.056666666666666664
1 0.8442708333333333 0.23416666666666666 0.010416666666666666 0.028333333333333332
1 0.9114583333333334 0.25583333333333336 0.016666666666666666 0.03666666666666667
1 0.965625 0.27291666666666664 0.0125 0.034166666666666665
