0 0.11067708333333333 0.8504166666666667 0.11510416666666666 0.2775
0 0.18151041666666667 0.3925 0.0453125 0.125
0 0.24921875 0.25916666666666666 0.025520833333333333 0.07166666666666667
0 0.38255208333333335 0.21958333333333332 0.015104166666666667 0.0525
0 0.5567708333333333 0.21583333333333332 0.013541666666666667 0.041666666666666664
0 0.7203125 0.22625 0.013541666666666667 0.035833333333333335
0 0.9057291666666667 0.2629166666666667 0.011458333333333333 0.029166666666666667
1 0.9760416666666667 0.3 0.011458333333333333 0.04
1 0.8544270833333333 0.27416666666666667 0.0140625 0.041666666666666664
1 0.75078125 0.26666666666666666 0.009895833333333333 0.03833333333333333
1 0.6817708333333333 0.2866666666666667 0.015625 0.043333333333333335
1 0.6731770833333334 0.32083333333333336 0.018229166666666668 0.056666666666666664
1 0.8192708333333333 0.4275 0.036458333333333336 0.09
