0 0.44166666666666665 0.4775 0.057291666666666664 0.14833333333333334
0 0.6755208333333333 0.31 0.026041666666666668 0.065
0 0.7192708333333333 0.2679166666666667 0.016666666666666666 0.04583333333333333
0 0.6809895833333334 0.25166666666666665 0.0109375 0.03666666666666667
0 0.5565104166666667 0.22916666666666666 0.0078125 0.03
1 0.9856770833333334 0.38083333333333336 0.0234375 0.07833333333333334
0 0.7778645833333333 0.21708333333333332 0.0078125 0.020833333333333332
0 0.8799479166666667 0.23583333333333334 0.008854166666666666 0.02666666666666667
0 0.9736979166666667 0.26166666666666666 0.008854166666666666 0.02666666666666667
1 0.9369791666666667 0.3070833333333333 0.019791666666666666 0.05416666666666667
1 0.8947916666666667 0.2841666666666667 0.01875 0.04666666666666667
1 0.81875 0.2579166666666667 0.019791666666666666 0.04083333333333333
1 0.8388020833333333 0.23291666666666666 0.009895833333333333 0.0225
1 0.8997395833333334 0.24666666666666667 0.009895833333333333 0.025
1 0.9434895833333333 0.26375 0.0140625 0.035833333333333335
1 0.9669270833333333 0.27541666666666664 0.013020833333333334 0.030833333333333334
