0 0.07135416666666666 0.81 0.125 0.30333333333333334
0 0.6942708333333333 0.37041666666666667 0.029166666666666667 0.0925
0 0.7713541666666667 0.29 0.017708333333333333 0.051666666666666666
0 0.8151041666666666 0.26666666666666666 0.010416666666666666 0.03666666666666667
0 0.82421875 0.255 0.008854166666666666 0.03333333333333333
0 0.934375 0.24166666666666667 0.009375 0.023333333333333334
1 0.9815104166666667 0.26 0.0078125 0.025
1 0.9473958333333333 0.24958333333333332 0.009375 0.0225
1 0.90234375 0.23666666666666666 0.0109375 0.03
1 0.8859375 0.25125 0.014583333333333334 0.0325
1 0.9369791666666667 0.26666666666666666 0.0125 0.03
1 0.9622395833333334 0.27541666666666664 0.013020833333333334 0.03916666666666667
1 0.9783854166666667 0.29583333333333334 0.0140625 0.043333333333333335
