0 0.4666666666666667 0.5508333333333333 0.071875 0.17666666666666667
0 0.7143229166666667 0.33458333333333334 0.0296875 0.07583333333333334
0 0.81015625 0.29291666666666666 0.0140625 0.0525
0 0.8377604166666667 0.265 0.011979166666666667 0.035
0 0.86328125 0.2554166666666667 0.0067708333333333336 0.029166666666666667
0 0.8700520833333333 0.25 0.0067708333333333336 0.025
1 0.98984375 0.30291666666666667 0.016145833333333335 0.04083333333333333
1 0.9817708333333334 0.28291666666666665 0.009375 0.029166666666666667
1 0.9760416666666667 0.26958333333333334 0.008333333333333333 0.025833333333333333
1 0.9578125 0.26166666666666666 0.0125 0.02666666666666667
1 0.9182291666666667 0.24958333333333332 0.010416666666666666 0.029166666666666667
