0 0.5713541666666667 0.36625 0.0375 0.08416666666666667
0 0.534375 0.31875 0.025 0.0675
0 0.3515625 0.26 0.019791666666666666 0.058333333333333334
0 0.24661458333333333 0.21916666666666668 0.009895833333333333 0.03833333333333333
0 0.24088541666666666 0.1975 0.0078125 0.04
0 0.3125 0.19 0.009375 0.02666666666666667
0 0.896875 0.25583333333333336 0.009375 0.03
0 0.765625 0.23208333333333334 0.008333333333333333 0.025833333333333333
1 0.9375 0.37083333333333335 0.036458333333333336 0.07833333333333334
1 0.80078125 0.3125 0.025520833333333333 0.06666666666666667
1 0.84375 0.25416666666666665 0.015625 0.035
1 0.92265625 0.275 0.0171875 0.03833333333333333
1 0.9885416666666667 0.3 0.015625 0.041666666666666664
