0 0.43307291666666664 0.5720833333333334 0.07864583333333333 0.18416666666666667
0 0.7028645833333333 0.33625 0.027604166666666666 0.07916666666666666
0 0.8018229166666667 0.2920833333333333 0.016145833333333335 0.049166666666666664
0 0.8296875 0.26708333333333334 0.0125 0.0375
0 0.85703125 0.25625 0.009895833333333333 0.0225
0 0.8638020833333333 0.24625 0.0078125 0.0225
1 0.9846354166666667 0.30375 0.0140625 0.04083333333333333
1 0.9755208333333333 0.28208333333333335 0.010416666666666666 0.024166666666666666
1 0.9697916666666667 0.26708333333333334 0.009375 0.024166666666666666
1 0.9520833333333333 0.2604166666666667 0.0125 0.029166666666666667
1 0.9109375 0.25 0.011458333333333333 0.02666666666666667
