0 0.5916666666666667 0.3929166666666667 0.035416666666666666 0.1025
0 0.72109375 0.3025 0.024479166666666666 0.056666666666666664
0 0.7111979166666667 0.2608333333333333 0.0109375 0.03666666666666667
1 0.9765625 0.3570833333333333 0.027083333333333334 0.06583333333333333
1 0.88828125 0.29083333333333333 0.0171875 0.045
1 0.7638020833333333 0.25 0.016145833333333335 0.041666666666666664
0 0.5359375 0.20916666666666667 0.009375 0.02666666666666667
0 0.49140625 0.19708333333333333 0.009895833333333333 0.025833333333333333
0 0.5059895833333333 0.18708333333333332 0.0078125 0.020833333333333332
0 0.5486979166666667 0.18875 0.0078125 0.024166666666666666
0 0.7794270833333333 0.21875 0.0109375 0.020833333333333332
0 0.8661458333333333 0.23458333333333334 0.007291666666666667 0.0225
0 0.93359375 0.24916666666666668 0.009895833333333333 0.021666666666666667
0 0.9934895833333334 0.2704166666666667 0.0078125 0.025833333333333333
1 0.72265625 0.23708333333333334 0.0140625 0.035833333333333335
1 0.678125 0.22291666666666668 0.0125 0.029166666666666667
1 0.6596354166666667 0.20333333333333334 0.009895833333333333 0.028333333333333332
1 0.7111979166666667 0.21083333333333334 0.0067708333333333336 0.023333333333333334
1 0.8184895833333333 0.22916666666666666 0.011979166666666667 0.023333333333333334
1 0.89609375 0.24916666666666668 0.011979166666666667 0.023333333333333334
1 0.90390625 0.25416666666666665 0.008854166666666666 0.02666666666666667
1 0.9799479166666667 0.2975 0.016145833333333335 0.03666666666666667
1 0.9369791666666667 0.2679166666666667 0.011458333333333333 0.030833333333333334
