0 0.55859375 0.39166666666666666 0.043229166666666666 0.11166666666666666
0 0.6794270833333333 0.29333333333333333 0.018229166666666668 0.05333333333333334
0 0.63828125 0.2704166666666667 0.016145833333333335 0.04583333333333333
0 0.4890625 0.23041666666666666 0.014583333333333334 0.04416666666666667
0 0.38229166666666664 0.20291666666666666 0.009375 0.0375
0 0.8911458333333333 0.24125 0.008333333333333333 0.024166666666666666
0 0.7783854166666667 0.22041666666666668 0.008854166666666666 0.025833333333333333
1 0.97578125 0.35333333333333333 0.027604166666666666 0.06666666666666667
1 0.915625 0.31 0.021875 0.055
1 0.8174479166666667 0.275 0.019270833333333334 0.05
1 0.8455729166666667 0.23625 0.0109375 0.0325
1 0.9127604166666666 0.25708333333333333 0.013020833333333334 0.034166666666666665
1 0.9666666666666667 0.27375 0.013541666666666667 0.034166666666666665
