0 0.4744791666666667 0.2816666666666667 0.028125 0.06833333333333333
0 0.484375 0.24916666666666668 0.019791666666666666 0.051666666666666666
0 0.47161458333333334 0.23333333333333334 0.0140625 0.045
0 0.4505208333333333 0.20458333333333334 0.016666666666666666 0.04083333333333333
0 0.540625 0.18791666666666668 0.0125 0.034166666666666665
1 0.9322916666666666 0.39375 0.03333333333333333 0.08916666666666667
1 0.8424479166666666 0.32375 0.024479166666666666 0.0725
1 0.76796875 0.27416666666666667 0.024479166666666666 0.06
1 0.7013020833333333 0.2475 0.0234375 0.04833333333333333
1 0.65625 0.22666666666666666 0.01875 0.043333333333333335
1 0.6791666666666667 0.21666666666666667 0.015625 0.04
1 0.7328125 0.22041666666666668 0.016666666666666666 0.035833333333333335
1 0.8065104166666667 0.22666666666666666 0.015104166666666667 0.03666666666666667
1 0.89453125 0.24125 0.011979166666666667 0.0325
1 0.9864583333333333 0.25916666666666666 0.013541666666666667 0.03666666666666667
0 0.6330729166666667 0.18916666666666668 0.013020833333333334 0.03166666666666667
0 0.7505208333333333 0.20666666666666667 0.011458333333333333 0.02666666666666667
2 0.41744791666666664 0.45 0.0796875 0.24
