0 0.4661458333333333 0.32166666666666666 0.034375 0.08666666666666667
0 0.203125 0.6975 0.08229166666666667 0.21666666666666667
0 0.50234375 0.28 0.022395833333333334 0.056666666666666664
0 0.49973958333333335 0.24875 0.0203125 0.0475
0 0.4901041666666667 0.21541666666666667 0.017708333333333333 0.050833333333333335
0 0.5989583333333334 0.20041666666666666 0.016666666666666666 0.03916666666666667
1 0.9408854166666667 0.3929166666666667 0.03802083333333333 0.09416666666666666
1 0.8481770833333333 0.3125 0.025520833333333333 0.06666666666666667
1 0.7684895833333333 0.27416666666666667 0.027604166666666666 0.056666666666666664
1 0.721875 0.25 0.020833333333333332 0.05
1 0.7515625 0.23583333333333334 0.017708333333333333 0.04
1 0.8135416666666667 0.24208333333333334 0.015625 0.04083333333333333
1 0.8942708333333333 0.2504166666666667 0.016666666666666666 0.035833333333333335
0 0.7015625 0.20625 0.013541666666666667 0.0325
0 0.8348958333333333 0.22625 0.0125 0.0275
2 0.14427083333333332 0.70125 0.13229166666666667 0.4191666666666667
2 0.22552083333333334 0.5766666666666667 0.1 0.3333333333333333
