0 0.48020833333333335 0.4891666666666667 0.05625 0.15
0 0.6927083333333334 0.31583333333333335 0.026041666666666668 0.06833333333333333
0 0.7513020833333334 0.27625 0.015104166666666667 0.04083333333333333
1 0.9471354166666667 0.31416666666666665 0.019270833333333334 0.05
1 0.8817708333333333 0.2733333333333333 0.017708333333333333 0.04
1 0.7734375 0.24208333333333334 0.011458333333333333 0.030833333333333334
0 0.5934895833333333 0.2175 0.013020833333333334 0.035
0 0.5265625 0.19166666666666668 0.008333333333333333 0.021666666666666667
0 0.534375 0.18708333333333332 0.00625 0.0175
0 0.5708333333333333 0.18583333333333332 0.007291666666666667 0.018333333333333333
0 0.71328125 0.20375 0.0046875 0.0175
0 0.78125 0.21708333333333332 0.007291666666666667 0.0175
0 0.8614583333333333 0.23166666666666666 0.007291666666666667 0.02
0 0.9221354166666667 0.24416666666666667 0.0067708333333333336 0.023333333333333334
0 0.9778645833333334 0.26125 0.0078125 0.0275
0 0.9919270833333333 0.2708333333333333 0.009895833333333333 0.023333333333333334
1 0.7375 0.23125 0.013541666666666667 0.0325
0 0.7333333333333333 0.2579166666666667 0.015625 0.04083333333333333
0 0.5674479166666667 0.21166666666666667 0.015104166666666667 0.03666666666666667
1 0.6731770833333334 0.19916666666666666 0.008854166666666666 0.02666666666666667
1 0.7190104166666667 0.20541666666666666 0.008854166666666666 0.020833333333333332
1 0.8197916666666667 0.22625 0.008333333333333333 0.020833333333333332
1 0.88984375 0.24625 0.0067708333333333336 0.025833333333333333
1 0.9583333333333334 0.28 0.013541666666666667 0.03333333333333333
1 0.98984375 0.29833333333333334 0.015104166666666667 0.03833333333333333
1 0.925 0.25958333333333333 0.011458333333333333 0.030833333333333334
