0 0.07552083333333333 0.7375 0.10104166666666667 0.24833333333333332
0 0.625 0.35125 0.027083333333333334 0.07916666666666666
0 0.7002604166666667 0.2875 0.019270833333333334 0.04833333333333333
0 0.6611979166666667 0.2679166666666667 0.0171875 0.04416666666666667
0 0.52265625 0.23416666666666666 0.009895833333333333 0.03833333333333333
0 0.8841145833333334 0.24375 0.009895833333333333 0.025833333333333333
0 0.77734375 0.22625 0.009895833333333333 0.024166666666666666
0 0.9856770833333334 0.275 0.009895833333333333 0.03
1 0.9552083333333333 0.33541666666666664 0.022916666666666665 0.060833333333333336
1 0.9028645833333333 0.29833333333333334 0.0234375 0.051666666666666666
1 0.8161458333333333 0.2733333333333333 0.01875 0.04833333333333333
1 0.84140625 0.24208333333333334 0.009895833333333333 0.029166666666666667
1 0.9059895833333333 0.25833333333333336 0.011979166666666667 0.03166666666666667
1 0.9536458333333333 0.2733333333333333 0.015625 0.035
1 0.9807291666666667 0.2891666666666667 0.014583333333333334 0.03333333333333333
