0 0.6104166666666667 0.35583333333333333 0.03229166666666667 0.085
0 0.6950520833333333 0.28208333333333335 0.016145833333333335 0.05416666666666667
0 0.6549479166666666 0.265 0.015104166666666667 0.045
0 0.5138020833333333 0.22958333333333333 0.008854166666666666 0.0375
0 0.8864583333333333 0.23875 0.008333333333333333 0.025833333333333333
0 0.7776041666666667 0.22041666666666668 0.00625 0.020833333333333332
0 0.9901041666666667 0.27 0.010416666666666666 0.025
1 0.9596354166666666 0.3325 0.024479166666666666 0.06333333333333334
1 0.9059895833333333 0.29833333333333334 0.0234375 0.051666666666666666
1 0.8153645833333333 0.2675 0.021354166666666667 0.05
1 0.8424479166666666 0.23625 0.009895833333333333 0.0275
1 0.90703125 0.25333333333333335 0.013020833333333334 0.03
1 0.9580729166666667 0.26875 0.015104166666666667 0.034166666666666665
1 0.9856770833333334 0.285 0.015104166666666667 0.035
