0 0.6161458333333333 0.3729166666666667 0.034375 0.08916666666666667
0 0.7291666666666666 0.2995833333333333 0.017708333333333333 0.05416666666666667
0 0.71875 0.25916666666666666 0.014583333333333334 0.041666666666666664
1 0.9703125 0.34791666666666665 0.023958333333333335 0.0575
1 0.8885416666666667 0.29125 0.01875 0.04083333333333333
1 0.7666666666666667 0.24916666666666668 0.015625 0.03666666666666667
0 0.5677083333333334 0.21583333333333332 0.009375 0.021666666666666667
0 0.49947916666666664 0.19833333333333333 0.010416666666666666 0.028333333333333332
0 0.5125 0.18708333333333332 0.008333333333333333 0.020833333333333332
0 0.5546875 0.19 0.008333333333333333 0.02
0 0.709375 0.20666666666666667 0.009375 0.021666666666666667
0 0.7799479166666666 0.21583333333333332 0.0067708333333333336 0.021666666666666667
0 0.8671875 0.23583333333333334 0.008333333333333333 0.018333333333333333
0 0.9317708333333333 0.25166666666666665 0.008333333333333333 0.021666666666666667
0 0.99140625 0.27166666666666667 0.0078125 0.023333333333333334
1 0.7276041666666667 0.23666666666666666 0.013541666666666667 0.03333333333333333
1 0.6833333333333333 0.22291666666666668 0.011458333333333333 0.030833333333333334
1 0.6625 0.20416666666666666 0.009375 0.028333333333333332
1 0.7138020833333333 0.21125 0.0078125 0.0225
1 0.8200520833333333 0.23 0.011979166666666667 0.023333333333333334
1 0.89609375 0.25125 0.0109375 0.0275
1 0.903125 0.2525 0.008333333333333333 0.028333333333333332
1 0.9778645833333334 0.29541666666666666 0.0140625 0.035833333333333335
1 0.9361979166666666 0.27 0.013020833333333334 0.03
0 0.5434895833333333 0.21208333333333335 0.013020833333333334 0.029166666666666667
