0 0.4700520833333333 0.2916666666666667 0.03177083333333333 0.07833333333333334
0 0.37578125 0.51625 0.050520833333333334 0.15916666666666668
0 0.48932291666666666 0.2520833333333333 0.021354166666666667 0.05416666666666667
0 0.48151041666666666 0.23 0.019270833333333334 0.04666666666666667
0 0.4630208333333333 0.20125 0.015625 0.0425
0 0.5596354166666667 0.18791666666666668 0.013020833333333334 0.034166666666666665
1 0.9747395833333333 0.4266666666666667 0.03802083333333333 0.10166666666666667
1 0.8752604166666667 0.33791666666666664 0.033854166666666664 0.08083333333333333
1 0.79296875 0.28041666666666665 0.0234375 0.06416666666666666
1 0.7221354166666667 0.24833333333333332 0.022395833333333334 0.051666666666666666
1 0.6783854166666666 0.22916666666666666 0.016145833333333335 0.045
1 0.7041666666666667 0.21666666666666667 0.016666666666666666 0.04
1 0.7572916666666667 0.22083333333333333 0.017708333333333333 0.041666666666666664
1 0.8356770833333333 0.22791666666666666 0.016145833333333335 0.035833333333333335
1 0.9255208333333333 0.24333333333333335 0.013541666666666667 0.03166666666666667
0 0.6546875 0.18875 0.011458333333333333 0.030833333333333334
0 0.7794270833333333 0.20541666666666666 0.0109375 0.0325
2 0.3497395833333333 0.50875 0.0921875 0.29583333333333334
2 0.37265625 0.44458333333333333 0.06822916666666666 0.23916666666666667
