0 0.4244791666666667 0.43125 0.041666666666666664 0.11916666666666667
1 0.7372395833333333 0.30541666666666667 0.028645833333333332 0.06583333333333333
0 0.40625 0.25125 0.019791666666666666 0.049166666666666664
0 0.39739583333333334 0.22833333333333333 0.015625 0.041666666666666664
0 0.378125 0.21708333333333332 0.016666666666666666 0.0425
0 0.3494791666666667 0.19416666666666665 0.013541666666666667 0.041666666666666664
0 0.41458333333333336 0.18041666666666667 0.011458333333333333 0.030833333333333334
0 0.49166666666666664 0.18208333333333335 0.0125 0.025833333333333333
0 0.5963541666666666 0.18708333333333332 0.010416666666666666 0.025833333333333333
0 0.8223958333333333 0.22166666666666668 0.008333333333333333 0.021666666666666667
1 0.6783854166666666 0.26875 0.0265625 0.0525
1 0.6184895833333334 0.23833333333333334 0.0203125 0.045
1 0.5611979166666666 0.22291666666666668 0.021354166666666667 0.03916666666666667
1 0.5216145833333333 0.20875 0.016145833333333335 0.0375
1 0.5388020833333333 0.20375 0.013020833333333334 0.030833333333333334
1 0.58203125 0.20083333333333334 0.015104166666666667 0.03
1 0.6458333333333334 0.2025 0.013541666666666667 0.03333333333333333
1 0.8013020833333333 0.22541666666666665 0.013020833333333334 0.029166666666666667
1 0.8770833333333333 0.24208333333333334 0.013541666666666667 0.029166666666666667
1 0.9442708333333333 0.2625 0.0125 0.03
1 0.8419270833333333 0.36 0.0296875 0.085
2 0.44635416666666666 0.31833333333333336 0.05 0.13666666666666666
2 0.8638020833333333 0.34875 0.04114583333333333 0.1225
2 0.8216145833333334 0.33375 0.0390625 0.11583333333333333
1 0.721875 0.21375 0.0125 0.025833333333333333
0 0.9473958333333333 0.2520833333333333 0.0125 0.030833333333333334
