0 0.559375 0.4075 0.03854166666666667 0.10666666666666667
0 0.6192708333333333 0.29041666666666666 0.019791666666666666 0.059166666666666666
0 0.5734375 0.2608333333333333 0.009375 0.045
0 0.4940104166666667 0.2225 0.013020833333333334 0.03833333333333333
0 0.49296875 0.17916666666666667 0.008854166666666666 0.02
0 0.5744791666666667 0.18333333333333332 0.009375 0.02
0 0.7630208333333334 0.20416666666666666 0.008333333333333333 0.016666666666666666
0 0.8661458333333333 0.22625 0.007291666666666667 0.0275
0 0.9453125 0.2475 0.007291666666666667 0.025
1 0.8997395833333334 0.3254166666666667 0.024479166666666666 0.06416666666666666
1 0.7924479166666667 0.2791666666666667 0.022395833333333334 0.045
1 0.7268229166666667 0.2554166666666667 0.0171875 0.04583333333333333
1 0.6765625 0.23666666666666666 0.017708333333333333 0.03833333333333333
1 0.6234375 0.21875 0.013541666666666667 0.030833333333333334
1 0.5346354166666667 0.19875 0.011979166666666667 0.025833333333333333
1 0.54140625 0.19291666666666665 0.0109375 0.024166666666666666
1 0.6213541666666667 0.19166666666666668 0.009375 0.02666666666666667
1 0.6846354166666667 0.20041666666666666 0.0078125 0.029166666666666667
1 0.7479166666666667 0.20791666666666667 0.009375 0.024166666666666666
1 0.8106770833333333 0.22125 0.0109375 0.025833333333333333
1 0.8627604166666667 0.23541666666666666 0.005729166666666666 0.025833333333333333
1 0.9015625 0.245 0.005208333333333333 0.025
1 0.9122395833333333 0.24833333333333332 0.008854166666666666 0.03166666666666667
1 0.95625 0.27125 0.011458333333333333 0.029166666666666667
