0 0.41848958333333336 0.5091666666666667 0.05364583333333333 0.16166666666666665
0 0.6802083333333333 0.32375 0.022916666666666665 0.0675
0 0.6791666666666667 0.2708333333333333 0.016666666666666666 0.045
1 0.7458333333333333 0.25125 0.01875 0.04083333333333333
1 0.8859375 0.30333333333333334 0.019791666666666666 0.04
1 0.8041666666666667 0.26958333333333334 0.015625 0.04083333333333333
0 0.4981770833333333 0.21 0.013020833333333334 0.03
0 0.45755208333333336 0.19375 0.008854166666666666 0.0275
0 0.4765625 0.18625 0.009375 0.025833333333333333
0 0.59609375 0.19041666666666668 0.009895833333333333 0.020833333333333332
0 0.6924479166666667 0.20166666666666666 0.005729166666666666 0.018333333333333333
0 0.7666666666666667 0.215 0.00625 0.021666666666666667
0 0.8606770833333334 0.2325 0.008854166666666666 0.02
0 0.9302083333333333 0.2504166666666667 0.007291666666666667 0.019166666666666665
0 0.9953125 0.2733333333333333 0.00625 0.025
1 0.703125 0.23541666666666666 0.015625 0.035833333333333335
1 0.6552083333333333 0.2225 0.014583333333333334 0.035
1 0.6083333333333333 0.21333333333333335 0.011458333333333333 0.028333333333333332
1 0.7526041666666666 0.21708333333333332 0.008333333333333333 0.024166666666666666
1 0.640625 0.20125 0.011458333333333333 0.025833333333333333
1 0.8091145833333333 0.22791666666666666 0.0109375 0.0275
1 0.8924479166666667 0.24875 0.008854166666666666 0.024166666666666666
1 0.9 0.25416666666666665 0.011458333333333333 0.02666666666666667
1 0.9861979166666667 0.3025 0.016145833333333335 0.041666666666666664
1 0.9377604166666667 0.2704166666666667 0.0140625 0.034166666666666665
2 0.6440104166666667 0.24625 0.015104166666666667 0.0575
2 0.6299479166666667 0.24333333333333335 0.0140625 0.058333333333333334
2 0.8145833333333333 0.26166666666666666 0.015625 0.06333333333333334
2 0.7955729166666666 0.25708333333333333 0.018229166666666668 0.06416666666666666
1 0.8578125 0.23791666666666667 0.010416666666666666 0.029166666666666667
