0 0.4244791666666667 0.5408333333333334 0.065625 0.16333333333333333
0 0.6794270833333333 0.3258333333333333 0.025520833333333333 0.07166666666666667
0 0.7481770833333333 0.27875 0.0171875 0.0475
0 0.7299479166666667 0.24875 0.0078125 0.0225
1 0.9505208333333334 0.32166666666666666 0.021875 0.055
1 0.8817708333333333 0.27666666666666667 0.016666666666666666 0.04
1 0.77265625 0.24291666666666667 0.016145833333333335 0.034166666666666665
0 0.5890625 0.21333333333333335 0.0125 0.03166666666666667
0 0.52109375 0.19916666666666666 0.0078125 0.021666666666666667
0 0.5299479166666666 0.18875 0.008854166666666666 0.0225
0 0.5666666666666667 0.18833333333333332 0.009375 0.021666666666666667
0 0.7119791666666667 0.205 0.00625 0.018333333333333333
0 0.7822916666666667 0.215 0.00625 0.015
0 0.8630208333333333 0.23 0.009375 0.02
0 0.9244791666666666 0.24583333333333332 0.008333333333333333 0.023333333333333334
0 0.9791666666666666 0.26208333333333333 0.00625 0.024166666666666666
0 0.9921875 0.2733333333333333 0.007291666666666667 0.018333333333333333
1 0.7348958333333333 0.23083333333333333 0.013541666666666667 0.03
1 0.6713541666666667 0.20416666666666666 0.009375 0.023333333333333334
1 0.7192708333333333 0.20916666666666667 0.009375 0.025
1 0.8192708333333333 0.22708333333333333 0.008333333333333333 0.025833333333333333
1 0.890625 0.24875 0.009375 0.0275
1 0.96171875 0.2841666666666667 0.016145833333333335 0.03333333333333333
1 0.990625 0.3045833333333333 0.011458333333333333 0.03916666666666667
1 0.9268229166666667 0.25958333333333333 0.0109375 0.030833333333333334
