0 0.4635416666666667 0.4925 0.06145833333333333 0.14333333333333334
0 0.5981770833333333 0.31333333333333335 0.0265625 0.075
1 0.7309895833333333 0.2658333333333333 0.021354166666666667 0.04666666666666667
0 0.48072916666666665 0.23333333333333334 0.015625 0.043333333333333335
0 0.45859375 0.21875 0.013020833333333334 0.0375
0 0.49322916666666666 0.18041666666666667 0.007291666666666667 0.025833333333333333
0 0.5828125 0.18333333333333332 0.008333333333333333 0.025
1 0.9286458333333333 0.3525 0.029166666666666667 0.07
1 0.8072916666666666 0.29625 0.021875 0.049166666666666664
0 0.78046875 0.21083333333333334 0.008854166666666666 0.023333333333333334
0 0.8888020833333333 0.23125 0.009895833333333333 0.0225
0 0.9716145833333333 0.2525 0.009895833333333333 0.025
1 0.6815104166666667 0.2425 0.0203125 0.045
1 0.6268229166666667 0.22541666666666665 0.0171875 0.0375
1 0.57578125 0.21583333333333332 0.018229166666666668 0.03666666666666667
1 0.5364583333333334 0.2075 0.013541666666666667 0.03
1 0.5440104166666667 0.19875 0.0109375 0.0275
1 0.6296875 0.19791666666666666 0.0125 0.024166666666666666
1 0.7630208333333334 0.21625 0.0125 0.025833333333333333
1 0.8283854166666667 0.22708333333333333 0.011979166666666667 0.029166666666666667
1 0.92734375 0.25333333333333335 0.011979166666666667 0.03333333333333333
1 0.69375 0.20375 0.009375 0.0225
1 0.9372395833333333 0.25708333333333333 0.0109375 0.030833333333333334
1 0.884375 0.24208333333333334 0.011458333333333333 0.025833333333333333
1 0.9880208333333333 0.2866666666666667 0.016666666666666666 0.03666666666666667
2 0.56640625 0.26875 0.025520833333333333 0.0825
2 0.5481770833333334 0.2604166666666667 0.0234375 0.08416666666666667
2 0.82109375 0.28625 0.024479166666666666 0.0825
2 0.7973958333333333 0.27708333333333335 0.029166666666666667 0.07916666666666666
