0 0.475 0.2841666666666667 0.028125 0.065
0 0.48854166666666665 0.2525 0.016666666666666666 0.05333333333333334
0 0.47682291666666665 0.23125 0.016145833333333335 0.0525
0 0.45625 0.20375 0.013541666666666667 0.0375
0 0.5484375 0.18958333333333333 0.011458333333333333 0.030833333333333334
0 0.6395833333333333 0.19416666666666665 0.011458333333333333 0.03166666666666667
0 0.7609375 0.205 0.0125 0.02666666666666667
0 0.9067708333333333 0.23333333333333334 0.014583333333333334 0.028333333333333332
1 0.9453125 0.40541666666666665 0.03958333333333333 0.09083333333333334
1 0.8546875 0.32958333333333334 0.035416666666666666 0.06916666666666667
1 0.7760416666666666 0.27625 0.027083333333333334 0.0625
1 0.70859375 0.24916666666666668 0.022395833333333334 0.04666666666666667
1 0.6635416666666667 0.22875 0.017708333333333333 0.0475
1 0.6875 0.21583333333333332 0.0125 0.041666666666666664
1 0.7408854166666666 0.21625 0.015104166666666667 0.034166666666666665
1 0.8143229166666667 0.22708333333333333 0.015104166666666667 0.030833333333333334
