0 0.45807291666666666 0.3875 0.04635416666666667 0.09833333333333333
0 0.5359375 0.32166666666666666 0.029166666666666667 0.07166666666666667
0 0.5479166666666667 0.28625 0.017708333333333333 0.05416666666666667
0 0.5489583333333333 0.24125 0.020833333333333332 0.04583333333333333
0 0.6822916666666666 0.23166666666666666 0.013541666666666667 0.043333333333333335
0 0.79609375 0.24 0.016145833333333335 0.035
0 0.9416666666666667 0.26416666666666666 0.010416666666666666 0.03833333333333333
1 0.96328125 0.38125 0.028645833333333332 0.07083333333333333
1 0.8674479166666667 0.32416666666666666 0.0265625 0.05333333333333334
1 0.8130208333333333 0.29083333333333333 0.01875 0.05333333333333334
1 0.8497395833333333 0.2758333333333333 0.0171875 0.041666666666666664
1 0.9174479166666667 0.28291666666666665 0.016145833333333335 0.035833333333333335
