0 0.31328125 0.5945833333333334 0.05364583333333333 0.18916666666666668
0 0.4640625 0.3025 0.034375 0.07166666666666667
0 0.49166666666666664 0.26416666666666666 0.025 0.05333333333333334
0 0.48463541666666665 0.23791666666666667 0.021354166666666667 0.050833333333333335
0 0.4708333333333333 0.20833333333333334 0.017708333333333333 0.041666666666666664
0 0.5731770833333333 0.19458333333333333 0.0140625 0.035833333333333335
0 0.6716145833333333 0.19833333333333333 0.011979166666666667 0.03333333333333333
0 0.7994791666666666 0.21291666666666667 0.009375 0.024166666666666666
0 0.9541666666666667 0.24541666666666667 0.009375 0.029166666666666667
1 0.8994791666666667 0.36 0.03854166666666667 0.08666666666666667
1 0.8114583333333333 0.2920833333333333 0.030208333333333334 0.0625
1 0.73671875 0.26125 0.0296875 0.049166666666666664
1 0.6924479166666667 0.2375 0.018229166666666668 0.045
1 0.7192708333333333 0.22458333333333333 0.016666666666666666 0.03916666666666667
1 0.7783854166666667 0.22958333333333333 0.016145833333333335 0.035833333333333335
1 0.8583333333333333 0.23791666666666667 0.014583333333333334 0.035833333333333335
1 0.9526041666666667 0.25583333333333336 0.013541666666666667 0.028333333333333332
