0 0.43828125 0.5266666666666666 0.058854166666666666 0.16166666666666665
0 0.6830729166666667 0.3225 0.022395833333333334 0.075
0 0.74765625 0.27791666666666665 0.018229166666666668 0.049166666666666664
0 0.7302083333333333 0.24916666666666668 0.00625 0.028333333333333332
1 0.9497395833333333 0.31875 0.022395833333333334 0.0475
1 0.88125 0.2758333333333333 0.016666666666666666 0.03666666666666667
1 0.7729166666666667 0.24083333333333334 0.013541666666666667 0.03166666666666667
0 0.5893229166666667 0.21791666666666668 0.011979166666666667 0.034166666666666665
0 0.5229166666666667 0.19625 0.009375 0.0225
0 0.5299479166666666 0.18875 0.0067708333333333336 0.0225
0 0.56796875 0.18916666666666668 0.009895833333333333 0.021666666666666667
0 0.7138020833333333 0.20708333333333334 0.0078125 0.015833333333333335
0 0.78203125 0.21708333333333332 0.0067708333333333336 0.0175
0 0.8622395833333333 0.23041666666666666 0.0078125 0.014166666666666666
0 0.92421875 0.24583333333333332 0.0067708333333333336 0.015
0 0.9791666666666666 0.2654166666666667 0.009375 0.019166666666666665
0 0.99296875 0.27125 0.008854166666666666 0.020833333333333332
1 0.73515625 0.23125 0.0140625 0.034166666666666665
1 0.671875 0.20041666666666666 0.010416666666666666 0.029166666666666667
1 0.7184895833333333 0.20958333333333334 0.008854166666666666 0.024166666666666666
1 0.8192708333333333 0.22458333333333333 0.008333333333333333 0.020833333333333332
1 0.8911458333333333 0.24708333333333332 0.008333333333333333 0.025833333333333333
1 0.9619791666666667 0.28041666666666665 0.013541666666666667 0.034166666666666665
1 0.9911458333333333 0.3020833333333333 0.0125 0.04083333333333333
1 0.9260416666666667 0.26125 0.011458333333333333 0.025833333333333333
