0 0.5338541666666666 0.37125 0.0375 0.09416666666666666
0 0.5966145833333333 0.315 0.024479166666666666 0.06666666666666667
0 0.6028645833333334 0.28458333333333335 0.0265625 0.05583333333333333
0 0.6036458333333333 0.24291666666666667 0.019791666666666666 0.0425
0 0.728125 0.23291666666666666 0.014583333333333334 0.034166666666666665
0 0.840625 0.24166666666666667 0.013541666666666667 0.03833333333333333
0 0.9828125 0.27125 0.014583333333333334 0.0325
1 0.90859375 0.32416666666666666 0.027604166666666666 0.06
1 0.85546875 0.29125 0.0203125 0.0525
1 0.89140625 0.2783333333333333 0.018229166666666668 0.045
1 0.9578125 0.28625 0.01875 0.03916666666666667
