0 0.39739583333333334 0.5491666666666667 0.06354166666666666 0.17166666666666666
0 0.5861979166666667 0.32708333333333334 0.0296875 0.08416666666666667
1 0.73203125 0.2675 0.021354166666666667 0.051666666666666666
0 0.4703125 0.23208333333333334 0.017708333333333333 0.0425
0 0.44895833333333335 0.22083333333333333 0.014583333333333334 0.035
0 0.42526041666666664 0.21416666666666667 0.011979166666666667 0.041666666666666664
0 0.42864583333333334 0.18125 0.008333333333333333 0.024166666666666666
0 0.49140625 0.17833333333333334 0.009895833333333333 0.02666666666666667
0 0.5833333333333334 0.18333333333333332 0.009375 0.02
0 0.784375 0.20833333333333334 0.008333333333333333 0.021666666666666667
1 0.9390625 0.3641666666666667 0.03125 0.075
1 0.8106770833333333 0.2995833333333333 0.0234375 0.05583333333333333
1 0.6794270833333333 0.24625 0.019270833333333334 0.04083333333333333
1 0.6236979166666666 0.22416666666666665 0.016145833333333335 0.04
1 0.571875 0.21708333333333332 0.017708333333333333 0.0325
1 0.5333333333333333 0.20333333333333334 0.0125 0.03
1 0.5419270833333333 0.19791666666666666 0.011979166666666667 0.0325
1 0.5763020833333333 0.19416666666666665 0.013020833333333334 0.03166666666666667
1 0.6294270833333333 0.19833333333333333 0.013020833333333334 0.03166666666666667
1 0.76640625 0.21333333333333335 0.011979166666666667 0.03166666666666667
1 0.8330729166666667 0.22791666666666666 0.011979166666666667 0.025833333333333333
1 0.9338541666666667 0.255 0.011458333333333333 0.03
1 0.696875 0.20541666666666666 0.009375 0.025833333333333333
1 0.9447916666666667 0.26125 0.010416666666666666 0.0325
1 0.8911458333333333 0.2425 0.010416666666666666 0.02666666666666667
0 0.8947916666666667 0.23125 0.010416666666666666 0.0275
0 0.9799479166666667 0.25583333333333336 0.009895833333333333 0.03
2 0.5552083333333333 0.27125 0.03125 0.09583333333333334
2 0.5356770833333333 0.2633333333333333 0.025520833333333333 0.09166666666666666
2 0.828125 0.29125 0.026041666666666668 0.08583333333333333
2 0.79765625 0.2833333333333333 0.027604166666666666 0.08666666666666667
