0 0.3640625 0.4925 0.059375 0.14166666666666666
0 0.38203125 0.3854166666666667 0.0390625 0.09916666666666667
0 0.18828125 0.2970833333333333 0.025520833333333333 0.0675
0 0.10364583333333334 0.23875 0.016666666666666666 0.0525
0 0.13567708333333334 0.20958333333333334 0.0140625 0.04083333333333333
0 0.23776041666666667 0.19625 0.009895833333333333 0.035833333333333335
0 0.9083333333333333 0.265 0.0125 0.03333333333333333
0 0.7627604166666667 0.23583333333333334 0.009895833333333333 0.028333333333333332
1 0.9794270833333333 0.4608333333333333 0.0359375 0.11
1 0.784375 0.3566666666666667 0.035416666666666666 0.08333333333333333
1 0.50625 0.28791666666666665 0.021875 0.06583333333333333
1 0.846875 0.26416666666666666 0.017708333333333333 0.043333333333333335
1 0.9388020833333334 0.2866666666666667 0.019270833333333334 0.045
