0 0.08880208333333334 0.73375 0.10260416666666666 0.24583333333333332
0 0.59140625 0.355 0.0328125 0.085
0 0.55078125 0.31375 0.0234375 0.07083333333333333
0 0.37421875 0.25708333333333333 0.0203125 0.05583333333333333
0 0.26458333333333334 0.2175 0.015625 0.04
0 0.25807291666666665 0.19375 0.0078125 0.034166666666666665
0 0.32317708333333334 0.19208333333333333 0.008854166666666666 0.035833333333333335
0 0.8963541666666667 0.25625 0.013541666666666667 0.0325
0 0.76953125 0.23291666666666666 0.0078125 0.029166666666666667
1 0.9859375 0.3 0.0125 0.03
1 0.9239583333333333 0.27416666666666667 0.014583333333333334 0.03
1 0.8450520833333334 0.255 0.0140625 0.03
1 0.93515625 0.36625 0.0296875 0.07083333333333333
1 0.8059895833333334 0.31083333333333335 0.0203125 0.06166666666666667
1 0.5888020833333333 0.2604166666666667 0.0140625 0.04583333333333333
1 0.48359375 0.235 0.009895833333333333 0.03333333333333333
1 0.45234375 0.22208333333333333 0.008854166666666666 0.030833333333333334
1 0.46979166666666666 0.215 0.009375 0.025
1 0.5208333333333334 0.21 0.00625 0.025
1 0.5927083333333333 0.21708333333333332 0.00625 0.019166666666666665
1 0.6734375 0.22166666666666668 0.005208333333333333 0.018333333333333333
0 0.6455729166666667 0.21458333333333332 0.0067708333333333336 0.0225
0 0.41484375 0.19208333333333333 0.0078125 0.020833333333333332
