0 0.31614583333333335 0.56125 0.07604166666666666 0.18416666666666667
0 0.6552083333333333 0.3254166666666667 0.025 0.07083333333333333
0 0.7109375 0.27166666666666667 0.015625 0.04666666666666667
0 0.6713541666666667 0.2554166666666667 0.011458333333333333 0.04083333333333333
0 0.5421875 0.22625 0.009375 0.030833333333333334
0 0.8817708333333333 0.23583333333333334 0.010416666666666666 0.02666666666666667
0 0.7776041666666667 0.22166666666666668 0.007291666666666667 0.023333333333333334
0 0.9794270833333333 0.26458333333333334 0.0078125 0.025833333333333333
1 0.9455729166666667 0.31666666666666665 0.022395833333333334 0.05333333333333334
1 0.8989583333333333 0.28791666666666665 0.01875 0.049166666666666664
1 0.815625 0.26 0.020833333333333332 0.043333333333333335
1 0.8401041666666667 0.23708333333333334 0.011458333333333333 0.029166666666666667
1 0.9020833333333333 0.24958333333333332 0.010416666666666666 0.025833333333333333
1 0.94765625 0.26416666666666666 0.015104166666666667 0.03166666666666667
1 0.9734375 0.27666666666666667 0.0125 0.035
