0 0.4708333333333333 0.2916666666666667 0.03125 0.07333333333333333
0 0.37005208333333334 0.5225 0.05364583333333333 0.15666666666666668
0 0.48984375 0.2529166666666667 0.0203125 0.0525
0 0.4817708333333333 0.22875 0.016666666666666666 0.0475
0 0.4630208333333333 0.20291666666666666 0.016666666666666666 0.04583333333333333
0 0.5606770833333333 0.18541666666666667 0.0140625 0.03916666666666667
1 0.978125 0.42833333333333334 0.03958333333333333 0.10666666666666667
1 0.8770833333333333 0.3375 0.034375 0.085
1 0.79453125 0.27875 0.025520833333333333 0.06583333333333333
1 0.72421875 0.25 0.025520833333333333 0.05
1 0.6791666666666667 0.2275 0.019791666666666666 0.05
1 0.70390625 0.21458333333333332 0.015104166666666667 0.04583333333333333
1 0.7609375 0.22125 0.016666666666666666 0.0375
1 0.8375 0.22833333333333333 0.014583333333333334 0.035
1 0.9286458333333333 0.24458333333333335 0.011458333333333333 0.029166666666666667
0 0.6567708333333333 0.18958333333333333 0.0125 0.030833333333333334
0 0.7807291666666667 0.20708333333333334 0.0125 0.030833333333333334
2 0.3458333333333333 0.5129166666666667 0.09270833333333334 0.29583333333333334
2 0.3692708333333333 0.4508333333333333 0.06770833333333333 0.245
