0 0.5895833333333333 0.3770833333333333 0.040625 0.10083333333333333
0 0.6291666666666667 0.2875 0.016666666666666666 0.055
1 0.7260416666666667 0.255 0.01875 0.041666666666666664
1 0.890625 0.3179166666666667 0.023958333333333335 0.0575
1 0.7890625 0.27625 0.022916666666666665 0.0475
0 0.5828125 0.2604166666666667 0.017708333333333333 0.0525
1 0.67890625 0.23583333333333334 0.0171875 0.04
0 0.76015625 0.20875 0.0078125 0.019166666666666665
0 0.5760416666666667 0.185 0.008333333333333333 0.021666666666666667
1 0.6268229166666667 0.21875 0.0171875 0.0375
1 0.57734375 0.21166666666666667 0.0140625 0.03166666666666667
0 0.8604166666666667 0.22625 0.009375 0.024166666666666666
0 0.9375 0.24541666666666667 0.009375 0.024166666666666666
1 0.5395833333333333 0.20333333333333334 0.0125 0.028333333333333332
1 0.74375 0.20916666666666667 0.011458333333333333 0.02666666666666667
1 0.8052083333333333 0.22166666666666668 0.010416666666666666 0.02666666666666667
1 0.8963541666666667 0.245 0.011458333333333333 0.03
1 0.8567708333333334 0.235 0.010416666666666666 0.025
1 0.6200520833333333 0.19541666666666666 0.0109375 0.029166666666666667
1 0.9046875 0.25125 0.009375 0.034166666666666665
1 0.9484375 0.2725 0.015625 0.035
2 0.59453125 0.25125 0.0234375 0.0775
2 0.5765625 0.245 0.017708333333333333 0.06833333333333333
2 0.80546875 0.26666666666666666 0.0203125 0.07166666666666667
2 0.7817708333333333 0.26208333333333333 0.021875 0.06916666666666667
