0 0.5833333333333334 0.38208333333333333 0.041666666666666664 0.10083333333333333
0 0.7104166666666667 0.2945833333333333 0.017708333333333333 0.0525
0 0.7380208333333333 0.26208333333333333 0.014583333333333334 0.0425
1 0.9674479166666666 0.35125 0.028645833333333332 0.06916666666666667
0 0.878125 0.23916666666666667 0.009375 0.02666666666666667
1 0.8229166666666666 0.25875 0.015625 0.0375
0 0.9661458333333334 0.26375 0.008333333333333333 0.0275
1 0.9286458333333333 0.3 0.017708333333333333 0.045
1 0.8916666666666667 0.2775 0.017708333333333333 0.041666666666666664
1 0.8390625 0.235 0.0125 0.02666666666666667
1 0.8963541666666667 0.2520833333333333 0.0125 0.030833333333333334
1 0.93828125 0.265 0.013020833333333334 0.03
1 0.95859375 0.2733333333333333 0.0109375 0.03166666666666667
1 0.98828125 0.29333333333333333 0.015104166666666667 0.03666666666666667
