0 0.5182291666666666 0.4404166666666667 0.04583333333333333 0.1275
0 0.6106770833333334 0.30291666666666667 0.0171875 0.06583333333333333
1 0.7291666666666666 0.26 0.01875 0.04666666666666667
0 0.48854166666666665 0.22958333333333333 0.0125 0.03916666666666667
0 0.49296875 0.18125 0.009895833333333333 0.024166666666666666
0 0.5796875 0.18416666666666667 0.007291666666666667 0.02666666666666667
1 0.9138020833333333 0.33708333333333335 0.0265625 0.06416666666666666
1 0.8013020833333333 0.28875 0.022395833333333334 0.049166666666666664
0 0.7731770833333333 0.2075 0.008854166666666666 0.021666666666666667
0 0.8770833333333333 0.22791666666666666 0.008333333333333333 0.0275
0 0.9580729166666667 0.25 0.009895833333333333 0.03
1 0.6796875 0.24208333333333334 0.017708333333333333 0.04083333333333333
1 0.62578125 0.22166666666666668 0.015104166666666667 0.03666666666666667
1 0.5752604166666667 0.21416666666666667 0.015104166666666667 0.03333333333333333
1 0.5361979166666667 0.20375 0.0109375 0.0275
1 0.5419270833333333 0.19416666666666665 0.011979166666666667 0.028333333333333332
1 0.7541666666666667 0.21083333333333334 0.0125 0.03
1 0.8203125 0.22583333333333333 0.0125 0.03
1 0.9151041666666667 0.24875 0.011458333333333333 0.029166666666666667
1 0.8744791666666667 0.23875 0.011458333333333333 0.0275
1 0.62578125 0.19541666666666666 0.013020833333333334 0.030833333333333334
1 0.9239583333333333 0.2554166666666667 0.0125 0.030833333333333334
1 0.97265625 0.27958333333333335 0.018229166666666668 0.04083333333333333
2 0.57578125 0.26416666666666666 0.025520833333333333 0.08333333333333333
2 0.5580729166666667 0.25708333333333333 0.024479166666666666 0.0825
2 0.8166666666666667 0.2775 0.021875 0.07833333333333334
2 0.790625 0.27125 0.025 0.07416666666666667
