0 0.5635416666666667 0.4866666666666667 0.06354166666666666 0.15166666666666667
0 0.7817708333333333 0.3225 0.022916666666666665 0.06333333333333334
0 0.8375 0.2791666666666667 0.0125 0.04666666666666667
0 0.8661458333333333 0.2625 0.0125 0.03333333333333333
1 0.9653645833333333 0.2679166666666667 0.013020833333333334 0.030833333333333334
1 0.98046875 0.25333333333333335 0.0046875 0.015
1 0.9744791666666667 0.24416666666666667 0.004166666666666667 0.015
1 0.95 0.24291666666666667 0.007291666666666667 0.019166666666666665
1 0.9166666666666666 0.25 0.008333333333333333 0.025
1 0.8763020833333334 0.24083333333333334 0.0109375 0.021666666666666667
1 0.8697916666666666 0.22083333333333333 0.00625 0.018333333333333333
1 0.8455729166666667 0.2325 0.008854166666666666 0.025
1 0.8244791666666667 0.20916666666666667 0.00625 0.016666666666666666
1 0.7419270833333333 0.21 0.0046875 0.025
1 0.73671875 0.20541666666666666 0.0067708333333333336 0.020833333333333332
1 0.8072916666666666 0.2225 0.005208333333333333 0.02
