0 0.47734375 0.39166666666666666 0.03697916666666667 0.10833333333333334
1 0.7294270833333333 0.2875 0.025520833333333333 0.056666666666666664
0 0.4200520833333333 0.24416666666666667 0.0203125 0.04833333333333333
0 0.40625 0.22458333333333333 0.016666666666666666 0.04083333333333333
0 0.38385416666666666 0.21125 0.0125 0.03916666666666667
0 0.35260416666666666 0.1925 0.013541666666666667 0.035
0 0.4114583333333333 0.18083333333333335 0.0125 0.03
0 0.48541666666666666 0.1775 0.009375 0.03
0 0.584375 0.18291666666666667 0.009375 0.024166666666666666
0 0.803125 0.215 0.009375 0.023333333333333334
1 0.8231770833333333 0.33625 0.0234375 0.0725
1 0.67109375 0.26 0.025520833333333333 0.051666666666666666
1 0.6122395833333333 0.23208333333333334 0.0203125 0.0475
1 0.5567708333333333 0.21708333333333332 0.017708333333333333 0.03916666666666667
1 0.51796875 0.20375 0.015104166666666667 0.035833333333333335
1 0.5315104166666667 0.19625 0.0140625 0.035833333333333335
1 0.5723958333333333 0.19625 0.013541666666666667 0.03916666666666667
1 0.6325520833333333 0.19916666666666666 0.013020833333333334 0.03
1 0.7825520833333334 0.21958333333333332 0.0140625 0.030833333333333334
1 0.8559895833333333 0.23541666666666666 0.0140625 0.0325
1 0.91953125 0.25333333333333335 0.0109375 0.02666666666666667
1 0.9682291666666667 0.265 0.014583333333333334 0.03333333333333333
1 0.9815104166666667 0.275 0.0140625 0.035
1 0.70703125 0.2075 0.0140625 0.028333333333333332
0 0.9229166666666667 0.24375 0.011458333333333333 0.0275
2 0.47578125 0.2991666666666667 0.0421875 0.12166666666666667
2 0.45989583333333334 0.28375 0.036458333333333336 0.11416666666666667
2 0.84140625 0.32416666666666666 0.04010416666666667 0.11166666666666666
2 0.8078125 0.31333333333333335 0.0375 0.11166666666666666
