37 0.4666666666666667 0.3 0.03125 0.07166666666666667
36 0.48932291666666666 0.26208333333333333 0.0234375 0.050833333333333335
35 0.48411458333333335 0.2375 0.0203125 0.05
34 0.46822916666666664 0.20625 0.017708333333333333 0.04083333333333333
33 0.5697916666666667 0.1925 0.0125 0.03666666666666667
32 0.6669270833333333 0.19708333333333333 0.0109375 0.030833333333333334
31 0.79375 0.21208333333333335 0.011458333333333333 0.029166666666666667
0 0.32135416666666666 0.5725 0.06979166666666667 0.17666666666666667
77 0.8919270833333334 0.35625 0.03802083333333333 0.07916666666666666
76 0.8057291666666667 0.29125 0.028125 0.06416666666666666
75 0.7341145833333333 0.25875 0.0265625 0.0525
74 0.68828125 0.23416666666666666 0.019270833333333334 0.04666666666666667
73 0.7158854166666667 0.22291666666666668 0.018229166666666668 0.03916666666666667
72 0.77265625 0.22708333333333333 0.016145833333333335 0.0375
71 0.8515625 0.23541666666666666 0.014583333333333334 0.0325
70 0.9453125 0.25583333333333336 0.0125 0.03
