37 0.4627604166666667 0.3779166666666667 0.043229166666666666 0.10083333333333333
36 0.5330729166666667 0.3145833333333333 0.030729166666666665 0.07083333333333333
35 0.5395833333333333 0.2808333333333333 0.025 0.06166666666666667
34 0.5419270833333333 0.24041666666666667 0.022395833333333334 0.04583333333333333
33 0.66953125 0.22708333333333333 0.015104166666666667 0.0375
32 0.7833333333333333 0.23666666666666666 0.0125 0.03333333333333333
31 0.9265625 0.26 0.013541666666666667 0.03
76 0.9455729166666667 0.37333333333333335 0.0359375 0.08
75 0.853125 0.31875 0.03125 0.0625
74 0.8005208333333333 0.28583333333333333 0.022916666666666665 0.05333333333333334
73 0.8354166666666667 0.2708333333333333 0.01875 0.043333333333333335
72 0.90234375 0.27791666666666665 0.018229166666666668 0.04083333333333333
