37 0.45807291666666666 0.39416666666666667 0.0453125 0.10333333333333333
36 0.5380208333333333 0.3254166666666667 0.03229166666666667 0.07583333333333334
35 0.5484375 0.2920833333333333 0.025 0.0575
34 0.5526041666666667 0.24541666666666667 0.022916666666666665 0.04583333333333333
33 0.6877604166666667 0.23375 0.0140625 0.03916666666666667
32 0.803125 0.24416666666666667 0.013541666666666667 0.03333333333333333
31 0.9486979166666667 0.26916666666666667 0.0140625 0.03333333333333333
76 0.9700520833333334 0.38875 0.0390625 0.08416666666666667
75 0.8739583333333333 0.32916666666666666 0.029166666666666667 0.06333333333333334
74 0.8203125 0.29291666666666666 0.020833333333333332 0.0525
73 0.8559895833333333 0.28 0.019270833333333334 0.04833333333333333
72 0.9252604166666667 0.28625 0.015104166666666667 0.04416666666666667
