37 0.4669270833333333 0.34041666666666665 0.0359375 0.0875
36 0.5140625 0.2925 0.027083333333333334 0.055
35 0.5140625 0.2633333333333333 0.022916666666666665 0.05333333333333334
34 0.5080729166666667 0.22416666666666665 0.016145833333333335 0.043333333333333335
33 0.6244791666666667 0.2125 0.013541666666666667 0.03333333333333333
32 0.73125 0.21958333333333332 0.015625 0.034166666666666665
31 0.865625 0.24083333333333334 0.013541666666666667 0.028333333333333332
0 0.06666666666666667 0.8304166666666667 0.10208333333333333 0.2808333333333333
77 0.9791666666666666 0.4241666666666667 0.03854166666666667 0.09666666666666666
76 0.8783854166666667 0.3325 0.0328125 0.07166666666666667
75 0.7966145833333333 0.29083333333333333 0.027604166666666666 0.05333333333333334
74 0.7486979166666666 0.26208333333333333 0.019270833333333334 0.049166666666666664
73 0.7809895833333333 0.2520833333333333 0.019270833333333334 0.04416666666666667
72 0.8427083333333333 0.255 0.016666666666666666 0.041666666666666664
71 0.928125 0.2679166666666667 0.016666666666666666 0.0375
