37 0.4666666666666667 0.36333333333333334 0.040625 0.09166666666666666
36 0.5265625 0.3045833333333333 0.028125 0.0675
35 0.5317708333333333 0.2758333333333333 0.021875 0.056666666666666664
34 0.5299479166666666 0.23416666666666666 0.021354166666666667 0.045
33 0.65390625 0.2225 0.013020833333333334 0.03833333333333333
32 0.7643229166666666 0.23166666666666666 0.013020833333333334 0.03333333333333333
31 0.9049479166666666 0.25416666666666665 0.013020833333333334 0.03166666666666667
76 0.9197916666666667 0.35625 0.036458333333333336 0.0775
75 0.8328125 0.30833333333333335 0.029166666666666667 0.058333333333333334
74 0.7817708333333333 0.2758333333333333 0.019791666666666666 0.051666666666666666
73 0.8151041666666666 0.26416666666666666 0.019791666666666666 0.043333333333333335
72 0.8815104166666666 0.2679166666666667 0.0171875 0.03916666666666667
71 0.96953125 0.2825 0.018229166666666668 0.03833333333333333
