1 0.18541666666666667 0.8358333333333333 0.1125 0.28833333333333333
37 0.4744791666666667 0.2791666666666667 0.026041666666666668 0.058333333333333334
36 0.48203125 0.25 0.0203125 0.05
35 0.4700520833333333 0.23291666666666666 0.016145833333333335 0.04583333333333333
34 0.4484375 0.20291666666666666 0.016666666666666666 0.04083333333333333
33 0.5356770833333333 0.18916666666666668 0.011979166666666667 0.03166666666666667
32 0.62421875 0.19291666666666665 0.0109375 0.029166666666666667
31 0.7424479166666667 0.20333333333333334 0.0109375 0.028333333333333332
78 0.9192708333333334 0.38916666666666666 0.041666666666666664 0.09166666666666666
77 0.8341145833333333 0.31958333333333333 0.03177083333333333 0.06916666666666667
76 0.759375 0.2704166666666667 0.026041666666666668 0.05583333333333333
75 0.6924479166666667 0.24375 0.0234375 0.049166666666666664
74 0.6510416666666666 0.22625 0.019791666666666666 0.0425
73 0.6716145833333333 0.21291666666666667 0.019270833333333334 0.034166666666666665
72 0.7252604166666666 0.21833333333333332 0.0171875 0.03666666666666667
71 0.7981770833333334 0.22666666666666666 0.0140625 0.03166666666666667
70 0.8848958333333333 0.24125 0.0125 0.030833333333333334
69 0.9755208333333333 0.25833333333333336 0.0125 0.03166666666666667
