1 0.16848958333333333 0.8529166666666667 0.11510416666666666 0.2875
37 0.475 0.2808333333333333 0.026041666666666668 0.06166666666666667
36 0.484375 0.25125 0.020833333333333332 0.0525
35 0.4713541666666667 0.22875 0.019791666666666666 0.0475
34 0.45026041666666666 0.20333333333333334 0.016145833333333335 0.03833333333333333
33 0.53671875 0.19041666666666668 0.011979166666666667 0.0325
32 0.6276041666666666 0.1925 0.011458333333333333 0.03
31 0.7455729166666667 0.20791666666666667 0.011979166666666667 0.029166666666666667
78 0.9234375 0.3908333333333333 0.042708333333333334 0.095
77 0.8375 0.32125 0.03229166666666667 0.07083333333333333
76 0.7625 0.27208333333333334 0.025 0.05583333333333333
75 0.6966145833333334 0.24625 0.0234375 0.049166666666666664
74 0.6520833333333333 0.22625 0.017708333333333333 0.04416666666666667
73 0.6739583333333333 0.21625 0.017708333333333333 0.0375
72 0.72734375 0.21916666666666668 0.015104166666666667 0.03666666666666667
71 0.8010416666666667 0.22625 0.015625 0.0325
70 0.8877604166666667 0.24208333333333334 0.011979166666666667 0.025833333333333333
69 0.9794270833333333 0.2625 0.0140625 0.03333333333333333
