1 0.15260416666666668 0.8625 0.12083333333333333 0.27
37 0.4734375 0.28208333333333335 0.028125 0.060833333333333336
36 0.48489583333333336 0.25 0.019791666666666666 0.05
35 0.47213541666666664 0.23208333333333334 0.0203125 0.0425
34 0.4510416666666667 0.20416666666666666 0.015625 0.03666666666666667
33 0.5385416666666667 0.19041666666666668 0.011458333333333333 0.0325
32 0.6283854166666667 0.19291666666666665 0.011979166666666667 0.030833333333333334
31 0.7481770833333333 0.20625 0.0109375 0.0275
78 0.9265625 0.39375 0.03958333333333333 0.09083333333333334
77 0.8393229166666667 0.3233333333333333 0.033854166666666664 0.07333333333333333
76 0.7643229166666666 0.27375 0.0265625 0.05583333333333333
75 0.6981770833333333 0.24625 0.024479166666666666 0.049166666666666664
74 0.6541666666666667 0.22791666666666666 0.017708333333333333 0.0425
73 0.6778645833333333 0.21791666666666668 0.0171875 0.0375
72 0.7299479166666667 0.22041666666666668 0.019270833333333334 0.04083333333333333
71 0.8028645833333333 0.22791666666666666 0.0140625 0.0325
70 0.890625 0.2425 0.0125 0.02666666666666667
69 0.98203125 0.26166666666666666 0.0140625 0.03333333333333333
