37 0.471875 0.28875 0.028125 0.07083333333333333
36 0.48984375 0.2529166666666667 0.022395833333333334 0.05416666666666667
35 0.4822916666666667 0.22958333333333333 0.022916666666666665 0.04583333333333333
34 0.46380208333333334 0.20166666666666666 0.015104166666666667 0.04
33 0.5591145833333333 0.1875 0.0140625 0.035
32 0.6552083333333333 0.19125 0.011458333333333333 0.0325
31 0.7794270833333333 0.20666666666666667 0.011979166666666667 0.03
0 0.3731770833333333 0.5216666666666666 0.05260416666666667 0.15833333333333333
77 0.87578125 0.34 0.03697916666666667 0.07833333333333334
78 0.97578125 0.42833333333333334 0.0453125 0.10333333333333333
76 0.7932291666666667 0.28 0.028125 0.06
75 0.7236979166666667 0.24958333333333332 0.024479166666666666 0.04583333333333333
74 0.6778645833333333 0.22833333333333333 0.018229166666666668 0.04666666666666667
73 0.7044270833333334 0.21791666666666668 0.018229166666666668 0.04083333333333333
72 0.7588541666666667 0.22 0.01875 0.04
71 0.83515625 0.22958333333333333 0.018229166666666668 0.035833333333333335
70 0.928125 0.24708333333333332 0.0125 0.024166666666666666
