37 0.47552083333333334 0.2833333333333333 0.028125 0.06333333333333334
36 0.48776041666666664 0.25333333333333335 0.019270833333333334 0.051666666666666666
35 0.475 0.23166666666666666 0.019791666666666666 0.041666666666666664
34 0.45416666666666666 0.20375 0.015625 0.035833333333333335
33 0.54375 0.19041666666666668 0.011458333333333333 0.0325
32 0.6356770833333333 0.19291666666666665 0.0109375 0.029166666666666667
31 0.7552083333333334 0.20625 0.010416666666666666 0.025833333333333333
78 0.9372395833333333 0.3983333333333333 0.03697916666666667 0.09166666666666666
77 0.8484375 0.32666666666666666 0.03125 0.06833333333333333
76 0.7700520833333333 0.2758333333333333 0.027604166666666666 0.06
75 0.703125 0.24666666666666667 0.023958333333333335 0.04833333333333333
74 0.6596354166666667 0.22833333333333333 0.0171875 0.041666666666666664
73 0.68203125 0.2175 0.018229166666666668 0.035
72 0.7364583333333333 0.22083333333333333 0.015625 0.035
71 0.8096354166666667 0.2275 0.015104166666666667 0.03333333333333333
70 0.8986979166666667 0.24333333333333335 0.013020833333333334 0.02666666666666667
69 0.9908854166666666 0.2633333333333333 0.013020833333333334 0.03166666666666667
