37 0.4747395833333333 0.28208333333333335 0.0265625 0.060833333333333336
36 0.48541666666666666 0.25125 0.01875 0.049166666666666664
35 0.47239583333333335 0.23333333333333334 0.019791666666666666 0.043333333333333335
34 0.45208333333333334 0.20333333333333334 0.014583333333333334 0.03666666666666667
33 0.540625 0.19041666666666668 0.0125 0.0325
32 0.6315104166666666 0.1925 0.013020833333333334 0.03
31 0.7505208333333333 0.20666666666666667 0.011458333333333333 0.02666666666666667
78 0.9302083333333333 0.39458333333333334 0.03854166666666667 0.08916666666666667
77 0.84296875 0.325 0.033854166666666664 0.07166666666666667
76 0.7671875 0.27416666666666667 0.025 0.05333333333333334
75 0.69921875 0.2475 0.022395833333333334 0.04833333333333333
74 0.65546875 0.22875 0.0171875 0.04083333333333333
73 0.67890625 0.21708333333333332 0.018229166666666668 0.03916666666666667
72 0.7325520833333333 0.21958333333333332 0.016145833333333335 0.0375
71 0.8057291666666667 0.22625 0.014583333333333334 0.0325
70 0.89375 0.24291666666666667 0.0125 0.025833333333333333
69 0.98515625 0.26166666666666666 0.013020833333333334 0.035
