37 0.4752604166666667 0.2825 0.027604166666666666 0.06
36 0.4869791666666667 0.25333333333333335 0.019791666666666666 0.051666666666666666
35 0.4734375 0.23208333333333334 0.01875 0.0475
34 0.45416666666666666 0.20333333333333334 0.015625 0.03666666666666667
33 0.5419270833333333 0.18875 0.011979166666666667 0.0325
32 0.6330729166666667 0.19291666666666665 0.011979166666666667 0.029166666666666667
31 0.7528645833333333 0.20583333333333334 0.011979166666666667 0.02666666666666667
78 0.9346354166666667 0.3958333333333333 0.03802083333333333 0.095
77 0.8455729166666667 0.3254166666666667 0.033854166666666664 0.07083333333333333
76 0.7692708333333333 0.275 0.026041666666666668 0.058333333333333334
75 0.7013020833333333 0.24625 0.024479166666666666 0.049166666666666664
74 0.6580729166666667 0.22916666666666666 0.018229166666666668 0.041666666666666664
73 0.6807291666666667 0.21833333333333332 0.015625 0.03666666666666667
72 0.734375 0.22083333333333333 0.016666666666666666 0.035
71 0.8078125 0.22791666666666666 0.014583333333333334 0.034166666666666665
70 0.8958333333333334 0.24333333333333335 0.011458333333333333 0.02666666666666667
69 0.9877604166666667 0.26166666666666666 0.0140625 0.03333333333333333
