37 0.41848958333333336 0.4525 0.0546875 0.12333333333333334
36 0.5421875 0.35625 0.036458333333333336 0.08583333333333333
35 0.5643229166666667 0.3145833333333333 0.027604166666666666 0.07083333333333333
34 0.578125 0.2608333333333333 0.020833333333333332 0.051666666666666666
33 0.7270833333333333 0.24833333333333332 0.014583333333333334 0.03833333333333333
32 0.8515625 0.26166666666666666 0.014583333333333334 0.035
75 0.92890625 0.3591666666666667 0.0328125 0.07
74 0.86953125 0.31916666666666665 0.025520833333333333 0.058333333333333334
73 0.9080729166666667 0.3 0.022395833333333334 0.05
72 0.9822916666666667 0.30916666666666665 0.017708333333333333 0.043333333333333335
