1 0.17682291666666666 0.8466666666666667 0.1171875 0.29
37 0.47421875 0.28 0.0265625 0.056666666666666664
36 0.48333333333333334 0.25083333333333335 0.01875 0.04833333333333333
35 0.47109375 0.23166666666666666 0.019270833333333334 0.043333333333333335
34 0.44947916666666665 0.20291666666666666 0.014583333333333334 0.0375
33 0.5359375 0.19083333333333333 0.011458333333333333 0.03166666666666667
32 0.6260416666666667 0.19291666666666665 0.0125 0.029166666666666667
31 0.7442708333333333 0.205 0.011458333333333333 0.025
78 0.9223958333333333 0.3904166666666667 0.041666666666666664 0.09083333333333334
77 0.8359375 0.32125 0.035416666666666666 0.07083333333333333
76 0.76171875 0.27125 0.025520833333333333 0.059166666666666666
75 0.6940104166666666 0.24541666666666667 0.0234375 0.04583333333333333
74 0.6502604166666667 0.22625 0.019270833333333334 0.03916666666666667
73 0.6736979166666667 0.21541666666666667 0.018229166666666668 0.035833333333333335
72 0.7263020833333333 0.2175 0.0171875 0.035
71 0.7989583333333333 0.225 0.014583333333333334 0.03333333333333333
70 0.8859375 0.24125 0.0125 0.024166666666666666
69 0.9770833333333333 0.26 0.0125 0.035
