37 0.4669270833333333 0.33208333333333334 0.0359375 0.0825
36 0.5088541666666667 0.28541666666666665 0.025 0.05583333333333333
35 0.5065104166666666 0.25625 0.021354166666666667 0.0525
34 0.5 0.22208333333333333 0.016666666666666666 0.04416666666666667
33 0.6130208333333333 0.20791666666666667 0.014583333333333334 0.0375
32 0.71796875 0.21375 0.013020833333333334 0.0375
31 0.8513020833333333 0.23458333333333334 0.011979166666666667 0.029166666666666667
0 0.134375 0.76125 0.10416666666666667 0.25416666666666665
77 0.9635416666666666 0.4083333333333333 0.04375 0.095
76 0.8640625 0.32375 0.03229166666666667 0.06916666666666667
75 0.7838541666666666 0.28291666666666665 0.025 0.0525
74 0.7369791666666666 0.25708333333333333 0.020833333333333332 0.049166666666666664
73 0.7669270833333334 0.24583333333333332 0.018229166666666668 0.041666666666666664
72 0.82890625 0.2504166666666667 0.015104166666666667 0.03916666666666667
71 0.9125 0.26125 0.016666666666666666 0.034166666666666665
