37 0.4666666666666667 0.29541666666666666 0.03125 0.06916666666666667
36 0.48932291666666666 0.25833333333333336 0.022395833333333334 0.055
35 0.4822916666666667 0.23333333333333334 0.022916666666666665 0.051666666666666666
34 0.465625 0.20416666666666666 0.017708333333333333 0.03833333333333333
33 0.5666666666666667 0.19 0.011458333333333333 0.03333333333333333
32 0.6635416666666667 0.19541666666666666 0.010416666666666666 0.029166666666666667
31 0.7888020833333333 0.21166666666666667 0.011979166666666667 0.028333333333333332
0 0.33880208333333334 0.5529166666666666 0.06302083333333333 0.1725
77 0.8864583333333333 0.35041666666666665 0.035416666666666666 0.0825
76 0.8020833333333334 0.28708333333333336 0.028125 0.060833333333333336
75 0.7307291666666667 0.25458333333333333 0.025 0.050833333333333335
74 0.68515625 0.23291666666666666 0.0203125 0.049166666666666664
73 0.7109375 0.22166666666666668 0.016666666666666666 0.03833333333333333
72 0.7677083333333333 0.22458333333333333 0.017708333333333333 0.03916666666666667
71 0.84609375 0.2325 0.015104166666666667 0.035
70 0.9388020833333334 0.25333333333333335 0.013020833333333334 0.02666666666666667
