1 0.17942708333333332 0.8429166666666666 0.11302083333333333 0.2875
37 0.4739583333333333 0.2791666666666667 0.027083333333333334 0.06
36 0.4828125 0.25 0.019791666666666666 0.05
35 0.4703125 0.22958333333333333 0.020833333333333332 0.04583333333333333
34 0.44869791666666664 0.20333333333333334 0.016145833333333335 0.03833333333333333
33 0.5359375 0.19083333333333333 0.011458333333333333 0.03166666666666667
32 0.6260416666666667 0.19166666666666668 0.011458333333333333 0.03
31 0.74375 0.205 0.011458333333333333 0.02666666666666667
78 0.9213541666666667 0.38916666666666666 0.03854166666666667 0.09333333333333334
77 0.8361979166666667 0.3204166666666667 0.03177083333333333 0.07083333333333333
76 0.7609375 0.27125 0.025 0.0575
75 0.69296875 0.24583333333333332 0.0234375 0.04833333333333333
74 0.65078125 0.22541666666666665 0.0203125 0.04083333333333333
73 0.6731770833333334 0.21625 0.0171875 0.0375
72 0.7265625 0.21958333333333332 0.015625 0.0375
71 0.7986979166666667 0.22458333333333333 0.0140625 0.0325
70 0.8854166666666666 0.24125 0.011458333333333333 0.030833333333333334
69 0.9765625 0.25875 0.0125 0.0325
