37 0.46536458333333336 0.31583333333333335 0.033854166666666664 0.07666666666666666
36 0.4984375 0.27291666666666664 0.023958333333333335 0.05583333333333333
35 0.4940104166666667 0.24666666666666667 0.021354166666666667 0.05
34 0.4830729166666667 0.215 0.0171875 0.04
33 0.5903645833333333 0.20041666666666666 0.0140625 0.035833333333333335
32 0.6919270833333333 0.20666666666666667 0.015104166666666667 0.03
31 0.8216145833333334 0.2225 0.011979166666666667 0.03
0 0.23802083333333332 0.6583333333333333 0.08958333333333333 0.21166666666666667
77 0.92578125 0.37916666666666665 0.04010416666666667 0.09
76 0.8333333333333334 0.305 0.029166666666666667 0.06166666666666667
75 0.7578125 0.27166666666666667 0.025 0.051666666666666666
74 0.7111979166666667 0.24375 0.021354166666666667 0.0475
73 0.7401041666666667 0.23375 0.01875 0.0425
72 0.7994791666666666 0.23833333333333334 0.014583333333333334 0.03666666666666667
71 0.8809895833333333 0.24833333333333332 0.016145833333333335 0.03666666666666667
70 0.9778645833333334 0.2675 0.013020833333333334 0.025
