1 0.18489583333333334 0.8329166666666666 0.115625 0.2841666666666667
37 0.4744791666666667 0.27958333333333335 0.026041666666666668 0.059166666666666666
36 0.48151041666666666 0.2475 0.022395833333333334 0.05
35 0.46927083333333336 0.23125 0.017708333333333333 0.04083333333333333
34 0.4473958333333333 0.20291666666666666 0.015625 0.04083333333333333
33 0.5346354166666667 0.18875 0.011979166666666667 0.030833333333333334
32 0.625 0.1925 0.0125 0.03
31 0.7434895833333334 0.20541666666666666 0.0109375 0.024166666666666666
78 0.9192708333333334 0.3883333333333333 0.041666666666666664 0.09
77 0.834375 0.31958333333333333 0.034375 0.0725
76 0.7591145833333334 0.2704166666666667 0.025520833333333333 0.05583333333333333
75 0.6934895833333333 0.245 0.024479166666666666 0.04666666666666667
74 0.6497395833333334 0.225 0.0171875 0.041666666666666664
73 0.6721354166666667 0.21458333333333332 0.019270833333333334 0.0375
72 0.7244791666666667 0.21791666666666668 0.013541666666666667 0.034166666666666665
71 0.79765625 0.225 0.015104166666666667 0.035
70 0.8846354166666667 0.24083333333333334 0.013020833333333334 0.03
69 0.9763020833333333 0.26 0.013020833333333334 0.03166666666666667
