37 0.4747395833333333 0.2841666666666667 0.027604166666666666 0.065
36 0.48723958333333334 0.25166666666666665 0.021354166666666667 0.051666666666666666
35 0.478125 0.23083333333333333 0.019791666666666666 0.045
34 0.45755208333333336 0.20208333333333334 0.015104166666666667 0.03916666666666667
33 0.5494791666666666 0.18916666666666668 0.011458333333333333 0.03
32 0.6421875 0.19125 0.0125 0.0275
31 0.76328125 0.20583333333333334 0.0109375 0.028333333333333332
78 0.95 0.40791666666666665 0.03958333333333333 0.09416666666666666
77 0.8565104166666667 0.33125 0.034895833333333334 0.07416666666666667
76 0.778125 0.27708333333333335 0.026041666666666668 0.0575
75 0.71015625 0.24875 0.025520833333333333 0.050833333333333335
74 0.6653645833333334 0.22791666666666666 0.019270833333333334 0.0475
73 0.690625 0.21708333333333332 0.016666666666666666 0.034166666666666665
72 0.7440104166666667 0.22 0.015104166666666667 0.03333333333333333
71 0.8197916666666667 0.22833333333333333 0.013541666666666667 0.035
70 0.909375 0.245 0.0125 0.028333333333333332
