37 0.4739583333333333 0.28375 0.029166666666666667 0.0675
36 0.4875 0.2529166666666667 0.021875 0.0525
35 0.47942708333333334 0.23041666666666666 0.0203125 0.04583333333333333
34 0.4591145833333333 0.20166666666666666 0.015104166666666667 0.04
33 0.5526041666666667 0.18875 0.0125 0.0325
32 0.6453125 0.1925 0.010416666666666666 0.03
31 0.76640625 0.20541666666666666 0.0109375 0.025833333333333333
78 0.9559895833333333 0.41291666666666665 0.044270833333333336 0.0975
77 0.8598958333333333 0.33125 0.036458333333333336 0.07416666666666667
76 0.78125 0.27625 0.026041666666666668 0.0575
75 0.7125 0.2475 0.023958333333333335 0.04833333333333333
74 0.66875 0.22875 0.019791666666666666 0.0425
73 0.6927083333333334 0.21583333333333332 0.016666666666666666 0.03666666666666667
72 0.7471354166666667 0.21916666666666668 0.016145833333333335 0.03666666666666667
71 0.8231770833333333 0.22791666666666666 0.0140625 0.0325
70 0.9127604166666666 0.24375 0.011979166666666667 0.0275
