37 0.43802083333333336 0.42583333333333334 0.052083333333333336 0.11666666666666667
36 0.5427083333333333 0.34291666666666665 0.03333333333333333 0.0825
35 0.56015625 0.3020833333333333 0.025520833333333333 0.06416666666666666
34 0.5697916666666667 0.25375 0.021875 0.049166666666666664
33 0.71328125 0.24041666666666667 0.015104166666666667 0.0375
32 0.8341145833333333 0.25416666666666665 0.013020833333333334 0.03333333333333333
31 0.9856770833333334 0.2808333333333333 0.015104166666666667 0.03333333333333333
75 0.9088541666666666 0.3475 0.03333333333333333 0.07
74 0.8515625 0.3070833333333333 0.022916666666666665 0.05416666666666667
73 0.8903645833333333 0.29333333333333333 0.019270833333333334 0.04666666666666667
72 0.96171875 0.2991666666666667 0.019270833333333334 0.041666666666666664
