37 0.46640625 0.34375 0.03802083333333333 0.08583333333333333
36 0.5158854166666667 0.2945833333333333 0.027604166666666666 0.059166666666666666
35 0.51640625 0.26458333333333334 0.022395833333333334 0.05583333333333333
34 0.51171875 0.22791666666666666 0.018229166666666668 0.0425
33 0.6283854166666667 0.21416666666666667 0.015104166666666667 0.03666666666666667
32 0.7359375 0.22125 0.013541666666666667 0.034166666666666665
31 0.8723958333333334 0.24166666666666667 0.0125 0.03166666666666667
0 0.05078125 0.85375 0.09635416666666667 0.2758333333333333
76 0.8861979166666667 0.3375 0.033854166666666664 0.07166666666666667
75 0.80390625 0.29375 0.027604166666666666 0.0575
74 0.7546875 0.2654166666666667 0.020833333333333332 0.049166666666666664
73 0.78515625 0.2525 0.0203125 0.04
72 0.8494791666666667 0.2579166666666667 0.017708333333333333 0.04083333333333333
71 0.93515625 0.27125 0.016145833333333335 0.0375
