1 0.1890625 0.8325 0.109375 0.285
37 0.4734375 0.27791666666666665 0.027083333333333334 0.060833333333333336
36 0.48203125 0.24875 0.019270833333333334 0.050833333333333335
35 0.46953125 0.23041666666666666 0.0171875 0.04416666666666667
34 0.4479166666666667 0.2025 0.015625 0.04
33 0.5341145833333333 0.18875 0.0109375 0.030833333333333334
32 0.6239583333333333 0.19166666666666668 0.011458333333333333 0.03
31 0.7421875 0.20291666666666666 0.011458333333333333 0.029166666666666667
78 0.9197916666666667 0.3875 0.03958333333333333 0.09
77 0.83203125 0.31833333333333336 0.033854166666666664 0.07166666666666667
76 0.75859375 0.26958333333333334 0.025520833333333333 0.0575
75 0.6916666666666667 0.245 0.022916666666666665 0.04666666666666667
74 0.64921875 0.225 0.018229166666666668 0.041666666666666664
73 0.6705729166666666 0.215 0.019270833333333334 0.03666666666666667
72 0.7234375 0.2175 0.015625 0.035
71 0.7971354166666667 0.22541666666666665 0.0140625 0.034166666666666665
70 0.8838541666666667 0.24041666666666667 0.0125 0.029166666666666667
69 0.97421875 0.2579166666666667 0.0140625 0.034166666666666665
