37 0.46796875 0.2916666666666667 0.030729166666666665 0.07
36 0.4908854166666667 0.25583333333333336 0.021354166666666667 0.05333333333333334
35 0.4825520833333333 0.23458333333333334 0.024479166666666666 0.049166666666666664
34 0.46536458333333336 0.20333333333333334 0.0171875 0.043333333333333335
33 0.56328125 0.18875 0.013020833333333334 0.0325
32 0.6609375 0.19291666666666665 0.0125 0.030833333333333334
31 0.7848958333333333 0.20791666666666667 0.0125 0.030833333333333334
0 0.3541666666666667 0.5395833333333333 0.05625 0.1625
78 0.9794270833333333 0.43833333333333335 0.03802083333333333 0.10833333333333334
77 0.8807291666666667 0.34458333333333335 0.03958333333333333 0.08416666666666667
76 0.79921875 0.2825 0.0265625 0.06166666666666667
75 0.7278645833333334 0.2520833333333333 0.0265625 0.0525
74 0.6822916666666666 0.23041666666666666 0.021875 0.04583333333333333
73 0.7080729166666667 0.2175 0.0171875 0.04
72 0.7645833333333333 0.22208333333333333 0.016666666666666666 0.03916666666666667
71 0.8427083333333333 0.23208333333333334 0.015625 0.035833333333333335
70 0.93515625 0.2504166666666667 0.011979166666666667 0.0275
