37 0.46640625 0.32166666666666666 0.033854166666666664 0.07666666666666666
36 0.5013020833333334 0.27791666666666665 0.024479166666666666 0.05583333333333333
35 0.4973958333333333 0.24958333333333332 0.021875 0.049166666666666664
34 0.48776041666666664 0.21666666666666667 0.016145833333333335 0.041666666666666664
33 0.596875 0.20333333333333334 0.014583333333333334 0.03666666666666667
32 0.6997395833333333 0.20916666666666667 0.013020833333333334 0.03166666666666667
31 0.8307291666666666 0.22583333333333333 0.0125 0.028333333333333332
0 0.21145833333333333 0.6820833333333334 0.09375 0.2175
77 0.9361979166666666 0.38708333333333333 0.0421875 0.08916666666666667
76 0.8419270833333333 0.3104166666666667 0.030729166666666665 0.06416666666666666
75 0.76484375 0.27458333333333335 0.0265625 0.05416666666666667
74 0.7177083333333333 0.24708333333333332 0.019791666666666666 0.0475
73 0.7479166666666667 0.23625 0.017708333333333333 0.0425
72 0.8075520833333333 0.24041666666666667 0.0140625 0.0375
71 0.8893229166666666 0.2504166666666667 0.016145833333333335 0.035833333333333335
70 0.9872395833333333 0.27125 0.015104166666666667 0.029166666666666667
