1 0.18854166666666666 0.83 0.1125 0.285
37 0.47291666666666665 0.2783333333333333 0.026041666666666668 0.06166666666666667
36 0.48125 0.24916666666666668 0.021875 0.051666666666666666
35 0.46875 0.23 0.019791666666666666 0.045
34 0.44765625 0.20208333333333334 0.016145833333333335 0.03916666666666667
33 0.53359375 0.18875 0.011979166666666667 0.0325
32 0.6244791666666667 0.19166666666666668 0.011458333333333333 0.03
31 0.7421875 0.20541666666666666 0.011458333333333333 0.025833333333333333
78 0.91875 0.3858333333333333 0.040625 0.08666666666666667
77 0.83359375 0.31916666666666665 0.0328125 0.07333333333333333
76 0.7580729166666667 0.2704166666666667 0.025520833333333333 0.05583333333333333
75 0.6919270833333333 0.24208333333333334 0.0234375 0.04583333333333333
74 0.64921875 0.22541666666666665 0.019270833333333334 0.04416666666666667
73 0.6723958333333333 0.215 0.017708333333333333 0.03666666666666667
72 0.7236979166666667 0.2175 0.016145833333333335 0.035
71 0.7971354166666667 0.225 0.015104166666666667 0.03333333333333333
70 0.88359375 0.24083333333333334 0.013020833333333334 0.028333333333333332
69 0.9755208333333333 0.25875 0.0125 0.0325
