37 0.46458333333333335 0.3729166666666667 0.042708333333333334 0.09583333333333334
36 0.5302083333333333 0.31083333333333335 0.030208333333333334 0.07
35 0.5380208333333333 0.2816666666666667 0.023958333333333335 0.056666666666666664
34 0.5377604166666666 0.23666666666666666 0.021354166666666667 0.04833333333333333
33 0.66484375 0.22666666666666666 0.0140625 0.03666666666666667
32 0.7770833333333333 0.23541666666666666 0.013541666666666667 0.034166666666666665
31 0.9200520833333333 0.25833333333333336 0.013020833333333334 0.028333333333333332
76 0.9369791666666667 0.3670833333333333 0.036458333333333336 0.0775
75 0.8471354166666667 0.3154166666666667 0.030729166666666665 0.060833333333333336
74 0.7953125 0.2825 0.022916666666666665 0.051666666666666666
73 0.8299479166666667 0.2679166666666667 0.021354166666666667 0.04583333333333333
72 0.89609375 0.275 0.0171875 0.04
71 0.9859375 0.28875 0.01875 0.04083333333333333
