37 0.4666666666666667 0.34708333333333335 0.03854166666666667 0.08916666666666667
36 0.5184895833333333 0.2975 0.0265625 0.06166666666666667
35 0.5203125 0.26666666666666666 0.025 0.05333333333333334
34 0.5166666666666667 0.22791666666666666 0.01875 0.0425
33 0.6354166666666666 0.21708333333333332 0.014583333333333334 0.03916666666666667
32 0.7434895833333334 0.22291666666666668 0.0140625 0.035833333333333335
31 0.88046875 0.24416666666666667 0.013020833333333334 0.03333333333333333
76 0.8947916666666667 0.34291666666666665 0.034375 0.07416666666666667
75 0.8109375 0.29875 0.027083333333333334 0.0575
74 0.76171875 0.2679166666666667 0.021354166666666667 0.050833333333333335
73 0.79375 0.25583333333333336 0.01875 0.043333333333333335
72 0.8578125 0.26208333333333333 0.017708333333333333 0.03916666666666667
71 0.9447916666666667 0.27458333333333335 0.016666666666666666 0.03916666666666667
