1 0.1875 0.8333333333333334 0.11145833333333334 0.285
37 0.4739583333333333 0.2783333333333333 0.026041666666666668 0.06
36 0.4825520833333333 0.24875 0.0203125 0.0525
35 0.46953125 0.23083333333333333 0.016145833333333335 0.03833333333333333
34 0.4479166666666667 0.20375 0.017708333333333333 0.03916666666666667
33 0.5346354166666667 0.18958333333333333 0.011979166666666667 0.030833333333333334
32 0.62421875 0.19208333333333333 0.0109375 0.029166666666666667
31 0.74296875 0.20333333333333334 0.009895833333333333 0.023333333333333334
78 0.9205729166666666 0.3875 0.0390625 0.09
77 0.8333333333333334 0.32 0.03333333333333333 0.06833333333333333
76 0.7591145833333334 0.26958333333333334 0.025520833333333333 0.05583333333333333
75 0.69140625 0.24333333333333335 0.0234375 0.04833333333333333
74 0.64921875 0.22625 0.018229166666666668 0.0425
73 0.6716145833333333 0.215 0.019270833333333334 0.03833333333333333
72 0.7244791666666667 0.21708333333333332 0.015625 0.035833333333333335
71 0.7966145833333333 0.22541666666666665 0.0140625 0.034166666666666665
70 0.8841145833333334 0.24 0.011979166666666667 0.02666666666666667
69 0.975 0.2579166666666667 0.013541666666666667 0.0325
