1 0.18359375 0.83625 0.11302083333333333 0.28583333333333333
37 0.47369791666666666 0.2791666666666667 0.027604166666666666 0.058333333333333334
36 0.4817708333333333 0.2504166666666667 0.019791666666666666 0.050833333333333335
35 0.46953125 0.23 0.018229166666666668 0.045
34 0.44765625 0.20333333333333334 0.016145833333333335 0.03833333333333333
33 0.5346354166666667 0.18916666666666668 0.011979166666666667 0.03166666666666667
32 0.6247395833333333 0.19125 0.013020833333333334 0.0275
31 0.7434895833333334 0.20541666666666666 0.0109375 0.024166666666666666
78 0.91953125 0.38708333333333333 0.0421875 0.08916666666666667
77 0.8348958333333333 0.31958333333333333 0.03229166666666667 0.06916666666666667
76 0.7596354166666667 0.27 0.0265625 0.055
75 0.6934895833333333 0.24583333333333332 0.0234375 0.045
74 0.6494791666666667 0.22541666666666665 0.017708333333333333 0.04083333333333333
73 0.67265625 0.21666666666666667 0.016145833333333335 0.035
72 0.7244791666666667 0.21916666666666668 0.015625 0.03833333333333333
71 0.79765625 0.225 0.0140625 0.035
70 0.8846354166666667 0.24083333333333334 0.011979166666666667 0.03
70 0.8846354166666667 0.24 0.0109375 0.02666666666666667
69 0.9755208333333333 0.25916666666666666 0.014583333333333334 0.03333333333333333
