37 0.4669270833333333 0.3283333333333333 0.0359375 0.07833333333333334
36 0.5075520833333333 0.285 0.024479166666666666 0.055
35 0.5049479166666667 0.25583333333333336 0.021354166666666667 0.05333333333333334
34 0.49921875 0.22125 0.018229166666666668 0.0425
33 0.61015625 0.20708333333333334 0.0140625 0.035833333333333335
32 0.7145833333333333 0.21291666666666667 0.014583333333333334 0.0325
31 0.8471354166666667 0.23333333333333334 0.013020833333333334 0.03
0 0.15260416666666668 0.74875 0.1 0.2525
77 0.9588541666666667 0.4041666666666667 0.04583333333333333 0.09166666666666666
76 0.86015625 0.32166666666666666 0.030729166666666665 0.06833333333333333
75 0.78125 0.28208333333333335 0.027083333333333334 0.05416666666666667
74 0.73359375 0.25458333333333333 0.0203125 0.0475
73 0.7622395833333333 0.24166666666666667 0.0171875 0.03833333333333333
72 0.8260416666666667 0.24875 0.016666666666666666 0.03916666666666667
71 0.9080729166666667 0.25875 0.016145833333333335 0.034166666666666665
