37 0.4552083333333333 0.4 0.04583333333333333 0.10833333333333334
36 0.5393229166666667 0.32875 0.0328125 0.0775
35 0.5533854166666666 0.29125 0.0234375 0.06416666666666666
34 0.5572916666666666 0.24666666666666667 0.01875 0.04666666666666667
33 0.69375 0.23458333333333334 0.014583333333333334 0.04083333333333333
32 0.8109375 0.24541666666666667 0.013541666666666667 0.035833333333333335
31 0.9583333333333334 0.2725 0.014583333333333334 0.03333333333333333
76 0.9796875 0.3954166666666667 0.0375 0.08583333333333333
75 0.8828125 0.33375 0.030208333333333334 0.06416666666666666
74 0.82734375 0.29541666666666666 0.0234375 0.05583333333333333
73 0.86484375 0.2825 0.019270833333333334 0.043333333333333335
72 0.9338541666666667 0.28791666666666665 0.017708333333333333 0.0425
