37 0.46536458333333336 0.30833333333333335 0.0359375 0.07333333333333333
36 0.49557291666666664 0.27166666666666667 0.024479166666666666 0.05333333333333334
35 0.4903645833333333 0.24375 0.022395833333333334 0.0525
34 0.4778645833333333 0.21 0.016145833333333335 0.041666666666666664
33 0.5833333333333334 0.19791666666666666 0.014583333333333334 0.034166666666666665
32 0.6838541666666667 0.2025 0.013541666666666667 0.03333333333333333
31 0.8127604166666667 0.2175 0.013020833333333334 0.03
0 0.2625 0.6316666666666667 0.084375 0.20666666666666667
77 0.91484375 0.37125 0.04010416666666667 0.08583333333333333
76 0.8255208333333334 0.3016666666666667 0.030208333333333334 0.06666666666666667
75 0.7502604166666667 0.2654166666666667 0.025520833333333333 0.050833333333333335
74 0.70390625 0.24083333333333334 0.0234375 0.045
73 0.7325520833333333 0.23 0.018229166666666668 0.03833333333333333
72 0.790625 0.23375 0.016666666666666666 0.0375
71 0.87265625 0.24458333333333335 0.016145833333333335 0.035833333333333335
70 0.9690104166666667 0.2625 0.0140625 0.03
