37 0.4739583333333333 0.2825 0.028125 0.06166666666666667
36 0.48776041666666664 0.2525 0.019270833333333334 0.051666666666666666
35 0.47604166666666664 0.23166666666666666 0.019791666666666666 0.04666666666666667
34 0.4549479166666667 0.20333333333333334 0.015104166666666667 0.03666666666666667
33 0.5442708333333334 0.19083333333333333 0.0125 0.03333333333333333
32 0.6375 0.19416666666666665 0.010416666666666666 0.028333333333333332
31 0.75703125 0.20625 0.009895833333333333 0.025833333333333333
78 0.9395833333333333 0.40041666666666664 0.034375 0.09583333333333334
77 0.84921875 0.32708333333333334 0.033854166666666664 0.06916666666666667
76 0.77265625 0.27625 0.024479166666666666 0.0575
75 0.7052083333333333 0.2475 0.023958333333333335 0.04833333333333333
74 0.6609375 0.22875 0.01875 0.04083333333333333
73 0.684375 0.21833333333333332 0.015625 0.03666666666666667
72 0.7385416666666667 0.22083333333333333 0.016666666666666666 0.035
71 0.8122395833333333 0.22666666666666666 0.0140625 0.03166666666666667
70 0.90078125 0.24458333333333335 0.013020833333333334 0.029166666666666667
69 0.9916666666666667 0.26166666666666666 0.013541666666666667 0.03333333333333333
