37 0.47109375 0.28875 0.0296875 0.0675
36 0.48984375 0.2525 0.021354166666666667 0.05333333333333334
35 0.4825520833333333 0.23 0.019270833333333334 0.051666666666666666
34 0.46432291666666664 0.20208333333333334 0.0171875 0.04083333333333333
33 0.5611979166666666 0.18833333333333332 0.011979166666666667 0.03166666666666667
32 0.6572916666666667 0.19208333333333333 0.0125 0.030833333333333334
31 0.78046875 0.20583333333333334 0.011979166666666667 0.03166666666666667
0 0.36875 0.52875 0.052083333333333336 0.16083333333333333
78 0.9763020833333333 0.43083333333333335 0.0453125 0.10166666666666667
77 0.8760416666666667 0.34041666666666665 0.0375 0.07916666666666666
76 0.7953125 0.28208333333333335 0.026041666666666668 0.059166666666666666
75 0.725 0.2504166666666667 0.023958333333333335 0.049166666666666664
74 0.6796875 0.22958333333333333 0.019791666666666666 0.04416666666666667
73 0.7057291666666666 0.21625 0.016666666666666666 0.0375
72 0.7606770833333333 0.22333333333333333 0.0171875 0.03666666666666667
71 0.8385416666666666 0.22958333333333333 0.015625 0.035833333333333335
70 0.9302083333333333 0.24916666666666668 0.0125 0.028333333333333332
