37 0.46145833333333336 0.3854166666666667 0.04479166666666667 0.09916666666666667
36 0.5354166666666667 0.32083333333333336 0.03229166666666667 0.07166666666666667
35 0.5419270833333333 0.2841666666666667 0.0296875 0.06333333333333334
34 0.5466145833333333 0.24458333333333335 0.022395833333333334 0.04416666666666667
33 0.67734375 0.23041666666666666 0.015104166666666667 0.0375
32 0.790625 0.24083333333333334 0.014583333333333334 0.03
31 0.9354166666666667 0.2633333333333333 0.013541666666666667 0.03166666666666667
76 0.95546875 0.37958333333333333 0.03802083333333333 0.08083333333333333
75 0.8625 0.3225 0.030208333333333334 0.06666666666666667
74 0.8088541666666667 0.29 0.022916666666666665 0.05333333333333334
73 0.8434895833333333 0.27458333333333335 0.0203125 0.04416666666666667
72 0.9119791666666667 0.28208333333333335 0.01875 0.03916666666666667
