1 0.15911458333333334 0.8579166666666667 0.11927083333333334 0.2775
37 0.4744791666666667 0.28208333333333335 0.027083333333333334 0.060833333333333336
36 0.48489583333333336 0.2504166666666667 0.019791666666666666 0.050833333333333335
35 0.4700520833333333 0.23166666666666666 0.021354166666666667 0.04666666666666667
34 0.45026041666666666 0.20333333333333334 0.015104166666666667 0.03833333333333333
33 0.5375 0.19 0.0125 0.03
32 0.628125 0.19291666666666665 0.011458333333333333 0.030833333333333334
31 0.7466145833333333 0.20583333333333334 0.0109375 0.02666666666666667
78 0.9260416666666667 0.3925 0.03958333333333333 0.08833333333333333
77 0.8395833333333333 0.32208333333333333 0.034375 0.07083333333333333
76 0.7640625 0.2725 0.023958333333333335 0.056666666666666664
75 0.6973958333333333 0.24541666666666667 0.022916666666666665 0.04583333333333333
74 0.6528645833333333 0.22833333333333333 0.0203125 0.043333333333333335
73 0.675 0.21708333333333332 0.016666666666666666 0.035833333333333335
72 0.72734375 0.21875 0.0171875 0.035833333333333335
71 0.8018229166666667 0.22583333333333333 0.015104166666666667 0.03166666666666667
70 0.8893229166666666 0.24125 0.011979166666666667 0.0275
69 0.9817708333333334 0.2608333333333333 0.014583333333333334 0.03333333333333333
