37 0.46197916666666666 0.38208333333333333 0.042708333333333334 0.1025
36 0.53359375 0.3175 0.030729166666666665 0.07
35 0.5421875 0.2841666666666667 0.025 0.06333333333333334
34 0.5440104166666667 0.24125 0.021354166666666667 0.04416666666666667
33 0.6744791666666666 0.22916666666666666 0.013541666666666667 0.03666666666666667
32 0.7872395833333333 0.23916666666666667 0.0140625 0.03166666666666667
31 0.93125 0.2629166666666667 0.013541666666666667 0.030833333333333334
76 0.95 0.37375 0.0375 0.07916666666666666
75 0.8578125 0.31875 0.030208333333333334 0.0625
74 0.8044270833333333 0.28583333333333333 0.022395833333333334 0.05333333333333334
73 0.8401041666666667 0.27166666666666667 0.01875 0.045
72 0.9072916666666667 0.27875 0.017708333333333333 0.0425
