1 0.18020833333333333 0.8420833333333333 0.1125 0.29083333333333333
37 0.4744791666666667 0.28041666666666665 0.027083333333333334 0.0575
36 0.4828125 0.24875 0.01875 0.0525
35 0.46979166666666666 0.23166666666666666 0.01875 0.041666666666666664
34 0.4484375 0.20333333333333334 0.015625 0.03833333333333333
33 0.53515625 0.19041666666666668 0.0109375 0.0325
32 0.62578125 0.19208333333333333 0.0109375 0.030833333333333334
31 0.7442708333333333 0.20416666666666666 0.010416666666666666 0.03
78 0.9213541666666667 0.38708333333333333 0.03958333333333333 0.08916666666666667
77 0.8356770833333333 0.31958333333333333 0.030729166666666665 0.06916666666666667
76 0.7604166666666666 0.2704166666666667 0.023958333333333335 0.05583333333333333
75 0.6942708333333333 0.24583333333333332 0.021875 0.04833333333333333
74 0.6502604166666667 0.22666666666666666 0.0203125 0.045
73 0.67265625 0.21458333333333332 0.0171875 0.03916666666666667
72 0.7252604166666666 0.21958333333333332 0.016145833333333335 0.0375
71 0.7986979166666667 0.22541666666666665 0.0140625 0.030833333333333334
70 0.8856770833333333 0.24041666666666667 0.011979166666666667 0.029166666666666667
69 0.9763020833333333 0.26125 0.013020833333333334 0.0325
