37 0.4427083333333333 0.4170833333333333 0.04895833333333333 0.1125
36 0.5424479166666667 0.3358333333333333 0.033854166666666664 0.08166666666666667
35 0.559375 0.2975 0.025 0.065
34 0.5677083333333334 0.2475 0.021875 0.04833333333333333
33 0.7083333333333334 0.23708333333333334 0.017708333333333333 0.03916666666666667
32 0.8296875 0.25 0.0125 0.03333333333333333
31 0.9791666666666666 0.27666666666666667 0.014583333333333334 0.035
75 0.9018229166666667 0.34208333333333335 0.033854166666666664 0.0675
74 0.8466145833333333 0.3020833333333333 0.0234375 0.05583333333333333
73 0.8830729166666667 0.28583333333333333 0.0203125 0.04666666666666667
72 0.9549479166666667 0.29583333333333334 0.018229166666666668 0.043333333333333335
