37 0.4127604166666667 0.45916666666666667 0.05364583333333333 0.12833333333333333
36 0.5403645833333334 0.36083333333333334 0.03697916666666667 0.09
35 0.56484375 0.3145833333333333 0.028645833333333332 0.07083333333333333
34 0.5799479166666667 0.26125 0.022395833333333334 0.0525
33 0.7309895833333333 0.2504166666666667 0.016145833333333335 0.04083333333333333
32 0.8559895833333333 0.2629166666666667 0.013020833333333334 0.034166666666666665
75 0.93515625 0.3641666666666667 0.033854166666666664 0.07333333333333333
74 0.8736979166666666 0.31875 0.024479166666666666 0.05583333333333333
73 0.9143229166666667 0.30375 0.021354166666666667 0.0525
72 0.9880208333333333 0.31166666666666665 0.019791666666666666 0.045
