37 0.4669270833333333 0.35541666666666666 0.0390625 0.09083333333333334
36 0.5231770833333333 0.3025 0.0265625 0.065
35 0.5268229166666667 0.2725 0.022395833333333334 0.056666666666666664
34 0.52421875 0.23166666666666666 0.0203125 0.043333333333333335
33 0.6447916666666667 0.21958333333333332 0.014583333333333334 0.0375
32 0.7549479166666667 0.22833333333333333 0.0140625 0.03333333333333333
31 0.89375 0.25083333333333335 0.0125 0.03166666666666667
76 0.90859375 0.35 0.033854166666666664 0.07333333333333333
75 0.8216145833333334 0.30375 0.0265625 0.059166666666666666
74 0.771875 0.27125 0.019791666666666666 0.050833333333333335
73 0.80546875 0.26 0.018229166666666668 0.045
72 0.8697916666666666 0.2658333333333333 0.017708333333333333 0.04
71 0.9580729166666667 0.2783333333333333 0.0171875 0.03833333333333333
