37 0.46953125 0.2920833333333333 0.0296875 0.07083333333333333
36 0.4903645833333333 0.25458333333333333 0.022395833333333334 0.05583333333333333
35 0.48151041666666666 0.23166666666666666 0.021354166666666667 0.05
34 0.46510416666666665 0.2025 0.016666666666666666 0.041666666666666664
33 0.5627604166666667 0.18875 0.011979166666666667 0.0325
32 0.6588541666666666 0.19208333333333333 0.011458333333333333 0.029166666666666667
31 0.78359375 0.20708333333333334 0.011979166666666667 0.029166666666666667
0 0.3580729166666667 0.53375 0.0609375 0.16583333333333333
78 0.9760416666666667 0.435 0.04479166666666667 0.105
77 0.8802083333333334 0.345 0.036458333333333336 0.07833333333333334
76 0.7966145833333333 0.2825 0.028645833333333332 0.06
75 0.7268229166666667 0.2520833333333333 0.0265625 0.050833333333333335
74 0.6799479166666667 0.22958333333333333 0.018229166666666668 0.04416666666666667
73 0.7072916666666667 0.21875 0.016666666666666666 0.03916666666666667
72 0.7627604166666667 0.22166666666666668 0.0171875 0.03833333333333333
71 0.8403645833333333 0.23 0.015104166666666667 0.03666666666666667
70 0.9328125 0.25 0.013541666666666667 0.02666666666666667
