37 0.4744791666666667 0.2833333333333333 0.027083333333333334 0.06666666666666667
36 0.4869791666666667 0.2525 0.020833333333333332 0.05333333333333334
35 0.47630208333333335 0.23083333333333333 0.019270833333333334 0.045
34 0.4557291666666667 0.20416666666666666 0.015625 0.03666666666666667
33 0.5455729166666666 0.18916666666666668 0.011979166666666667 0.03166666666666667
32 0.6377604166666667 0.1925 0.011979166666666667 0.03
31 0.7572916666666667 0.20583333333333334 0.009375 0.02666666666666667
78 0.9393229166666667 0.40208333333333335 0.0390625 0.0925
77 0.8510416666666667 0.32958333333333334 0.03333333333333333 0.0725
76 0.7736979166666667 0.275 0.025520833333333333 0.058333333333333334
75 0.7057291666666666 0.24708333333333332 0.023958333333333335 0.0475
74 0.6609375 0.22666666666666666 0.017708333333333333 0.043333333333333335
73 0.68515625 0.21708333333333332 0.0171875 0.034166666666666665
72 0.7393229166666667 0.21958333333333332 0.015104166666666667 0.0375
71 0.8135416666666667 0.2275 0.015625 0.03333333333333333
70 0.9018229166666667 0.24333333333333335 0.013020833333333334 0.02666666666666667
