1 0.18307291666666667 0.8379166666666666 0.1109375 0.2875
37 0.4734375 0.27958333333333335 0.028125 0.059166666666666666
36 0.48203125 0.2475 0.0203125 0.05
35 0.46979166666666666 0.23041666666666666 0.020833333333333332 0.04416666666666667
34 0.4484375 0.2025 0.016666666666666666 0.04
33 0.5356770833333333 0.18958333333333333 0.011979166666666667 0.030833333333333334
32 0.6255208333333333 0.1925 0.010416666666666666 0.028333333333333332
31 0.7434895833333334 0.20416666666666666 0.0109375 0.028333333333333332
78 0.9216145833333333 0.3883333333333333 0.04114583333333333 0.09
77 0.8348958333333333 0.31958333333333333 0.03229166666666667 0.0675
76 0.7598958333333333 0.27166666666666667 0.023958333333333335 0.05333333333333334
75 0.69296875 0.24583333333333332 0.024479166666666666 0.04833333333333333
74 0.6505208333333333 0.22583333333333333 0.01875 0.043333333333333335
73 0.671875 0.21458333333333332 0.017708333333333333 0.0375
72 0.7247395833333333 0.21833333333333332 0.015104166666666667 0.03666666666666667
71 0.7979166666666667 0.22458333333333333 0.014583333333333334 0.0325
70 0.8854166666666666 0.24083333333333334 0.011458333333333333 0.028333333333333332
69 0.97578125 0.2579166666666667 0.013020833333333334 0.0325
