37 0.465625 0.3641666666666667 0.041666666666666664 0.09
36 0.52734375 0.30666666666666664 0.027604166666666666 0.07
35 0.5328125 0.275 0.023958333333333335 0.055
34 0.5322916666666667 0.23583333333333334 0.020833333333333332 0.043333333333333335
33 0.6572916666666667 0.22291666666666668 0.013541666666666667 0.035833333333333335
32 0.7661458333333333 0.23166666666666666 0.015625 0.03333333333333333
31 0.9088541666666666 0.25458333333333333 0.014583333333333334 0.0325
76 0.92578125 0.36083333333333334 0.034895833333333334 0.07666666666666666
75 0.8369791666666667 0.30916666666666665 0.027083333333333334 0.06
74 0.78515625 0.2775 0.021354166666666667 0.055
73 0.8190104166666666 0.2658333333333333 0.0203125 0.041666666666666664
72 0.8864583333333333 0.27125 0.017708333333333333 0.03916666666666667
71 0.9744791666666667 0.2841666666666667 0.016666666666666666 0.04
