37 0.4515625 0.4025 0.046875 0.105
36 0.5403645833333334 0.32958333333333334 0.0328125 0.0775
35 0.5544270833333333 0.29333333333333333 0.024479166666666666 0.06166666666666667
34 0.5606770833333333 0.2475 0.021354166666666667 0.04833333333333333
33 0.6979166666666666 0.23375 0.015625 0.03916666666666667
32 0.8166666666666667 0.24708333333333332 0.014583333333333334 0.035833333333333335
31 0.96484375 0.27208333333333334 0.013020833333333334 0.029166666666666667
75 0.8888020833333333 0.33458333333333334 0.0328125 0.06583333333333333
74 0.8338541666666667 0.29875 0.022916666666666665 0.05583333333333333
73 0.8700520833333333 0.28375 0.021354166666666667 0.0475
72 0.9401041666666666 0.29125 0.019791666666666666 0.04083333333333333
