37 0.46432291666666664 0.3070833333333333 0.03177083333333333 0.0725
36 0.4921875 0.26625 0.022916666666666665 0.05583333333333333
35 0.48776041666666664 0.24125 0.0203125 0.050833333333333335
34 0.47239583333333335 0.20958333333333334 0.017708333333333333 0.0425
33 0.5765625 0.19666666666666666 0.013541666666666667 0.03166666666666667
32 0.6747395833333333 0.20125 0.0109375 0.0325
31 0.8046875 0.21541666666666667 0.013541666666666667 0.029166666666666667
0 0.290625 0.6025 0.07916666666666666 0.18833333333333332
77 0.90390625 0.36375 0.0390625 0.08583333333333333
76 0.8153645833333333 0.29541666666666666 0.0296875 0.06416666666666666
75 0.740625 0.26208333333333333 0.025 0.050833333333333335
74 0.69609375 0.2375 0.021354166666666667 0.045
73 0.7239583333333334 0.2275 0.017708333333333333 0.04
72 0.7817708333333333 0.22958333333333333 0.01875 0.03916666666666667
71 0.8619791666666666 0.23958333333333334 0.016666666666666666 0.034166666666666665
70 0.9559895833333333 0.25958333333333333 0.013020833333333334 0.029166666666666667
