37 0.4674479166666667 0.3466666666666667 0.03802083333333333 0.08833333333333333
36 0.5174479166666667 0.29541666666666666 0.025520833333333333 0.0575
35 0.51796875 0.265 0.0234375 0.055
34 0.5140625 0.22666666666666666 0.017708333333333333 0.043333333333333335
33 0.63203125 0.21541666666666667 0.0140625 0.035833333333333335
32 0.7408854166666666 0.2225 0.0140625 0.035
31 0.8760416666666667 0.24541666666666667 0.0125 0.029166666666666667
76 0.8893229166666666 0.34 0.0328125 0.07666666666666666
75 0.8065104166666667 0.29541666666666666 0.025520833333333333 0.05583333333333333
74 0.75703125 0.2658333333333333 0.0203125 0.04833333333333333
73 0.790625 0.255 0.01875 0.041666666666666664
72 0.8533854166666667 0.2608333333333333 0.018229166666666668 0.041666666666666664
71 0.93984375 0.27291666666666664 0.0171875 0.03916666666666667
