1 0.17526041666666667 0.8470833333333333 0.1140625 0.2891666666666667
37 0.47421875 0.28 0.0265625 0.056666666666666664
36 0.48333333333333334 0.25 0.020833333333333332 0.05
35 0.47109375 0.23166666666666666 0.019270833333333334 0.04833333333333333
34 0.44895833333333335 0.20416666666666666 0.015625 0.03833333333333333
33 0.5359375 0.18958333333333333 0.011458333333333333 0.030833333333333334
32 0.6268229166666667 0.19291666666666665 0.011979166666666667 0.030833333333333334
31 0.7450520833333333 0.20583333333333334 0.0109375 0.02666666666666667
78 0.9231770833333334 0.38916666666666666 0.0390625 0.08833333333333333
77 0.8364583333333333 0.32125 0.034375 0.07083333333333333
76 0.76171875 0.27 0.025520833333333333 0.056666666666666664
75 0.6942708333333333 0.24625 0.023958333333333335 0.049166666666666664
74 0.65234375 0.22666666666666666 0.019270833333333334 0.043333333333333335
73 0.6739583333333333 0.21708333333333332 0.017708333333333333 0.03916666666666667
72 0.7276041666666667 0.21791666666666668 0.016666666666666666 0.0375
71 0.7997395833333333 0.22625 0.0140625 0.0325
70 0.8869791666666667 0.24208333333333334 0.011458333333333333 0.025833333333333333
69 0.97734375 0.2604166666666667 0.0140625 0.035833333333333335
